7.733576360581083664e-01
-6.103763378955189730e-20
-6.103751470006007951e-20
3.292238271617042961e-21
-3.101980649095541942e+00
1.792429038976003586e+00
9.429975885332070838e-04
-1.184183924579053970e+00
2.908272000634775090e+00
3.252724840793890022e-20
-2.861920241176857616e+00
1.467781536983588930e+00
7.733576360581083664e-01
-6.103763378955189730e-20
-6.103751470006007951e-20
3.612246771697213142e-20
-2.783207622745584864e+00
1.544621134195527157e+00
-1.123153146418770731e+00
-1.132928049950905555e-25
-1.217715403469429946e-19
1.404846823717382080e-20
5.490746469695939602e-01
2.015200274779998413e+00
-1.123153146418770953e+00
-2.168404831929136242e-19
-2.168404344971008868e-19
-5.205906068330215761e-19
1.844457836298191156e-01
1.745575672295554659e+00
-1.123153146418770731e+00
-1.132928049950905555e-25
-1.217715403469429946e-19
5.286597875171732457e-20
2.707484190079585407e-01
1.657169347241610691e+00
