1.605715627462719619e-01
-9.948171707407113195e-20
-9.948174821274614274e-20
1.774029948482111930e-20
-2.708939041704438999e+00
2.829344625201053010e+00
2.005366486692185105e-04
-2.518270232555083199e-01
3.129890625707954843e+00
5.554046470012776376e-20
-2.699278547942985274e+00
2.425696666132405088e+00
1.605715627462719619e-01
-9.948171707407113195e-20
-9.948174821274614274e-20
6.555981296837187226e-20
-2.590693581147931024e+00
2.443283734851124933e+00
-1.492301383353615840e+00
8.476260684617985785e-25
-1.617944656880158198e-19
5.510584486155791782e-20
1.169723005242543135e+00
2.341411091743614836e+00
-1.492301383353616062e+00
-4.336808160745920159e-19
-2.168404344971008868e-19
-1.929325907675971172e-20
5.673585975365362799e-01
2.326994723539518084e+00
-1.492301383353615840e+00
8.476260684617985785e-25
-1.617944656880158198e-19
7.423697873705683503e-20
5.936038045146168063e-01
2.164953227379852407e+00
