6.089688573549972839e-01
-7.203593670643900775e-20
-7.203583766154781867e-20
5.754729801556529988e-21
-3.014782766832708738e+00
2.083634219817468658e+00
7.496607731968707618e-04
-9.413982043552585610e-01
2.995634980233869982e+00
3.877455788615654160e-20
-2.831087080116866161e+00
1.724077694800893568e+00
6.089688573549972839e-01
-7.203593670643900775e-20
-7.203583766154781867e-20
4.387867068617518163e-20
-2.740860868210112766e+00
1.787000112784928874e+00
-1.233112195718511828e+00
1.012964207247350020e-26
-1.336935777257253905e-19
2.218379066595719012e-20
7.119226370436789741e-01
2.150156229700129096e+00
-1.233112195718512050e+00
-2.168402709424810071e-19
-2.168404344971008868e-19
-5.603368974252800409e-19
2.685491009955721653e-01
1.923638838109936300e+00
-1.233112195718511828e+00
1.012964207247350020e-26
-1.336935777257253905e-19
5.880538630543817795e-20
3.461395019957838048e-01
1.812379795834235807e+00
