8.603823693610458401e-01
-5.500613532587608439e-20
-5.500603192839884510e-20
2.329657073872582096e-21
-3.142130535689481974e+00
1.635124850172118727e+00
1.042854192708917143e-03
-1.309580412301743824e+00
2.854033879779748428e+00
2.916931226652961353e-20
-2.874761864313411408e+00
1.332570733415141317e+00
8.603823693610458401e-01
-5.500613532587608439e-20
-5.500603192839884510e-20
3.205432950759634879e-20
-2.803025623396485866e+00
1.415960851169637991e+00
-1.060319403961775819e+00
-3.212899990346052713e-25
-1.149589935325357372e-19
1.057568485741965816e-20
4.662800667275176503e-01
1.927240562123418322e+00
-1.060319403961775819e+00
-2.168406804153176777e-19
-4.336808689942017736e-19
-6.799596280811573601e-20
1.454760659815780288e-01
1.643744371851891373e+00
-1.060319403961775819e+00
-3.212899990346052713e-25
-1.149589935325357372e-19
4.955891469176233022e-20
2.338962259353282169e-01
1.567681043640398286e+00
