1.166225610770464938e+00
-3.262250809706843978e-20
-3.262245597322086832e-20
4.268423036538535668e-22
-3.248200596852880651e+00
1.068635737626918658e+00
1.376934781520727921e-03
-1.729107320480202770e+00
2.621342944010943032e+00
1.701604857724084677e-20
-2.902141342736029639e+00
8.606261401558193969e-01
1.166225610770464938e+00
-3.262250809706843978e-20
-3.262245597322086832e-20
1.797882381650596203e-20
-2.858842684239962129e+00
9.617460005811626633e-01
-8.011302163266746934e-01
-2.654673399243308320e-25
-8.685792324945631419e-20
2.611808060422861013e-21
2.059898651444594941e-01
1.505756156338716512e+00
-8.011302163266748044e-01
-2.644714898788927344e-25
0.000000000000000000e+00
1.977468227607515504e-19
3.934709132441333024e-02
1.228517631226236251e+00
-8.011302163266746934e-01
-2.654673399243308320e-25
-8.685792324945631419e-20
3.643065612645840772e-20
1.203572669818916419e-01
1.193829767578626688e+00
