1.391877288369147259e+00
-1.486996406493510933e-20
-1.486997674748073841e-20
3.530985512388214756e-23
-3.289826073250805560e+00
6.413401391906549120e-01
1.603253272581814121e-03
-2.013310294316740467e+00
2.410084051832345864e+00
7.658102784443551814e-21
-2.905999544884271923e+00
5.160317351544754239e-01
1.391877288369147259e+00
-1.486996406493510933e-20
-1.486997674748073841e-20
7.848484803121214506e-21
-2.886423287985180330e+00
6.242757657788972070e-01
-5.340868108844500917e-01
-1.986764547233910813e-26
-5.790534089912619001e-20
3.356518150707441748e-22
6.158971022384233940e-02
1.016801966426623460e+00
-5.340868108844502027e-01
2.710503182194850349e-20
-1.084202172485504434e-19
2.139515083449620914e-19
-5.335855664860916781e-03
8.118052799584917212e-01
-5.340868108844500917e-01
-1.986764547233910813e-26
-5.790534089912619001e-20
2.369482795456269444e-20
5.247585344861528667e-02
8.013498593422010430e-01
