2.913442892348912516e-01
-9.185768738669384038e-20
-9.185765038972289789e-20
1.335526913696469902e-20
-2.807547397100198516e+00
2.620067837771490549e+00
3.629634075061557194e-04
-4.557969581664297332e-01
3.106759555637274683e+00
5.064520050221237346e-20
-2.745333571194228384e+00
2.221126188070507546e+00
2.913442892348912516e-01
-9.185768738669384038e-20
-9.185765038972289789e-20
5.914566268880955862e-20
-2.639969124390902699e+00
2.252722601630106958e+00
-1.421613423089496564e+00
2.273969612969842228e-25
-1.541304471690985755e-19
4.388978215341711437e-20
1.036992263604512798e+00
2.309884140784471018e+00
-1.421613423089496786e+00
3.142835990578259568e-26
-1.084202172485504434e-19
9.880557594220757825e-21
4.698514593601278433e-01
2.221440130774790411e+00
-1.421613423089496564e+00
2.273969612969842228e-25
-1.541304471690985755e-19
6.971861272873558026e-20
5.147693449979408031e-01
2.071652618882783958e+00
