1.499872783217105043e+00
-5.981239193785358408e-21
-5.981241985471766434e-21
1.823275459838709728e-24
-3.298400943022619991e+00
4.354196545041273958e-01
1.704530269336409836e-03
-2.140490461942841094e+00
2.297951487349845223e+00
3.060049584624462043e-21
-2.903304076649288579e+00
3.522122859483683421e-01
1.499872783217105043e+00
-5.981239193785358408e-21
-5.981241985471766434e-21
3.090032330842387634e-21
-2.895509025737497577e+00
4.619357437014057766e-01
-3.377313657063437113e-01
1.166843932742420709e-26
-3.661661816690702725e-20
3.128000684673936515e-23
1.559735016340782834e-02
6.446470385523990210e-01
-3.377313657063437669e-01
1.026294916627483372e-26
0.000000000000000000e+00
-1.087943770351759877e-19
-1.250438805575975615e-02
5.112104342858370121e-01
-3.377313657063437113e-01
1.166843932742420709e-26
-3.661661816690702725e-20
1.478381981401053562e-20
2.455266518119587210e-02
5.085778010956472084e-01
