1.189788264191837808e+00
-3.081920550162444962e-20
-3.081916479107127169e-20
3.558640629279442376e-22
-3.254030040298449222e+00
1.024294929579826485e+00
1.401436185712341166e-03
-1.759875340867852467e+00
2.600798942274006098e+00
1.605483200385622297e-20
-2.903166043012531894e+00
8.244963925267546623e-01
1.189788264191837808e+00
-3.081920550162444962e-20
-3.081916479107127169e-20
1.691004879822635265e-20
-2.862261835395568887e+00
9.266083203277143410e-01
-7.775675629053019344e-01
-1.990408353615849492e-25
-8.430328465783734696e-20
2.247871419503762440e-21
1.885867486522503911e-01
1.464117917854142803e+00
-7.775675629053020455e-01
5.420990188689300028e-20
2.168404344971008868e-19
2.002242294326473196e-19
3.322988712384872256e-02
1.191297454573319925e+00
-7.775675629053019344e-01
-1.990408353615849492e-25
-8.430328465783734696e-20
3.527523736094553311e-20
1.126288099676029941e-01
1.159491669544025383e+00
