1.543228065512430414e+00
-2.338690896644357384e-21
-2.338691447372362904e-21
-5.319397877417892571e-27
-3.299758746739606785e+00
3.526447961328553760e-01
1.743808252330867042e-03
-2.189814401550850054e+00
2.251031478495711280e+00
1.193152428679028062e-21
-2.901426801235647890e+00
2.866397872999560392e-01
1.543228065512430414e+00
-2.338690896644357384e-21
-2.338691447372362904e-21
1.197684170124823796e-21
-2.898394676602317865e+00
3.965979894506276304e-01
-2.120638807923555524e-01
3.358151536664012383e-27
-2.299182732639433296e-20
2.052381396655500009e-24
3.859208784509456786e-03
4.049405686850431896e-01
-2.120638807923555524e-01
2.344697038999355572e-27
0.000000000000000000e+00
-5.668658298498753640e-23
-1.013806954032888015e-02
3.204687504779045737e-01
-2.120638807923555524e-01
3.358151536664012383e-27
-2.299182732639433296e-20
9.230145924613510683e-21
1.318009353269287108e-02
3.198257463611144935e-01
