1.552653126880979562e+00
-1.541117930252766813e-21
-1.541118261034607772e-21
-4.793718579946286492e-26
-3.299895635319890719e+00
3.346469893120020411e-01
1.752239262498581085e-03
-2.200401773969848040e+00
2.240690693389438604e+00
7.857589228840182712e-22
-2.900959289904667671e+00
2.723991595767758511e-01
1.552653126880979562e+00
-1.541117930252766813e-21
-1.541118261034607772e-21
7.877217928323493039e-22
-2.898963647404511956e+00
3.823810554097336056e-01
-1.727927917567341487e-01
3.194233623051536994e-27
-1.873408149389172478e-20
2.708440288837412639e-25
2.086333949633940171e-03
3.299645021803661038e-01
-1.727927917567341765e-01
8.470353139770754957e-22
0.000000000000000000e+00
-2.636507211572582047e-23
-8.669642331113645156e-03
2.610311773228408683e-01
-1.727927917567341487e-01
3.194233623051536994e-27
-1.873408149389172478e-20
7.511363531617363759e-21
1.033443649256145062e-02
2.606863446838906251e-01
