1.436410703335541772e+00
-1.123615461584460677e-20
-1.123616832268876577e-20
1.449994046009005977e-23
-3.294258550100763738e+00
5.564906055061104029e-01
1.645598963424331701e-03
-2.066486555737360398e+00
2.364677852036618066e+00
5.771212127781817441e-21
-2.905233999225172337e+00
4.483938950286657232e-01
1.436410703335541772e+00
-1.123615461584460677e-20
-1.123616832268876577e-20
5.878741103615698220e-21
-2.890496034322794117e+00
5.574021166935303473e-01
-4.633988506203317592e-01
1.239180998322475497e-26
-5.024140630213877095e-20
1.623656990736715830e-22
4.026473524676914273e-02
8.834137198729316021e-01
-4.633988506203318147e-01
2.710506489763967718e-20
1.084202172485504434e-19
-1.509944309434948362e-21
-9.827156144317464315e-03
7.031401901340919025e-01
-4.633988506203317592e-01
1.239180998322475497e-26
-5.024140630213877095e-20
2.044796231514363329e-20
4.068712848334712917e-02
6.963106341378468844e-01
