7.955850724522705031e-01
-5.951099779712856350e-20
-5.951088209016118114e-20
3.025445089368335285e-21
-3.112640305388354456e+00
1.752444241025101546e+00
9.686795604920371821e-04
-1.216434461334435557e+00
2.894938210195583839e+00
3.167328881456896856e-20
-2.865423709501322413e+00
1.433212421310919638e+00
7.955850724522705031e-01
-5.951099779712856350e-20
-5.951088209016118114e-20
3.508089350513292029e-20
-2.788438341230766060e+00
1.511782473317055064e+00
-1.107444710804522003e+00
-2.354128524252322225e-25
-1.200685637737083309e-19
1.310764899992709395e-20
5.276584259996779380e-01
1.993880885322381058e+00
-1.107444710804522003e+00
-2.168404839795469988e-19
-2.168404344971008868e-19
-5.155899903757952139e-19
1.741268357367047326e-01
1.720102173784188615e+00
-1.107444710804522003e+00
-2.354128524252322225e-25
-1.200685637737083309e-19
5.203416986381723185e-20
2.611388242585354069e-01
1.634845134883622597e+00
