2.194781962997041092e-01
-9.608592174536678703e-20
-9.608591127871395387e-20
1.566756888926369060e-20
-2.754238554415759044e+00
2.735975105762253889e+00
2.738493734099640281e-04
-3.438906203915416682e-01
3.121121486231650533e+00
5.333017801783588283e-20
-2.720831023240170676e+00
2.333596009808261762e+00
2.194781962997041092e-01
-9.608592174536678703e-20
-9.608591127871395387e-20
6.265974263037681915e-20
-2.613469792396046820e+00
2.357545250122615510e+00
-1.460884512125118384e+00
7.798072169487894755e-25
-1.583882134601275059e-19
4.989238999307328248e-20
1.110233092598359450e+00
2.329504561325093981e+00
-1.460884512125118384e+00
-4.336808119653773309e-19
-2.168404344971008868e-19
-6.674732630370711092e-21
5.224037033162653998e-01
2.280700016442340328e+00
-1.460884512125118384e+00
7.798072169487894755e-25
-1.583882134601275059e-19
7.218820761803686959e-20
5.573907775686672839e-01
2.123857657099469609e+00
