1.150124464265859903e+00
-3.384813850341651495e-20
-3.384807815796834928e-20
4.803898915545506916e-22
-3.244020586867149447e+00
1.098888744988356647e+00
1.360082169136870829e-03
-1.707944389701197219e+00
2.635172270199249933e+00
1.767075453191608734e-20
-2.901355237472675430e+00
8.853343998572800189e-01
1.150124464265859903e+00
-3.384813850341651495e-20
-3.384807815796834928e-20
1.871053238740445738e-20
-2.856434116037736892e+00
9.857440251380644725e-01
-8.168386519409231994e-01
-2.651601856313405168e-25
-8.856102098424061623e-20
2.879364089920644067e-21
2.181437012701527567e-01
1.533285297713772533e+00
-8.168386519409233104e-01
-2.626448436474202428e-25
0.000000000000000000e+00
1.959443310731830384e-19
4.370425787715770394e-02
1.253382995647525089e+00
-8.168386519409231994e-01
-2.651601856313405168e-25
-8.856102098424061623e-20
3.720444766772691880e-20
1.257227208334067425e-01
1.216689687370935635e+00
