1.227488509666034400e+00
-2.790980684864967021e-20
-2.790978190793176093e-20
2.593857314606775922e-22
-3.262643291661780687e+00
9.531920142476505431e-01
1.440232943824760808e-03
-1.808594974627478758e+00
2.567178917783713210e+00
1.450916652338415194e-20
-2.904497938141258118e+00
7.667599736761329110e-01
1.227488509666034400e+00
-2.790980684864967021e-20
-2.790978190793176093e-20
1.520509742954056703e-20
-2.867471528717258078e+00
8.703410771900765841e-01
-7.382964738696806695e-01
-2.015200395411169648e-25
-8.004554582088127367e-20
1.731621310664155059e-21
1.617386141628701091e-01
1.393887141266246132e+00
-7.382964738696807805e-01
-2.095659484039412378e-25
0.000000000000000000e+00
-1.304649202844157471e-20
2.409649599258939512e-02
1.129469689629234663e+00
-7.382964738696806695e-01
-2.015200395411169648e-25
-8.004554582088127367e-20
3.336337746468247342e-20
1.005700594764644129e-01
1.102133222111439936e+00
