1.234792932226660200e+00
-2.734265870108826378e-20
-2.734263698280811655e-20
2.429781561699487837e-22
-3.264210145635576321e+00
9.393947457761402386e-01
1.447691134468866896e-03
-1.817960713932444738e+00
2.560559176055434705e+00
1.420859224629262071e-20
-2.904712580127947419e+00
7.555837004222543118e-01
1.234792932226660200e+00
-2.734265870108826378e-20
-2.734263698280811655e-20
1.487550051879680696e-20
-2.868443751885347837e+00
8.594324948202096692e-01
-7.304422560625564165e-01
-2.027442463871351668e-25
-7.919399898622686258e-20
1.640757529072877653e-21
1.566853973795644950e-01
1.379726847151031333e+00
-7.304422560625564165e-01
-2.103818442591278705e-25
0.000000000000000000e+00
-2.292509409618657946e-19
2.242204272205522431e-02
1.117134634352642708e+00
-7.304422560625564165e-01
-2.027442463871351668e-25
-7.919399898622686258e-20
3.298309712639742855e-20
9.827759039147432318e-02
1.090642349626372631e+00
