7.279602571329298888e-01
-6.412621626566307986e-20
-6.412609224059717786e-20
3.884084335741296626e-21
-3.079359826309514325e+00
1.873661145370082215e+00
8.901867313549600503e-04
-1.117865867233980515e+00
2.934387563205868243e+00
3.426399410626262589e-20
-2.854279832623880520e+00
1.538453752190165780e+00
7.279602571329298888e-01
-6.412621626566307986e-20
-6.412609224059717786e-20
3.825508328006106576e-20
-2.772161192304186006e+00
1.611642063497672916e+00
-1.154570017647268187e+00
2.300750262461577813e-26
-1.251779661416403342e-19
1.608677122830193019e-20
5.933206022771916333e-01
2.056396315053645285e+00
-1.154570017647268410e+00
1.246711505138573744e-25
0.000000000000000000e+00
-9.744238062745469091e-20
2.063001964179604908e-01
1.796525702771976096e+00
-1.154570017647268187e+00
2.300750262461577813e-26
-1.251779661416403342e-19
5.454126540617437948e-20
2.908012262958429295e-01
1.701713982768896294e+00
