3.054818812877150846e-01
-9.101483193655413024e-20
-9.101479402738371870e-20
1.292770689883141203e-20
-2.817772606479783892e+00
2.597014365439208827e+00
3.804425721465091938e-04
-4.777466916349146775e-01
3.103461680003959167e+00
5.011795824493676200e-20
-2.749925111439354364e+00
2.198992108000332735e+00
3.054818812877150846e-01
-9.101483193655413024e-20
-9.101479402738371870e-20
5.845726663761517566e-20
-2.645017876461185580e+00
2.232074913945949035e+00
-1.413759205282372200e+00
-1.131000064262426949e-26
-1.532789503856273798e-19
4.275622381332870533e-20
1.022520937958534715e+00
2.305347233228171255e+00
-1.413759205282372422e+00
2.737897313394173669e-26
1.084202172485504434e-19
1.326229321892692122e-20
4.598133075970535222e-01
2.209427212559413434e+00
-1.413759205282372200e+00
-1.131000064262426949e-26
-1.532789503856273798e-19
6.923589163219729034e-20
5.065844290392389482e-01
2.061113643408307272e+00
