3.749917088807649956e-01
-8.681771090046500613e-20
-8.681766360018885834e-20
1.095251961766865248e-20
-2.866751523031725757e+00
2.482496722705199499e+00
4.660891836031179412e-04
-5.852987594016668682e-01
3.084996019193676275e+00
4.752766363630046658e-20
-2.771423683610124034e+00
2.090147894452572430e+00
3.749917088807649956e-01
-8.681771090046500613e-20
-8.681766360018885834e-20
5.508566670492487922e-20
-2.669067511154274541e+00
2.130437024006192281e+00
-1.374488116246750380e+00
1.773558385946222176e-25
-1.490210502094062714e-19
3.740609934720137675e-20
9.511862509881824357e-01
2.279707932774887702e+00
-1.374488116246750602e+00
2.486437130697862472e-27
-2.168404344971008868e-19
2.471939388048164738e-19
4.119074491316093711e-01
2.148680950342417351e+00
-1.374488116246750380e+00
1.773558385946222176e-25
-1.490210502094062714e-19
6.686511596694483788e-20
4.672843789169853768e-01
2.007993607677349246e+00
