8.497791753214282151e-01
-5.574886517990067974e-20
-5.574875704683192720e-20
2.435413922446778557e-21
-3.137467735022206661e+00
1.654397255793352839e+00
1.030789271999543602e-03
-1.294429699999697814e+00
2.860933419750638862e+00
2.958058471802843539e-20
-2.873322073226588280e+00
1.349025237830745683e+00
8.497791753214282151e-01
-5.574886517990067974e-20
-5.574875704683192720e-20
3.254857563756330782e-20
-2.800705679811521964e+00
1.431650048919112406e+00
-1.068173621768900183e+00
-2.108193668179859910e-25
-1.158106083485907196e-19
1.096886095423555906e-20
4.762088336803689259e-01
1.938614543649705091e+00
-1.068173621768900405e+00
-1.487138092298369677e-25
-2.168404344971008868e-19
-5.038815248457659042e-19
1.500184992663735617e-01
1.656461115414936902e+00
-1.068173621768900183e+00
-2.108193668179859910e-25
-1.158106083485907196e-19
4.996952639633177570e-20
2.382761429746050874e-01
1.578894199460969983e+00
