6.694463344698543539e-01
-6.804925767944398546e-20
-6.804914519923618205e-20
4.744188509992238867e-21
-3.048547075455511290e+00
1.977466473002174041e+00
8.214456815319094328e-04
-1.031543222195914433e+00
2.965817426123930289e+00
3.648900145190911629e-20
-2.843455403753711419e+00
1.629669971871755552e+00
6.694463344698543539e-01
-6.804925767944398546e-20
-6.804914519923618205e-20
4.101433877383957632e-20
-2.757197213685055992e+00
1.697930682724190676e+00
-1.193841106682890008e+00
1.930599251918292866e-25
-1.294357191841626067e-19
1.894756723996445901e-20
6.512260391226019074e-01
2.105007253104657750e+00
-1.193841106682890230e+00
1.886511142048627848e-25
0.000000000000000000e+00
-1.115628589262878391e-19
2.360122793126262497e-01
1.860160384788736909e+00
-1.193841106682890008e+00
1.930599251918292866e-25
-1.294357191841626067e-19
5.665859216527091853e-20
3.175047218996579490e-01
1.757181811696710394e+00
