1.328807919377938740e+00
-1.994169173202968662e-20
-1.994169776142789476e-20
8.931821543480544601e-23
-3.281403767975143548e+00
7.612799501076634723e-01
1.541928871925325045e-03
-1.936301221983409038e+00
2.472339553693742698e+00
1.030794377019917739e-20
-2.906238252262191679e+00
6.120290344661346582e-01
1.328807919377938740e+00
-1.994169173202968662e-20
-1.994169776142789476e-20
1.065543107530120370e-20
-2.879878559465602450e+00
7.188240090467273857e-01
-6.204832067628168746e-01
-8.992952907425332499e-26
-6.727238645783757817e-20
7.192961425767210390e-22
9.640222485598595736e-02
1.178247601730472605e+00
-6.204832067628168746e-01
-5.421019750677381987e-20
-2.168404344971008868e-19
-5.790650576409237038e-21
3.794538106443534620e-03
9.454636994740743816e-01
-6.204832067628168746e-01
-8.992952907425332499e-26
-6.727238645783757817e-20
2.773085896003716400e-20
7.005902640036323903e-02
9.291079527583638864e-01
