1.554302512620475474e+00
-1.401331602809790228e-21
-1.401331890356491368e-21
-4.877518015862248482e-26
-3.299913777405640847e+00
3.314973120298246312e-01
1.753710698178043278e-03
-2.202249552292091739e+00
2.238875931864389379e+00
7.144090181966167489e-22
-2.900875304002008548e+00
2.699075665871084606e-01
1.554302512620475474e+00
-1.401331602809790228e-21
-1.401331890356491368e-21
7.160312331010242488e-22
-2.899061066704737843e+00
3.798926044014820924e-01
-1.649385739496098680e-01
3.158178377030174679e-27
-1.788253232824756187e-20
8.379943591596332162e-26
1.814208575009761040e-03
3.149677282177417159e-01
-1.649385739496098957e-01
8.470353154437873813e-22
0.000000000000000000e+00
-2.226711375250998894e-23
-8.344316208231325471e-03
2.491508914635172656e-01
-1.649385739496098680e-01
3.158178377030174679e-27
-1.788253232824756187e-20
7.168345510251447741e-21
9.796459084665370617e-03
2.488516537508992377e-01
