7.047903146019135479e-01
-6.568740906002463030e-20
-6.568728988430441500e-20
4.211255003826342901e-21
-3.067379888949156364e+00
1.914888930127720323e+00
8.630548527801963198e-04
-1.083794587690879441e+00
2.947134741519469081e+00
3.514677645921539689e-20
-2.850126350365271843e+00
1.574556886422193491e+00
7.047903146019135479e-01
-6.568740906002463030e-20
-6.568728988430441500e-20
3.934626522867842840e-20
-2.766334134357845365e+00
1.645823039233782925e+00
-1.170278453261516916e+00
-4.293185983165358014e-26
-1.268809452701826462e-19
1.718773986746255232e-20
6.161407250775847722e-01
2.076238379177411719e+00
-1.170278453261516916e+00
3.572637490576624303e-26
-2.168404344971008868e-19
-1.029670347169301592e-19
2.178574673745501400e-01
1.821991244077872052e+00
-1.170278453261516916e+00
-4.293185983165358014e-26
-1.268809452701826462e-19
5.538472133108264027e-20
3.012587104567956420e-01
1.723931019133345899e+00
