2.771281550039963459e-01
-9.270155003455115910e-20
-9.270151622474206201e-20
1.379416695849887167e-20
-2.797177474464153324e+00
2.643166679179335343e+00
3.453688777005195542e-04
-4.337023530461860399e-01
3.109919293935198503e+00
5.117561402412757959e-20
-2.740641152125788071e+00
2.243380931238700970e+00
2.771281550039963459e-01
-9.270155003455115910e-20
-9.270151622474206201e-20
5.983881565871123544e-20
-2.634838188413223925e+00
2.273476327392228935e+00
-1.429467640896620928e+00
3.052661406328901774e-25
-1.549820545940082140e-19
4.504546902772562231e-20
1.051526015234145461e+00
2.314219363707350041e+00
-1.429467640896621150e+00
5.109667804607612647e-26
-1.084202172485504434e-19
6.518075985968371587e-21
4.800452252613555126e-01
2.233402520389356827e+00
-1.429467640896620928e+00
3.052661406328901774e-25
-1.549820545940082140e-19
7.020503226727614311e-20
5.230656202027884616e-01
2.082160607451286172e+00
