1.242018812609214429e+00
-2.678050151027786266e-20
-2.678048303094401332e-20
2.274409017044904333e-22
-3.265727502724313780e+00
9.257394337136558571e-01
1.455050153568455962e-03
-1.827201916925584868e+00
2.553977008394754389e+00
1.391089759393483108e-20
-2.904911137392985676e+00
7.445308508344512521e-01
1.242018812609214429e+00
-2.678050151027786266e-20
-2.678048303094401332e-20
1.454968637553572758e-20
-2.869393648440797584e+00
8.486390060314923378e-01
-7.225880382554321635e-01
-2.039088393475778251e-25
-7.834245207793515803e-20
1.553725446545835227e-21
1.517357088737615878e-01
1.365531206248433715e+00
-7.225880382554323855e-01
5.420989745441646301e-20
0.000000000000000000e+00
-1.179898449802478602e-20
2.079655445603029174e-02
1.104809616653214421e+00
-7.225880382554321635e-01
-2.039088393475778251e-25
-7.834245207793515803e-20
3.260350715407426679e-20
9.602386208625224295e-02
1.079145103987493304e+00
