6.333954747351538961e-01
-7.043401807625080393e-20
-7.043391612753202451e-20
5.331257323917028624e-21
-3.028651593056287172e+00
2.040894753212691093e+00
7.787405183849028080e-04
-9.779155477840911770e-01
2.983919902567500948e+00
3.785301895138058132e-20
-2.836228829212698699e+00
1.685932107354292775e+00
6.333954747351538961e-01
-7.043401807625080393e-20
-7.043391612753202451e-20
4.272024254624365441e-20
-2.747566362127798811e+00
1.751039456635453462e+00
-1.217403760104263100e+00
-2.240983594065310922e-26
-1.319903525390253289e-19
2.084222809433195269e-20
6.873167529793583475e-01
2.132529895640430606e+00
-1.217403760104263322e+00
-2.168403376886131510e-19
-2.168404344971008868e-19
-1.205096687721921416e-19
2.551838932147866279e-01
1.898273699407591497e+00
-1.217403760104263100e+00
-2.240983594065310922e-26
-1.319903525390253289e-19
5.794277331370613324e-20
3.344458250400931254e-01
1.790335678598313773e+00
