3.898827109198785279e-02
-1.062919525112824721e-19
-1.062920709075386111e-19
2.254361239368499819e-20
-2.611151935533754465e+00
3.017215173004573980e+00
4.874135351505357462e-05
-6.120771462954825715e-02
3.139403687664611642e+00
6.014771299731743714e-20
-2.650518780779531181e+00
2.615375339867794136e+00
3.898827109198785279e-02
-1.062919525112824721e-19
-1.062920709075386111e-19
7.160898005110528756e-20
-2.540602374880096992e+00
2.619662963236377706e+00
-1.555135125810610752e+00
1.364845332650471150e-24
-1.686068849728845770e-19
6.667854149207308743e-20
1.290279555770160513e+00
2.354649929717648416e+00
-1.555135125810610974e+00
1.512156141995303190e-26
-1.626303258728256651e-19
-4.187875422593361575e-20
6.653643163092796131e-01
2.415870693551706250e+00
-1.555135125810610752e+00
1.364845332650471150e-24
-1.686068849728845770e-19
7.857314055281402856e-20
6.720321500160103545e-01
2.244935829834639573e+00
