1.560114633797747619e+00
-9.082491939318798286e-22
-9.082493110449371774e-22
-4.061765202486264172e-26
-3.299963903943856636e+00
3.203983467169721489e-01
1.758886253818044143e-03
-2.208748837026238032e+00
2.232468924895500084e+00
4.628531605260009081e-22
-2.900574205382826509e+00
2.611288884494168405e-01
1.560114633797747619e+00
-9.082491939318798286e-22
-9.082493110449371774e-22
4.635335421267530858e-22
-2.899399241497053303e+00
3.711226130879939911e-01
-1.335217027211127450e-01
3.010660436720230263e-27
-1.447633608343589997e-20
-3.177429784635171034e-25
9.612999740551187756e-04
2.549774329436664266e-01
-1.335217027211127727e-01
2.376852029568443093e-27
0.000000000000000000e+00
-1.054550669315650130e-23
-6.952459013186798251e-03
2.016502403425257939e-01
-1.335217027211127450e-01
3.010660436720230263e-27
-1.447633608343589997e-20
5.798391086463061440e-21
7.734090389193230483e-03
2.014933571638614918e-01
