4.291858117499225966e-01
-8.348397707642379083e-20
-8.348391662754710843e-20
9.555022844537885996e-21
-2.903402319552910615e+00
2.391897465188213001e+00
5.324797863332994541e-04
-6.686697939049633943e-01
3.068013988956187266e+00
4.550787698633547438e-20
-2.786961848792478769e+00
2.005288338589927832e+00
4.291858117499225966e-01
-8.348397707642379083e-20
-8.348391662754710843e-20
5.247117403916860977e-20
-2.686938314228921598e+00
2.051062704051535235e+00
-1.343071245018252924e+00
3.051204083859205969e-25
-1.456148753476781453e-19
3.349635061014191077e-20
8.954816547601369692e-01
2.255775272031173007e+00
-1.343071245018253146e+00
3.090828650778745891e-26
0.000000000000000000e+00
-1.727644314728721851e-19
3.762380537643584821e-01
2.099387423996448288e+00
-1.343071245018252924e+00
3.051204083859205969e-25
-1.456148753476781453e-19
6.501662576701215688e-20
4.377162877748004277e-01
1.965048690899044992e+00
