9.122202068880659320e-01
-5.134343022661937740e-20
-5.134334414050678658e-20
1.856013065240965591e-21
-3.163997614300118055e+00
1.540503965210558990e+00
1.101410599155943758e-03
-1.383113532618709396e+00
2.819152041833422828e+00
2.714960435233434923e-20
-2.881311365912281985e+00
1.252209870625861310e+00
9.122202068880659320e-01
-5.134343022661937740e-20
-5.134334414050678658e-20
2.964377452444493455e-20
-2.813992314484707435e+00
1.339204958503807941e+00
-1.021048314926153999e+00
-1.667760982514599354e-25
-1.107012591093812770e-19
8.772868063484784344e-21
4.184536032425080210e-01
1.868878643651611160e+00
-1.021048314926154221e+00
-1.567188880133427823e-25
-2.168404344971008868e-19
-5.765664676976086617e-20
1.240914037636413614e-01
1.580242326082414772e+00
-1.021048314926153999e+00
-1.667760982514599354e-25
-1.107012591093812770e-19
4.751892901987012269e-20
2.129175916482712871e-01
1.511506322059863017e+00
