1.570325117434952622e+00
-4.012572632746205618e-23
-4.012572807963136602e-23
-2.043444270122870231e-27
-3.299999893452163491e+00
3.008999407777056545e-01
1.767942490115913560e-03
-2.220121346913299654e+00
2.221167735425568335e+00
2.043447432339394165e-23
-2.900025854373652567e+00
2.457114631467553212e-01
1.570325117434952622e+00
-4.012572632746205618e-23
-4.012572807963136602e-23
2.043579859731607732e-23
-2.899974021345977260e+00
3.557114509346511744e-01
-3.141687122849710911e-02
2.134867681187886724e-28
-3.406196750286838568e-21
-1.361881723000046548e-25
1.177811863396307739e-05
5.999525668689026370e-02
-3.141687122849710911e-02
-6.617380305881343992e-24
-1.355252715606880543e-20
-8.912756984534101634e-26
-1.722071176394396634e-03
4.742932380641882301e-02
-3.141687122849710911e-02
2.134867681187886724e-28
-3.406196750286838568e-21
1.362430649127983539e-21
1.733784275074182332e-03
4.742769537486295206e-02
