1.055952392758440439e+00
-4.090992324800136630e-20
-4.090984688253607525e-20
8.845739410696156553e-22
-3.216402374980201540e+00
1.274992547606207838e+00
1.259787390633239574e-03
-1.581997657790180645e+00
2.712608309555586850e+00
2.146581441813132858e-20
-2.895336489228392818e+00
1.030162612740377792e+00
1.055952392758440439e+00
-4.090992324800136630e-20
-4.090984688253607525e-20
2.301179756299814828e-20
-2.841172597032115998e+00
1.125903266499113098e+00
-9.032350478192899823e-01
1.314753121078142625e-25
-9.792802921692299105e-20
4.764321545072159269e-21
2.931289356909186905e-01
1.680879160672678285e+00
-9.032350478192902044e-01
4.615553974097425417e-26
2.168404344971008868e-19
-3.321707760348244888e-20
7.198995776478711583e-02
1.390881200002501039e+00
-9.032350478192899823e-01
1.314753121078142625e-25
-9.792802921692299105e-20
4.150981460147206698e-20
1.584662717408085175e-01
1.341958474244517419e+00
