7.621261045939204948e-01
-6.180543452083113658e-20
-6.180531436241708386e-20
3.432722953988780733e-21
-3.096489902625846113e+00
1.812581041723803521e+00
9.299760456558449915e-04
-1.167831919171896882e+00
2.914873100591020449e+00
3.295783252257075891e-20
-2.860090848006326514e+00
1.485257826881046794e+00
7.621261045939204948e-01
-6.180543452083113658e-20
-6.180531436241708386e-20
3.664942475250127784e-20
-2.780520186005816186e+00
1.561208532926484871e+00
-1.131007364225895095e+00
-2.025396061753704267e-25
-1.226231719600393204e-19
1.453814481818779582e-20
5.599602652115026613e-01
2.025682848300331962e+00
-1.131007364225895095e+00
-2.168404839903377917e-19
-2.168404344971008868e-19
-5.231579232082647206e-19
1.897552987422499449e-01
1.758313776629616187e+00
-1.131007364225895095e+00
-2.025396061753704267e-25
-1.226231719600393204e-19
5.328340462633954828e-20
2.756561065977966019e-01
1.668318771930709099e+00
