2.340084992428840549e-01
-9.523860863987849456e-20
-9.523859088872135762e-20
1.518110003787482494e-20
-2.765193313236088635e+00
2.712715151482667952e+00
2.918991575195421470e-04
-3.665569182292359174e-01
3.118542019267743992e+00
5.278647908722630739e-20
-2.725942824230137340e+00
2.310863936338563018e+00
2.340084992428840549e-01
-9.523860863987849456e-20
-9.523859088872135762e-20
6.194719033599237655e-20
-2.618940904231029432e+00
2.336370584815076867e+00
-1.453030294317994020e+00
6.034395471483161154e-25
-1.575366316943518461e-19
4.864688513888645844e-20
1.095475882032955539e+00
2.325995427958597705e+00
-1.453030294317994242e+00
-4.336808245699800786e-19
-2.168404344971008868e-19
-3.421728875722529973e-21
5.115738926200732450e-01
2.268963278366155301e+00
-1.453030294317994020e+00
6.034395471483161154e-25
-1.575366316943518461e-19
7.168676992953330960e-20
5.486358255629677494e-01
2.113486247057260847e+00
