1.290400794301100662e+00
-2.298796433974131722e-20
-2.298796204785311319e-20
1.400808219562879819e-22
-3.275048213338823899e+00
8.341544396409830142e-01
1.503830185561369059e-03
-1.888458202568925159e+00
2.509050426258346622e+00
1.190860723346693820e-20
-2.905890257697069323e+00
6.706081043521716634e-01
1.290400794301100662e+00
-2.298796433974131722e-20
-2.298796204785311319e-20
1.237436955329810889e-20
-2.875449324582055599e+00
7.763121704569686532e-01
-6.676085136055623925e-01
-8.359003583321382965e-26
-7.238166221195476132e-20
1.041910623746686748e-21
1.199127616650353112e-01
1.265262672998795690e+00
-6.676085136055625036e-01
5.421002116166446669e-20
2.168404344971008868e-19
-8.149921696964982367e-21
1.072783585723507960e-02
1.018809678947135700e+00
-6.676085136055623925e-01
-8.359003583321382965e-26
-7.238166221195476132e-20
2.996554724504892054e-20
8.129677031152257594e-02
9.984870528374549803e-01
