1.456485489127357924e-01
-1.003319999127633275e-19
-1.003320418002571213e-19
1.829135793343669896e-20
-2.697241811652013599e+00
2.852758736118488958e+00
1.819340048631597846e-04
-2.284664632606059342e-01
3.131681585423717884e+00
5.610227642003250521e-20
-2.693605814054540915e+00
2.449011563346379816e+00
1.456485489127357924e-01
-1.003319999127633275e-19
-1.003320418002571213e-19
6.629751508919961626e-20
-2.584770495443848848e+00
2.464976318994655191e+00
-1.500155601160740204e+00
7.524064890437051007e-25
-1.626460182462645881e-19
5.646828304602662263e-20
1.184695974110892003e+00
2.343846452100715183e+00
-1.500155601160740426e+00
4.658451310045156184e-26
-1.626303258728256651e-19
-2.233159444211643846e-20
5.790123914239997394e-01
2.338391889939059443e+00
-1.500155601160740204e+00
7.524064890437051007e-25
-1.626460182462645881e-19
7.476100302419423994e-20
6.029620090309222302e-01
2.175121977121115879e+00
