1.482200793151076113e+00
-7.453675997421280161e-21
-7.453681440807605866e-21
3.833857686222788998e-24
-3.297504493449695762e+00
4.691477361867115725e-01
1.688289641787707332e-03
-2.120096040741399346e+00
2.316767862713096982e+00
3.817611983592591095e-21
-2.903939682950466228e+00
3.789715756080667131e-01
1.482200793151076113e+00
-7.453675997421280161e-21
-7.453681440807605866e-21
3.864386881872746291e-21
-2.894206918270570306e+00
4.885401536388405130e-01
-3.770024547419649763e-01
4.514720057420620131e-26
-4.087436468186601981e-20
5.581797508234226805e-23
2.169364516450947300e-02
7.194131305829871703e-01
-3.770024547419650318e-01
4.335942266286545744e-26
0.000000000000000000e+00
1.078179739627868979e-19
-1.230298873284523670e-02
5.710382309247213906e-01
-3.770024547419649763e-01
4.514720057420620131e-26
-4.087436468186601981e-20
1.654035101377955551e-20
2.900463414734301068e-02
5.673689547489745300e-01
