5.842280712625556038e-01
-7.364705339106553711e-20
-7.364695720933979147e-20
6.205355551674705685e-21
-3.000419681389329796e+00
2.126723242577232664e+00
7.200932079470518223e-04
-9.042682733038784892e-01
3.007045407682160221e+00
3.970594661287861625e-20
-2.825675016048327493e+00
1.762732443332442500e+00
5.842280712625556038e-01
-7.364705339106553711e-20
-7.364695720933979147e-20
4.505414400444345082e-20
-2.733919825485789712e+00
1.823403565003567373e+00
-1.248820631332760556e+00
-1.953195958429980479e-25
-1.353966439480329129e-19
2.359024418342940700e-20
7.369544800536053097e-01
2.167183968630101987e+00
-1.248820631332760778e+00
2.168405138161165307e-19
0.000000000000000000e+00
-1.329369597977875798e-19
2.823952603414108253e-01
1.948959225336919232e+00
-1.248820631332760556e+00
-1.953195958429980479e-25
-1.353966439480329129e-19
5.967348952967992438e-20
3.581626088104110650e-01
1.834373450330553545e+00
