1.485892275520424022e+00
-7.146685309215353429e-21
-7.146690065481222075e-21
3.333905888956900380e-24
-3.297708156949943792e+00
4.621030527148697886e-01
1.691693049899648405e-03
-2.124369923557844153e+00
2.312852231865907715e+00
3.659530104509128047e-21
-2.903813145058911083e+00
3.733803408122043921e-01
1.485892275520424022e+00
-7.146685309215353429e-21
-7.146690065481222075e-21
3.702490575903019841e-21
-2.894484916248750039e+00
4.829841005436354973e-01
-3.691482369348407233e-01
4.525945016877214331e-26
-4.002281369586382978e-20
4.999517972658886474e-23
2.036635002482287821e-02
7.044683471841787226e-01
-3.691482369348407788e-01
4.336284801474413785e-26
0.000000000000000000e+00
-5.493579516787659696e-22
-1.238548265012383992e-02
5.590626980071760066e-01
-3.691482369348407233e-01
4.525945016877214331e-26
-4.002281369586382978e-20
1.618812476521766901e-20
2.807455201616382984e-02
5.556191987881802241e-01
