2.343691983388174541e-02
-1.071437439661063222e-19
-1.071438786648530653e-19
2.321039780860572858e-20
-2.598249139976053002e+00
3.040761672301750540e+00
2.930094877667288215e-05
-3.679512327486812728e-02
3.139784515759716399e+00
6.074285225162395643e-20
-2.643860125500192115e+00
2.639582612529786765e+00
2.343691983388174541e-02
-1.071437439661063222e-19
-1.071438786648530653e-19
7.238949472137793228e-20
-2.533890335023961882e+00
2.642160437701130071e+00
-1.562989343617735116e+00
1.406909344072757712e-24
-1.694584226915120323e-19
6.823630044997974984e-20
1.305433239543047019e+00
2.355283551367165273e+00
-1.562989343617735338e+00
8.870734373857102668e-27
-1.694065894508600678e-19
-2.612194801359606421e-19
6.783946442368853358e-01
2.426573035693297520e+00
-1.562989343617735116e+00
1.406909344072757712e-24
-1.694584226915120323e-19
7.914188122767006966e-20
6.824237575094046493e-01
2.254691425059074827e+00
