9.522767177043999220e-01
-4.847701644551148076e-20
-4.847694153523226624e-20
1.537101042205318956e-21
-3.179827790136520616e+00
1.466953451518956175e+00
1.146154690342528291e-03
-1.439301622783924817e+00
2.790899863746422849e+00
2.557826879098927707e-20
-2.885823332292715815e+00
1.190211010306968520e+00
9.522767177043999220e-01
-4.847701644551148076e-20
-4.847694153523226624e-20
2.778772401521394556e-20
-2.822042069030195055e+00
1.279832159912611456e+00
-9.896314436976567652e-01
-1.832095172600485111e-25
-1.072950769974108640e-19
7.511931852546850289e-21
3.823776913806198330e-01
1.820516507089991354e+00
-9.896314436976568762e-01
2.168402695704944241e-19
0.000000000000000000e+00
-5.019634179602773606e-20
1.085046697515864578e-01
1.529560451020480327e+00
-9.896314436976567652e-01
-1.832095172600485111e-25
-1.072950769974108640e-19
4.590061262962570734e-20
1.971965774216625222e-01
1.466440507377131386e+00
