1.478430768603656409e+00
-7.766880315051234200e-21
-7.766886444033252209e-21
4.392037437046212648e-24
-3.297287556998050650e+00
4.763418674925414265e-01
1.684807891092100470e-03
-2.115723778099200647e+00
2.320758656555946153e+00
3.978967377671817954e-21
-2.904065508914223770e+00
3.846826022720491456e-01
1.478430768603656409e+00
-7.766880315051234200e-21
-7.766886444033252209e-21
4.029804942757948109e-21
-2.893919738150263932e+00
4.942137089751459933e-01
-3.848566725490892293e-01
4.487717694219643697e-26
-4.172591607966846813e-20
6.216493042156389760e-23
2.307727361642102765e-02
7.343531168207042548e-01
-3.848566725490893403e-01
4.324326685687844152e-26
0.000000000000000000e+00
-6.592064798853251811e-22
-1.219840620463208403e-02
5.830189878222247213e-01
-3.848566725490892293e-01
4.487717694219643697e-26
-4.172591607966846813e-20
1.689305749094100522e-20
2.995537106174099226e-02
5.791143202455613093e-01
