1.397139614299920174e+00
-1.444285798143347073e-20
-1.444287050072235779e-20
3.219752896121244541e-23
-3.290415267832859314e+00
6.313198518694264072e-01
1.608298861160357626e-03
-2.019646370770298738e+00
2.404780426596468068e+00
7.435815760681342091e-21
-2.905934643309927790e+00
5.080329938250400801e-01
1.397139614299920174e+00
-1.444285798143347073e-20
-1.444287050072235779e-20
7.615191312518937328e-21
-2.886928270204028202e+00
6.163785418709074593e-01
-5.262325930773258387e-01
1.242883656919907075e-26
-5.705379845554797240e-20
3.112326162669704977e-22
5.891945820537190792e-02
1.002028732122845822e+00
-5.262325930773259497e-01
-2.710504430042186442e-20
-1.084202172485504434e-19
2.141419965444596492e-19
-5.958104795681651300e-03
7.997024960921539360e-01
-5.262325930773258387e-01
1.242883656919907075e-26
-5.705379845554797240e-20
2.333169827271334568e-20
5.105685390087909281e-02
7.897007230876412764e-01
