1.125383678173418334e+00
-3.572099204218899584e-20
-3.572092048538255058e-20
5.710754878615752710e-22
-3.237287812827956746e+00
1.145297548969845813e+00
1.334015505095675598e-03
-1.675210769907528041e+00
2.656089084398975508e+00
1.867341975200883159e-20
-2.900010295304809915e+00
9.233316142559275796e-01
1.125383678173418334e+00
-3.572099204218899584e-20
-3.572092048538255058e-20
1.983701161115003353e-20
-2.852618961789107566e+00
1.022599239933202009e+00
-8.404013053622959584e-01
-1.703814148708424174e-25
-9.111562661307895370e-20
3.320921789071518747e-21
2.372159413545188444e-01
1.574207496654340233e+00
-8.404013053622960694e-01
-1.986283526234802034e-25
0.000000000000000000e+00
-2.383941597763804546e-20
5.067548007497990614e-02
1.290759030658533035e+00
-8.404013053622959584e-01
-1.703814148708424174e-25
-9.111562661307895370e-20
3.837028609552087668e-20
1.341001222743770649e-01
1.250931292109076720e+00
