1.564670080125879714e+00
-5.212317238533076649e-22
-5.212317717149759240e-22
-2.562579407058961657e-26
-3.299988160235058032e+00
3.116990783980368995e-01
1.762932400157389470e-03
-2.213829848380439280e+00
2.227434029948982541e+00
2.655441783694312987e-22
-2.900332607850399036e+00
2.542496271551112907e-01
1.564670080125879714e+00
-5.212317238533076649e-22
-5.212317717149759240e-22
2.657679817778833101e-22
-2.899658724932064224e+00
3.642475629621634847e-01
-1.021048314926156358e-01
8.017677972057980846e-28
-1.107013944002873475e-20
-3.811187332766461479e-25
4.288131940777032379e-04
1.949840167485408227e-01
-1.021048314926156497e-01
3.178825981756152406e-28
0.000000000000000000e+00
-4.238601778137619071e-24
-5.437053344424453219e-03
1.541772539172170386e-01
-1.021048314926156358e-01
8.017677972057980846e-28
-1.107013944002873475e-20
4.431321594150507899e-21
5.794267355690163601e-03
1.541084472153946838e-01
