1.019351737777241196e+00
-4.360591963149594478e-20
-4.360584575944885626e-20
1.088076173904413020e-21
-3.204221531736383355e+00
1.343008346918621365e+00
1.220042080593474560e-03
-1.532086864999498310e+00
2.741090950909984336e+00
2.292531183423684275e-20
-2.892329608603265712e+00
1.086593783595229734e+00
1.019351737777241196e+00
-4.360591963149594478e-20
-4.360584575944885626e-20
2.469313300308858147e-20
-2.834698603228177127e+00
1.180288325695911800e+00
-9.346519190477869943e-01
-1.907263175791208931e-26
-1.013342168669266379e-19
5.651326819328134807e-21
3.239044484477285879e-01
1.732691927218177108e+00
-9.346519190477871053e-01
2.168403663654022834e-19
0.000000000000000000e+00
-3.881357514234254206e-20
8.424608476572037485e-02
1.441181542726304166e+00
-9.346519190477869943e-01
-1.907263175791208931e-26
-1.013342168669266379e-19
4.309664649757958047e-20
1.718178683444265276e-01
1.387316612955823869e+00
