4.425379820220338711e-01
-8.265433320807746447e-20
-8.265426657161306793e-20
9.229339131955802074e-21
-2.912219944368417135e+00
2.369404118615413779e+00
5.487788258985090706e-04
-6.891375669320298769e-01
3.063483794960518480e+00
4.500990064026278543e-20
-2.790627935477861588e+00
1.984384140726007217e+00
4.425379820220338711e-01
-8.265433320807746447e-20
-8.265426657161306793e-20
5.182884668804194089e-20
-2.691224485863715987e+00
2.031489917492855124e+00
-1.335217027211128560e+00
4.856735728762291558e-25
-1.447633934950773548e-19
3.256837125820836210e-20
8.817624815506299729e-01
2.249334657279916883e+00
-1.335217027211128782e+00
9.025267013062615472e-26
0.000000000000000000e+00
-1.693486725475745663e-19
3.676772512562422879e-01
2.086982936636439856e+00
-1.335217027211128560e+00
4.856735728762291558e-25
-1.447633934950773548e-19
6.456025966235201617e-20
4.305736864753438864e-01
1.954257758148109536e+00
