3.886580478651612269e-01
-8.598211387657577136e-20
-8.598206414098527098e-20
1.058853387881120551e-20
-2.876122922790996128e+00
2.459756687298269906e+00
4.828653006702565611e-04
-6.063656299606127176e-01
3.080926606169821280e+00
4.701846418627074217e-20
-2.775442180184553020e+00
2.068747239754843648e+00
3.886580478651612269e-01
-8.598211387657577136e-20
-8.598206414098527098e-20
5.442521918416684383e-20
-2.673646153813495019e+00
2.110431397597636316e+00
-1.366633898439626016e+00
2.516468077392604769e-25
-1.481694680862273658e-19
3.639857388574474434e-20
9.371399759270397922e-01
2.274003540692958847e+00
-1.366633898439626016e+00
1.280050710882373424e-27
-1.084202172485504434e-19
3.378806786711388908e-20
4.027732103040433387e-01
2.136409824926919221e+00
-1.366633898439626016e+00
2.516468077392604769e-25
-1.481694680862273658e-19
6.639936113836497966e-20
4.597401934399110157e-01
1.997291924561777066e+00
