1.141956077746450582e+00
-3.446787254754139280e-20
-3.446780807990001921e-20
5.091835324537571248e-22
-3.241839149854448099e+00
1.114221597965494359e+00
1.351498822228546339e-03
-1.697165718075469343e+00
2.642122883595721561e+00
1.800224087761795552e-20
-2.900929607182956449e+00
8.978753853443475208e-01
1.141956077746450582e+00
-3.446787254754139280e-20
-3.446780807990001921e-20
1.908216380865344830e-20
-2.855189808856516187e+00
9.979147318488932328e-01
-8.246928697480474524e-01
-2.630741587531025843e-25
-8.941256689664580304e-20
3.021030231808842860e-21
2.243882521385860418e-01
1.546976949331579920e+00
-8.246928697480475634e-01
1.084199559954209719e-19
-2.168404344971008868e-19
-2.184460530454788876e-20
4.596907319293130900e-02
1.265831280261333180e+00
-8.246928697480474524e-01
-2.630741587531025843e-25
-8.941256689664580304e-20
3.759237089666141690e-20
1.284708089494843719e-01
1.228109994717803799e+00
