1.493039613724907344e+00
-6.551421683798440560e-21
-6.551425071731752438e-21
2.489410704354047562e-24
-3.298077860595528765e+00
4.484622063239517287e-01
1.698266253547537274e-03
-2.132624326462080333e+00
2.305248513091193274e+00
3.353209467203445158e-21
-2.903558783786027497e+00
3.625570374842425059e-01
1.493039613724907344e+00
-6.551421683798440560e-21
-6.551425071731752438e-21
3.389244886660770255e-21
-2.895014161708127087e+00
4.722246691425666110e-01
-3.534398013205922173e-01
4.490752743828659939e-26
-3.831971697969896421e-20
3.978541349245905511e-23
1.787613266499350761e-02
6.745655732222697321e-01
-3.534398013205922728e-01
6.776306835631545065e-21
1.084202172485504434e-19
-4.549163045262595991e-22
-1.248617314212524532e-02
5.351268290975362829e-01
-3.534398013205922173e-01
4.490752743828659939e-26
-3.831971697969896421e-20
1.548507334676174055e-20
2.627473280249271320e-02
5.321068195679635737e-01
