1.558779416770536441e+00
-1.021594125136558913e-21
-1.021594284473943411e-21
-4.379508180949781964e-26
-3.299954290944115964e+00
3.229481210464087981e-01
1.757698585906529920e-03
-2.207257404579385351e+00
2.233942475382987958e+00
5.206612310598171575e-22
-2.900644085966268548e+00
2.631454438442161203e-01
1.558779416770536441e+00
-1.021594125136558913e-21
-1.021594284473943411e-21
5.215223380121792716e-22
-2.899322257677475534e+00
3.731375016028331548e-01
-1.413759205282370257e-01
3.052016040483662122e-27
-1.532788512773522173e-20
-2.592152535800946490e-25
1.141543227116677967e-03
2.699753914845552383e-01
-1.413759205282370257e-01
-4.235140943680073880e-22
-2.710505431213761085e-20
-1.286997304314281099e-23
-7.313115312396329531e-03
2.135225436794931375e-01
-1.413759205282370257e-01
3.052016040483662122e-27
-1.532788512773522173e-20
6.140582722327271743e-21
8.237113104023172788e-03
2.133356689883846857e-01
