1.518487279419988623e+00
-4.422590138381913030e-21
-4.422591905831183170e-21
6.073579127607509481e-25
-3.299130424023632546e+00
3.998844213886219578e-01
1.721493283726503601e-03
-2.161792031754528498e+00
2.277937528370184150e+00
2.259943583053806665e-21
-2.902553232300132180e+00
3.240455724739526033e-01
1.518487279419988623e+00
-4.422590138381913030e-21
-4.422591905831183170e-21
2.276256354544508564e-21
-2.896801860778474236e+00
4.338951137821431825e-01
-2.906060588635981934e-01
1.176720377368834441e-26
-3.150731998477014053e-20
1.388726034647395097e-23
9.936537875420210775e-03
5.548164474700619797e-01
-2.906060588635982489e-01
-6.776253179192951260e-21
-5.421010862427522170e-20
-1.987971604691382700e-22
-1.210269111642372011e-02
4.395687127481020529e-01
-2.906060588635981934e-01
1.176720377368834441e-26
-3.150731998477014053e-20
1.269018244173525579e-20
1.982025115112356559e-02
4.378973293371326569e-01
