1.303517338038998385e+00
-2.195118814214588973e-20
-2.195118857983342704e-20
1.210295482930866002e-22
-3.277322816489582902e+00
8.092826538352124732e-01
1.516904383307384222e-03
-1.904876330234484882e+00
2.496616544992694031e+00
1.136307075551085982e-20
-2.906051514896236476e+00
6.505923245357168039e-01
1.303517338038998385e+00
-2.195118814214588973e-20
-2.195118857983342704e-20
1.178653067498235695e-20
-2.876999632580407251e+00
7.566865662923136782e-01
-6.519000779913138865e-01
-8.725004367008529038e-26
-7.067857323283349746e-20
9.237197552119948407e-22
1.117010679760745417e-01
1.236356122082795439e+00
-6.519000779913139976e-01
-8.857641594451132619e-26
0.000000000000000000e+00
-7.291790368587861406e-21
8.250829929266123575e-03
9.943243316181562541e-01
-6.519000779913138865e-01
-8.725004367008529038e-26
-7.067857323283349746e-20
2.921799581494867576e-20
7.741367440482085915e-02
9.753854072706725775e-01
