1.506391783997018230e+00
-5.436282152453320733e-21
-5.436284604863415417e-21
1.304688902112867809e-24
-3.298681493507804596e+00
4.229756814887414285e-01
1.710487760087155661e-03
-2.147971673936381887e+00
2.290964946481203857e+00
2.780092421884450177e-21
-2.903050597335280258e+00
3.423456995110360501e-01
1.506391783997018230e+00
-5.436282152453320733e-21
-5.436284604863415417e-21
2.804818526256334165e-21
-2.895970994297861090e+00
4.521176413761254231e-01
-3.220229300920952054e-01
1.163623971779138884e-26
-3.491351909843127302e-20
2.426089957270901433e-23
1.352070584730270808e-02
6.147147927494436281e-01
-3.220229300920952609e-01
1.025861864427594325e-26
0.000000000000000000e+00
-3.055029545452329506e-22
-1.244399720243079960e-02
4.873125723290058220e-01
-3.220229300920952054e-01
1.163623971779138884e-26
-3.491351909843127302e-20
1.408430194398070276e-20
2.290508515886441332e-02
4.850327778150071434e-01
