1.445443053813734391e+00
-1.049376230162651773e-20
-1.049377516102861745e-20
1.165285360664815909e-23
-3.295004220385507665e+00
5.392685940110621967e-01
1.654088864084372152e-03
-2.077147880889951725e+00
2.355324709254626558e+00
5.386927601663859043e-21
-2.905019184267341625e+00
4.346900512601105104e-01
1.445443053813734391e+00
-1.049376230162651773e-20
-1.049377516102861745e-20
5.480506189251964032e-21
-2.891266407622489432e+00
5.438269429812733202e-01
-4.476904150060832532e-01
4.535661324780566086e-26
-4.853830993355470977e-20
1.359926159631634430e-22
3.631236340167554033e-02
8.536600117592815229e-01
-4.476904150060833087e-01
2.710509767390162934e-20
1.084202172485504434e-19
-1.292139969739379682e-21
-1.050644780322942951e-02
6.790674490933774621e-01
-4.476904150060832532e-01
4.535661324780566086e-26
-4.853830993355470977e-20
1.973274391050128318e-20
3.835309254389191597e-02
6.729104628097577478e-01
