1.509533471119867798e+00
-5.173306564179022247e-21
-5.173308845374612932e-21
1.092261596809629149e-24
-3.298807046249705444e+00
4.169782403115246949e-01
1.713352361801679779e-03
-2.151568942095047898e+00
2.287589240182762218e+00
2.645077414695063093e-21
-2.902924788793825428e+00
3.375916026976508166e-01
1.509533471119867798e+00
-5.173306564179022247e-21
-5.173308845374612932e-21
2.667450792535969747e-21
-2.896190089223806385e+00
4.473852446888954004e-01
-3.141687122849709524e-01
1.177885640361097436e-26
-3.406196796928287737e-20
2.124273053032389103e-23
1.255527419008213574e-02
5.997441177216740194e-01
-3.141687122849710079e-01
-6.776253263855088498e-21
0.000000000000000000e+00
1.081449647632487522e-19
-1.238552352170225329e-02
4.753702986802929575e-01
-3.141687122849709524e-01
1.177885640361097436e-26
-3.406196796928287737e-20
1.373516898279636959e-20
2.210820359976416877e-02
4.732544667887538248e-01
