6.813062033586122501e-01
-6.725936525646526472e-20
-6.725924938919517382e-20
4.560728472322123211e-21
-3.054941255521078425e+00
1.956510941647663149e+00
8.354370724968271898e-04
-1.049113129604253736e+00
2.959651278972492694e+00
3.603918123640019378e-20
-2.845739283180637180e+00
1.611171203463843238e+00
6.813062033586122501e-01
-6.725936525646526472e-20
-6.725924938919517382e-20
4.045412725809067344e-20
-2.760296703530715767e+00
1.680450100559328863e+00
-1.185986888875765644e+00
1.891972551806094496e-25
-1.285840201759843145e-19
1.834600376701156256e-20
6.394180065567011129e-01
2.095553135451091897e+00
-1.185986888875765866e+00
-2.168403185088945288e-19
-4.336808689942017736e-19
-1.086574079920985021e-19
2.298496048629012911e-01
1.847442339128377853e+00
-1.185986888875765644e+00
1.891972551806094496e-25
-1.285840201759843145e-19
5.623253255493080149e-20
3.120134684939204206e-01
1.746108559911847768e+00
