1.470655092974602951e+00
-8.411850638463658684e-21
-8.411858131302840211e-21
5.704302896674999330e-24
-3.296811600364249362e+00
4.911782785979934007e-01
1.677607908786210578e-03
-2.106682288066396236e+00
2.328963603324064380e+00
4.311475281561459752e-21
-2.904314145078376708e+00
3.964642479894595062e-01
1.470655092974602951e+00
-8.411850638463658684e-21
-8.411858131302840211e-21
4.371225081620998397e-21
-2.893317011250460702e+00
5.059131540944129535e-01
-4.005651081633377353e-01
2.858154323072116326e-26
-4.342901217171201619e-20
7.654743662944977092e-23
2.601814594480095222e-02
7.642174359295033081e-01
-4.005651081633377908e-01
-1.355250037738670960e-20
-1.084202172485504434e-19
1.076338924206235134e-19
-1.192098997049208936e-02
6.069966502990830071e-01
-4.005651081633377353e-01
2.858154323072116326e-26
-4.342901217171201619e-20
1.759991927961759487e-20
3.192042294179756046e-02
6.025915821978171660e-01
