8.917206984114718349e-01
-5.279814728580543937e-20
-5.279805580046722379e-20
2.034867583062354276e-21
-3.155535316396340217e+00
1.578000185063972216e+00
1.078340348496463789e-03
-1.354142705628079479e+00
2.833173869990919247e+00
2.795013044996722249e-20
-2.878817935853965171e+00
1.283972139963226011e+00
8.917206984114718349e-01
-5.279814728580543937e-20
-5.279805580046722379e-20
3.059589090850415288e-20
-2.809729797027702425e+00
1.369569038700990227e+00
-1.036756750540402727e+00
-2.015571710315876872e-25
-1.124044104302559247e-19
9.462377496055320222e-21
4.372202070514882299e-01
1.892513851057677332e+00
-1.036756750540402727e+00
-2.168405840450938379e-19
-2.168404344971008868e-19
-4.953368475592656818e-19
1.323846464450916249e-01
1.605625238788512377e+00
-1.036756750540402727e+00
-2.015571710315876872e-25
-1.124044104302559247e-19
4.833248503500768453e-20
2.211278090367919669e-01
1.533997644478112266e+00
