5.465278257883592339e-01
-7.608009244447879073e-20
-7.607999505501824183e-20
6.935061617836249421e-21
-2.977929840830632280e+00
2.191985711186831942e+00
6.748278124166810429e-04
-8.474255470599034723e-01
3.023547685900161763e+00
4.112170320150482419e-20
-2.817028635873465969e+00
1.821667196603329320e+00
5.465278257883592339e-01
-7.608009244447879073e-20
-7.607999505501824183e-20
4.684952975380812714e-20
-2.723051869416276638e+00
1.878836833354413427e+00
-1.272383284754133648e+00
-9.400272404927739703e-26
-1.379512560595962331e-19
2.582453312740546819e-20
7.752792301853225210e-01
2.191563900771380968e+00
-1.272383284754133648e+00
-2.168403482319029015e-19
0.000000000000000000e+00
2.910938499491705038e-19
3.040921421942941461e-01
1.986835897087083636e+00
-1.272383284754133648e+00
-9.400272404927739703e-26
-1.379512560595962331e-19
6.098529886278525973e-20
3.768338323918392074e-01
1.867261430291712987e+00
