1.536630522554445877e+00
-2.895772869358165610e-21
-2.895773553401751724e-21
7.476528341793173124e-26
-3.299629282923648876e+00
3.652427975245022274e-01
1.737883516934164924e-03
-2.182374322723486415e+00
2.258240287482355502e+00
1.478002051703146103e-21
-2.901741474321737790e+00
2.966112321484387082e-01
1.536630522554445877e+00
-2.895772869358165610e-21
-2.895773553401751724e-21
1.484962129378092247e-21
-2.897983966979273518e+00
4.065470367735531387e-01
-2.356265342137283947e-01
3.413513470002973430e-27
-2.554647514496402565e-20
4.112474289474272219e-24
5.295084917410736169e-03
4.499170757845412649e-01
-2.356265342137284224e-01
1.694068192267829106e-21
0.000000000000000000e+00
-1.085055324332943780e-19
-1.087633296981402667e-02
3.561641504377776601e-01
-2.356265342137283947e-01
3.413513470002973430e-27
-2.554647514496402565e-20
1.026473469614626105e-20
1.502745965999924965e-02
3.552787820053901480e-01
