8.283371607079788035e-01
-5.724415559607248991e-20
-5.724404358341792039e-20
2.658833171942576066e-21
-3.127843063135461676e+00
1.693282244862221342e+00
1.006303264103379199e-03
-1.263681013682656840e+00
2.874639968368873699e+00
3.041041419684643280e-20
-2.870305410364744958e+00
1.382317041977155991e+00
8.283371607079788035e-01
-5.724415559607248991e-20
-5.724404358341792039e-20
3.354926453533990287e-20
-2.795934202711439998e+00
1.463365937541432515e+00
-1.083882057383148911e+00
-1.164369706561181526e-25
-1.175137979039102880e-19
1.178891271265747250e-20
4.964283821633931337e-01
1.961047975726686765e+00
-1.083882057383149133e+00
-4.898815723035340005e-26
0.000000000000000000e+00
-5.084281241266672954e-19
1.593787782857601920e-01
1.681907534787935532e+00
-1.083882057383148911e+00
-1.164369706561181526e-25
-1.175137979039102880e-19
5.079281022980143073e-20
2.472262219586002230e-01
1.601297917226601975e+00
