1.534274257212308923e+00
-3.094487888955728650e-21
-3.094488617423064254e-21
1.158900263126744810e-25
-3.299576332074474649e+00
3.697419682823476217e-01
1.735762958521836841e-03
-2.179711398397369937e+00
2.260808908823746410e+00
1.579668734033461985e-21
-2.901851342035128845e+00
3.001730650410104895e-01
1.534274257212308923e+00
-3.094487888955728650e-21
-3.094488617423064254e-21
1.587621812766425326e-21
-2.897834807436872495e+00
4.100997108090908005e-01
-2.434807520208526754e-01
1.173547823473942459e-26
-2.639802447162129743e-20
5.026708030470333659e-24
5.842789737699813704e-03
4.649071361438102956e-01
-2.434807520208527032e-01
3.388142366069538941e-21
-5.421010862427522170e-20
-1.085173198414614922e-19
-1.109589914076688708e-02
3.680687564715443005e-01
-2.434807520208526754e-01
1.173547823473942459e-26
-2.639802447162129743e-20
1.061020978029775240e-20
1.566912323797519518e-02
3.670908076070429904e-01
