1.569618237817055784e+00
-1.003046290751080208e-22
-1.003046354785354676e-22
-5.105855379414229518e-27
-3.299999540088441208e+00
3.022498340376637005e-01
1.767317000474702979e-03
-2.219335878520336536e+00
2.221951994968498489e+00
5.108369599057501412e-23
-2.900064612545930398e+00
2.467786367226021960e-01
1.569618237817055784e+00
-1.003046290751080208e-22
-1.003046354785354676e-22
5.109197284411966571e-23
-2.899935022788343808e+00
3.567785603884608414e-01
-4.712530684274567061e-02
2.872878940535652676e-28
-5.109295123893252156e-21
-2.036144955794730144e-25
4.122880824849911347e-05
8.999287896995381009e-02
-4.712530684274567755e-02
1.323495374653140866e-23
0.000000000000000000e+00
1.355218781174367056e-20
-2.572868386158263208e-03
7.114582279238172713e-02
-4.712530684274567061e-02
2.872878940535652676e-28
-5.109295123893252156e-21
2.043844088653958746e-21
2.610911769273926725e-03
7.113971583529180021e-02
