1.524063774063046717e+00
-3.954112231135934318e-21
-3.954113653617619173e-21
3.861625350469986765e-25
-3.299306049740185376e+00
3.892375259186502401e-01
1.726546100447131759e-03
-2.168137185203927508e+00
2.271903283393905237e+00
2.019825261468515107e-21
-2.902312111496377689e+00
3.156113553155834861e-01
1.524063774063046717e+00
-3.954112231135934318e-21
-3.954113653617619173e-21
2.032845927432862234e-21
-2.897173401604276055e+00
4.254912609427945469e-01
-2.748976232493496874e-01
1.172205103585452627e-26
-2.980422161059507431e-20
1.018926321043030362e-23
8.410322305072982091e-03
5.248535545534036562e-01
-2.748976232493497429e-01
1.042886486937226101e-26
0.000000000000000000e+00
-1.582117024488725867e-22
-1.182933700266121727e-02
4.157208644857818269e-01
-2.748976232493496874e-01
1.172205103585452627e-26
-2.980422161059507431e-20
1.199544025007666239e-20
1.837638789712195408e-02
4.143082453498750373e-01
