1.270136912358720060e+00
-2.458245672398681576e-20
-2.458244949653713635e-20
1.732717763078328560e-22
-3.271322363918762299e+00
8.725444342341668325e-01
1.483504928751738783e-03
-1.862934444402366552e+00
2.528047310705091366e+00
1.274914137697596007e-20
-2.905554055237429267e+00
7.015516146059816993e-01
1.270136912358720060e+00
-2.458245672398681576e-20
-2.458244949653713635e-20
1.328413027810843337e-20
-2.872977543683262081e+00
8.066171698320462324e-01
-6.911711670269351515e-01
-1.479021561465178477e-25
-7.493629776208232691e-20
1.241472216699654111e-21
1.329548288198146577e-01
1.308417090194010202e+00
-6.911711670269352625e-01
1.084200681378983261e-19
2.168404344971008868e-19
-9.584733203903180485e-21
1.476952212417564914e-02
1.055608581421265013e+00
-6.911711670269351515e-01
-1.479021561465178477e-25
-7.493629776208232691e-20
3.109196802863479623e-20
8.738780454410763343e-02
1.033092635912704838e+00
