1.474582201878165355e+00
-8.086278561479823184e-21
-8.086285372415356222e-21
5.013686741261851889e-24
-3.297056784261886531e+00
4.836853986607484446e-01
1.681247436126503481e-03
-2.111252681277285159e+00
2.324824084071777541e+00
4.143590486847912089e-21
-2.904190404199335163e+00
3.905134746892691133e-01
1.474582201878165355e+00
-8.086278561479823184e-21
-8.086285372415356222e-21
4.198749451563808592e-21
-2.893623171840085995e+00
5.000047236558674557e-01
-3.927108903562134823e-01
4.495709880465662253e-26
-4.257746496386323847e-20
6.906161554131487936e-23
2.451838976369614953e-02
7.492879937244975030e-01
-3.927108903562135933e-01
-6.776220337034134689e-21
0.000000000000000000e+00
-7.204848511710018973e-22
-1.207123945534492593e-02
5.950050878191105452e-01
-3.927108903562134823e-01
4.495709880465662253e-26
-4.257746496386323847e-20
1.724624284734482006e-20
3.092716641254174975e-02
5.908552205907084964e-01
