2.628334785950302566e-01
-9.354636359373745387e-20
-9.354633435051890351e-20
1.424462164877612765e-20
-2.786662214311812047e+00
2.666308872816408826e+00
3.276595743002609943e-04
-4.114636191622736971e-01
3.112938134336991958e+00
5.170925727479129056e-20
-2.735846281404735958e+00
2.265755828934847838e+00
2.628334785950302566e-01
-9.354636359373745387e-20
-9.354633435051890351e-20
6.053676238535610312e-20
-2.629623937980715809e+00
2.294335782705096527e+00
-1.437321858703745292e+00
4.110263565993305376e-25
-1.558335718432324561e-19
4.622376199393665908e-20
1.066119628537107733e+00
2.318350938202120126e+00
-1.437321858703745292e+00
-4.336808213321299117e-19
-2.168404344971008868e-19
3.178023874584518224e-21
4.903959829958199901e-01
2.245312087064357254e+00
-1.437321858703745292e+00
4.110263565993305376e-25
-1.558335718432324561e-19
7.069544461997192842e-20
5.314745752705409831e-01
2.092636390978277028e+00
