8.174983401341473499e-01
-5.799662720436648547e-20
-5.799651408623931030e-20
2.776722299069150731e-21
-3.122878779313827735e+00
1.712892724619488272e+00
9.938815948102044072e-04
-1.248082308881011349e+00
2.881442962599687352e+00
3.082895965920672339e-20
-2.868726684205615829e+00
1.399154437902507597e+00
8.174983401341473499e-01
-5.799662720436648547e-20
-5.799651408623931030e-20
3.405572078253221276e-20
-2.793481387839153562e+00
1.479392492307654239e+00
-1.091736275190273275e+00
-1.362715050739304660e-25
-1.183653702463534453e-19
1.221636585665538329e-20
5.067186277616748669e-01
1.972103320181732400e+00
-1.091736275190273497e+00
-2.168404819338233452e-19
-2.168404344971008868e-19
-7.708906558569159296e-20
1.641991592367004760e-01
1.694636258536489137e+00
-1.091736275190273275e+00
-1.362715050739304660e-25
-1.183653702463534453e-19
5.120564187616628621e-20
2.517979538814897333e-01
1.612488238955779529e+00
