1.512596616064645572e+00
-4.916688581895671021e-21
-4.916690692499504897e-21
9.070221618939885542e-25
-3.298923415059791253e+00
4.111305333120836569e-01
1.716141282301179632e-03
-2.155071172678001190e+00
2.284292490178323476e+00
2.513377851279556319e-21
-2.902799842458341217e+00
3.329569109739597410e-01
1.512596616064645572e+00
-4.916688581895671021e-21
-4.916690692499504897e-21
2.533570443371540143e-21
-2.896401487797162222e+00
4.427706672052706405e-01
-3.063144944778466994e-01
1.167983242556866214e-26
-3.321041976187723490e-20
1.852394349156404991e-23
1.163688100857187060e-02
5.847706999441029119e-01
-3.063144944778466994e-01
-6.776253264495448919e-21
-5.421010862427522170e-20
-1.086677087979954308e-19
-1.230883259943265501e-02
4.634323080519310856e-01
-3.063144944778466994e-01
1.167983242556866214e-26
-3.321041976187723490e-20
1.338644648079475160e-20
2.132871262727482550e-02
4.614723992784020568e-01
