1.496495469560042091e+00
-6.263186165095400179e-21
-6.263189126249244728e-21
2.136075528306103541e-24
-3.298244969520986114e+00
4.418661248896513793e-01
1.701436741001904982e-03
-2.136605715610210954e+00
2.301561422148933111e+00
3.204981761347834043e-21
-2.903431373279809158e+00
3.573248673693805721e-01
1.496495469560042091e+00
-6.263186165095400179e-21
-6.263189126249244728e-21
3.237886644103343143e-21
-2.895265796996215890e+00
4.670213730746983760e-01
-3.455855835134679643e-01
2.822311434082412166e-26
-3.746816839329366058e-20
3.533351760479438005e-23
1.671089254572489385e-02
6.596081434300345991e-01
-3.455855835134680198e-01
6.776290342226442613e-21
-1.084202172485504434e-19
-4.129296304401616057e-22
-1.250534726538025249e-02
5.231662563939768473e-01
-3.455855835134679643e-01
2.822311434082412166e-26
-3.746816839329366058e-20
1.513422572271247568e-20
2.540418366818046614e-02
5.203443509492874375e-01
