1.346951162512396438e+00
-1.849158168314762286e-20
-1.849158992740331319e-20
7.034922788833319139e-23
-3.284083628481092809e+00
7.268083667106964851e-01
1.559729750848908155e-03
-1.958654953203175841e+00
2.454679670227785770e+00
9.548371517644528421e-21
-2.906272111964703697e+00
5.843883611370901399e-01
1.346951162512396438e+00
-1.849158168314762286e-20
-1.849158992740331319e-20
9.845915880447113471e-21
-2.881854258443375283e+00
6.916439830382797860e-01
-5.969205533414441156e-01
-2.735172108206662950e-26
-6.471776508326911587e-20
5.910347860191956121e-22
8.588079543664536852e-02
1.134434841811361228e+00
-5.969205533414442266e-01
-2.710507809733468182e-20
0.000000000000000000e+00
-4.835415250583504162e-21
8.673669027567387779e-04
9.089113823136280024e-01
-5.969205533414441156e-01
-2.735172108206662950e-26
-6.471776508326911587e-20
2.662242162751793885e-20
6.489045207699559170e-02
8.943358636782663407e-01
