1.466649441892969863e+00
-8.743576220804158009e-21
-8.743584139523313322e-21
6.469777262969498156e-24
-3.296551418904801523e+00
4.988204529572884405e-01
1.673888934938369457e-03
-2.102012128685187164e+00
2.333176659866167846e+00
4.482615657573608219e-21
-2.904436502817351329e+00
4.025349785505438760e-01
1.466649441892969863e+00
-8.743576220804158009e-21
-8.743584139523313322e-21
4.547236622061218172e-21
-2.893001044258432852e+00
5.119389560264440142e-01
-4.084193259704619883e-01
4.512620182567019745e-26
-4.428056273121522049e-20
8.465912060461584880e-23
2.757769232437738000e-02
7.791411046155012343e-01
-4.084193259704620438e-01
4.323857573898190714e-26
-1.084202172485504434e-19
-2.176974165867855426e-19
-1.174715623357137917e-02
6.189937948841006676e-01
-4.084193259704619883e-01
4.512620182567019745e-26
-4.428056273121522049e-20
1.795409739232676631e-20
3.293554250562334001e-02
6.143233326073038736e-01
