1.529326099993820742e+00
-3.511373916536371834e-21
-3.511374992975405271e-21
2.269358279968369666e-25
-3.299453634255419043e+00
3.791899991195968878e-01
1.731301955944117678e-03
-2.174109424847137984e+00
2.266192792153145508e+00
1.793056459963522679e-21
-2.902077749673166007e+00
3.076539497984893123e-01
1.529326099993820742e+00
-3.511373916536371834e-21
-3.511374992975405271e-21
1.803310233602950616e-21
-2.897517332139621260e+00
4.175593754694713056e-01
-2.591891876351011814e-01
1.171772355177756230e-26
-2.810112363333076356e-20
7.278405942569166263e-24
7.048866210932727000e-03
4.948833810383260756e-01
-2.591891876351011814e-01
-3.388121272226359357e-21
-5.421010862427522170e-20
-1.246417260357852817e-22
-1.149250429922966596e-02
3.918878483276722058e-01
-2.591891876351011814e-01
1.171772355177756230e-26
-2.810112363333076356e-20
1.130214057402412629e-20
1.699379369712213789e-02
3.907058374118759225e-01
