1.526734208117469516e+00
-3.729518433238992069e-21
-3.729519682983622988e-21
2.997198874225287027e-25
-3.299383145593309585e+00
3.841388329299801341e-01
1.728961013940002577e-03
-2.171169750406366727e+00
2.269007385956176570e+00
1.904770147514971408e-21
-2.902194009274235320e+00
3.115730697209592170e-01
1.526734208117469516e+00
-3.729518433238992069e-21
-3.729519682983622988e-21
1.916345485993225722e-21
-2.897348744397887810e+00
4.214663061292024393e-01
-2.670434054422254344e-01
1.171953085217003454e-26
-2.895267230757135230e-20
8.644264762446997009e-24
7.709585312430494372e-03
5.098692988670092685e-01
-2.670434054422254899e-01
1.045850939605768096e-26
-1.084202172485504434e-19
1.082796034484352043e-19
-1.166862321342060013e-02
4.038025592997073754e-01
-2.670434054422254344e-01
1.171953085217003454e-26
-2.895267230757135230e-20
1.164861497640463945e-20
1.767764087210422358e-02
4.025086632668579134e-01
