3.195409311624674564e-01
-9.017304587319667533e-20
-9.017300517596427611e-20
1.251127435026303232e-20
-2.827853751904964241e+00
2.574008259125997622e+00
3.978058084389829029e-04
-4.995508463724707693e-01
3.100028416004691145e+00
4.959384701933256700e-20
-2.754417331587765805e+00
2.176979176852424480e+00
3.195409311624674564e-01
-9.017304587319667533e-20
-9.017300517596427611e-20
5.777360777197356141e-20
-2.649985561754193419e+00
2.211533560791770103e+00
-1.405904987475247836e+00
1.911204242409513006e-25
-1.524273487054062554e-19
4.164325485683787473e-20
1.008114542518022905e+00
2.300610631321117427e+00
-1.405904987475247836e+00
-4.336808370027263677e-19
-2.168404344971008868e-19
1.666016603201750294e-20
4.499293755768860592e-01
2.197366001734839536e+00
-1.405904987475247836e+00
1.911204242409513006e-25
-1.524273487054062554e-19
6.875516222423084147e-20
4.985095562963467453e-01
2.050544855674952593e+00
