9.910765536715939739e-01
-4.567024734951243781e-20
-4.567017054185964404e-20
1.264917597422095259e-21
-3.194263434730157059e+00
1.395371673229985676e+00
1.189057480709364767e-03
-1.493177470702102383e+00
2.762466788806372975e+00
2.404704075731633685e-20
-2.889745382865313239e+00
1.130241976499422929e+00
9.910765536715939739e-01
-4.567024734951243781e-20
-4.567017054185964404e-20
2.599557068572517685e-20
-2.829488536109524333e+00
1.222269757191175810e+00
-9.582145724691597533e-01
1.379026856503561077e-25
-1.038888813031023531e-19
6.397768872619118785e-21
3.482410276162591911e-01
1.770799206969457584e+00
-9.582145724691598643e-01
2.168404864928707947e-19
2.168404344971008868e-19
3.902433252797353999e-19
9.418988861470489748e-02
1.479005572092644716e+00
-9.582145724691597533e-01
1.379026856503561077e-25
-1.038888813031023531e-19
4.429380114655011341e-20
1.823722491455385120e-01
1.421266583440206954e+00
