1.182012588562784794e+00
-3.141557204135636554e-20
-3.141552817220094532e-20
3.783427771229818714e-22
-3.252144172811926914e+00
1.038936108758367949e+00
1.393372033064319655e-03
-1.749748655344969706e+00
2.607618508727800322e+00
1.637244316082749482e-20
-2.902844335249950447e+00
8.364154345565057991e-01
1.182012588562784794e+00
-3.141557204135636554e-20
-3.141552817220094532e-20
1.726247767318447974e-20
-2.861147382956547691e+00
9.382062208263921566e-01
-7.854217807124261874e-01
-2.655119589160057927e-25
-8.515482510934563496e-20
2.364360111194835480e-21
1.942784014422627714e-01
1.478041521620065302e+00
-7.854217807124264095e-01
5.420984249353003595e-20
0.000000000000000000e+00
1.994277185774404053e-19
3.521425287955509686e-02
1.203693821199576464e+00
-7.854217807124261874e-01
-2.655119589160057927e-25
-8.515482510934563496e-20
3.565965011463508832e-20
1.151629534917672504e-01
1.170944126679010822e+00
