7.164145569564575045e-01
-6.490544390787491264e-20
-6.490532195817111312e-20
4.044952048024315748e-21
-3.073426620286742406e+00
1.894225108520618761e+00
8.766814641394025075e-04
-1.100906417422209627e+00
2.940788865458193513e+00
3.470418374529199659e-20
-2.852231746449402028e+00
1.556441408813123983e+00
7.164145569564575045e-01
-6.490544390787491264e-20
-6.490532195817111312e-20
3.879859397328350713e-20
-2.769273587882226106e+00
1.628676745921379343e+00
-1.162424235454392552e+00
1.125364651673503394e-25
-1.260294350527594056e-19
1.663029558020273943e-20
6.046731337586261912e-01
2.066382160710165117e+00
-1.162424235454392774e+00
1.218749598179012912e-25
0.000000000000000000e+00
3.334972190175637244e-19
2.120251748771855294e-01
1.809259878603364013e+00
-1.162424235454392552e+00
1.125364651673503394e-25
-1.260294350527594056e-19
5.496250053985349362e-20
2.959932813880392644e-01
1.712827304556210128e+00
