1.116979665119795406e+00
-3.635430227308351198e-20
-3.635422785856116242e-20
6.042847057522905186e-22
-3.234915653414411452e+00
1.161039623936389154e+00
1.325114525512702864e-03
-1.664033226039533186e+00
2.663101846740924206e+00
1.901308842402918929e-20
-2.899515428998954203e+00
9.362470763240162697e-01
1.116979665119795406e+00
-3.635430227308351198e-20
-3.635422785856116242e-20
2.022024057877072640e-20
-2.851291532435660692e+00
1.035112923815719954e+00
-8.482555231694202114e-01
-9.400118766133024980e-26
-9.196717150263823875e-20
3.479454604012980371e-21
2.438003496086830757e-01
1.587743556799904532e+00
-8.482555231694202114e-01
-1.378775324937762144e-25
0.000000000000000000e+00
-2.488703178746640957e-20
5.311882952916291423e-02
1.303238463967230087e+00
-8.482555231694202114e-01
-9.400118766133024980e-26
-9.196717150263823875e-20
3.876029176787394382e-20
1.369823307168259729e-01
1.262332277358665600e+00
