5.966377353978120635e-01
-7.284036968227842181e-20
-7.284027341602258776e-20
5.976567708216101889e-21
-3.007663540462271801e+00
2.105135782114469833e+00
7.349379601170559148e-04
-9.229098022907550325e-01
3.001379470369840430e+00
3.923901509595435373e-20
-2.828415442635603849e+00
1.743341476706657733e+00
5.966377353978120635e-01
-7.284036968227842181e-20
-7.284027341602258776e-20
4.446427015638879061e-20
-2.737420206039423043e+00
1.805146548640966131e+00
-1.240966413525636192e+00
-1.847136848223950442e-25
-1.345450934319515927e-19
2.287878434586035258e-20
7.243859072942013810e-01
2.158746046276294628e+00
-1.240966413525636192e+00
-4.336807854649995599e-19
-2.168404344971008868e-19
-1.297803101554658654e-19
2.754113256782700914e-01
1.936305177185042359e+00
-1.240966413525636192e+00
-1.847136848223950442e-25
-1.345450934319515927e-19
5.923875443726141003e-20
3.521093441342827424e-01
1.823383144778362830e+00
