6.212214371341111541e-01
-7.123380281094435533e-20
-7.123370238032489251e-20
5.539679604860347940e-21
-3.021778425526493450e+00
2.062220052169095208e+00
7.642616265210435073e-04
-9.597334535466662819e-01
2.989814331824601101e+00
3.831256268973916504e-20
-2.833691142581943101e+00
1.704941205895576406e+00
6.212214371341111541e-01
-7.123380281094435533e-20
-7.123370238032489251e-20
4.329733236640538599e-20
-2.744242645883765874e+00
1.768964377001327248e+00
-1.225257977911387464e+00
-3.415748979748768938e-26
-1.328419040350715642e-19
2.150501966961819873e-20
6.995658693784673199e-01
2.141416764837355213e+00
-1.225257977911387464e+00
-2.168403422221823048e-19
-2.168404344971008868e-19
-1.235654078959061812e-19
2.618071126428623829e-01
1.910961320865868229e+00
-1.225257977911387464e+00
-3.415748979748768938e-26
-1.328419040350715642e-19
5.837341109209388197e-20
3.402520138113691583e-01
1.801363836674246377e+00
