9.020097237388047251e-01
-5.206903202595731538e-20
-5.206894333669110835e-20
1.943741745875813239e-21
-3.159813078267692976e+00
1.559192751647075159e+00
1.089933962764078708e-03
-1.368701567466838798e+00
2.826173198640883566e+00
2.754863601585408853e-20
-2.880085136180797978e+00
1.268027371809720805e+00
9.020097237388047251e-01
-5.206903202595731538e-20
-5.206894333669110835e-20
3.011781944039448361e-20
-2.811881347417001908e+00
1.354330576838638889e+00
-1.028902532733278363e+00
-1.938071452861635131e-25
-1.115528441533337657e-19
9.112583718654090186e-21
4.277761871352705469e-01
1.880743341689711023e+00
-1.028902532733278585e+00
-1.545688746227463929e-25
2.168404344971008868e-19
-5.963368448613105721e-20
1.281953903763698444e-01
1.592930553600237609e+00
-1.028902532733278363e+00
-1.938071452861635131e-25
-1.115528441533337657e-19
4.792539756999417300e-20
2.169929766136229343e-01
1.522755502599161703e+00
