1.412455339023812817e+00
-1.319631008076492307e-20
-1.319632259987512596e-20
2.418599414481855259e-23
-3.292030358771410814e+00
6.021466780895186055e-01
1.622920369736922854e-03
-2.038007558207752368e+00
2.389249881550956633e+00
6.787823364463562700e-21
-2.905706673690724884e+00
4.847626487427673103e-01
1.412455339023812817e+00
-1.319631008076492307e-20
-1.319632259987512596e-20
6.937017362789783074e-21
-2.888361855432672876e+00
5.933865746504380922e-01
-5.026699396559530797e-01
-2.025608838827333983e-26
-5.449914962410295639e-20
2.462961097297350964e-22
5.137094572739298037e-02
9.576319633865586489e-01
-5.026699396559530797e-01
-2.710507622328103271e-20
-2.168404344971008868e-19
-2.186834977831622493e-21
-7.634477220911123352e-03
7.634386599193847545e-01
-5.026699396559530797e-01
-2.025608838827333983e-26
-5.449914962410295639e-20
2.224588644917074186e-20
4.696750506029045980e-02
7.547199411722662621e-01
