1.462565248633265202e+00
-9.081434251156165356e-21
-9.081442851882047035e-21
7.316368469015656733e-24
-3.296275641981557758e+00
5.066118640034434906e-01
1.670090134787073589e-03
-2.097241726044244192e+00
2.337462686824099745e+00
4.657005347453582320e-21
-2.904557243644684483e+00
4.087257240019366855e-01
1.462565248633265202e+00
-9.081434251156165356e-21
-9.081442851882047035e-21
4.726788961238302325e-21
-2.892675054715819538e+00
5.180820845222957605e-01
-4.162735437775862413e-01
4.499958608220206338e-26
-4.513211360224372016e-20
9.343488628185422748e-23
2.919817675881711261e-02
7.940586472447834776e-01
-4.162735437775862968e-01
4.323858524906977407e-26
0.000000000000000000e+00
-2.177731561937989254e-19
-1.154923362631907202e-02
6.309966414062130324e-01
-4.162735437775862413e-01
4.499958608220206338e-26
-4.513211360224372016e-20
1.830878295684661505e-20
3.397292610211014724e-02
6.260504005129595706e-01
