4.157550992997400829e-01
-8.431519234792769106e-20
-8.431513540082242994e-20
9.889986350639305284e-21
-2.894447503005309397e+00
2.414455217908524798e+00
5.160609646516670741e-04
-6.480516025335841812e-01
3.072432942102386821e+00
4.600860843658543691e-20
-2.783209813994038218e+00
2.026317128379254484e+00
4.157550992997400829e-01
-8.431519234792769106e-20
-8.431513540082242994e-20
5.311799799398833474e-20
-2.682580536761897783e+00
2.070744018476773363e+00
-1.350925462825377288e+00
3.295102256200467581e-25
-1.464664173834794084e-19
3.444366730039226026e-20
9.092856189112759058e-01
2.262035066033131869e+00
-1.350925462825377510e+00
-4.336808376981477002e-19
-2.168404344971008868e-19
4.065184692922128839e-20
3.849399906737892563e-01
2.111761239521955602e+00
-1.350925462825377288e+00
3.295102256200467581e-25
-1.464664173834794084e-19
6.547494955161646653e-20
4.449574077406718287e-01
1.975818586603342641e+00
