8.709070212225924479e-01
-5.426674290334827031e-20
-5.426664410930069350e-20
2.227718623007233452e-21
-3.146695258333243927e+00
1.615967205696441589e+00
1.054800798135046170e-03
-1.324582548239110036e+00
2.847106139441902606e+00
2.876047431688072985e-20
-2.876157176844341024e+00
1.316243755722463327e+00
8.709070212225924479e-01
-5.426674290334827031e-20
-5.426664410930069350e-20
3.156413767668422250e-20
-2.805302544696834932e+00
1.400384240052193752e+00
-1.052465186154651455e+00
-3.015638711655685421e-25
-1.141074195939720718e-19
1.019384508653485679e-20
4.564722643762063603e-01
1.915764447567707141e+00
-1.052465186154651677e+00
-2.168406836206219397e-19
-2.168404344971008868e-19
-6.583699876033321631e-20
1.410237678044292675e-01
1.631032535271567330e+00
-1.052465186154651455e+00
-3.015638711655685421e-25
-1.141074195939720718e-19
4.914935171980299865e-20
2.295786983076614218e-01
1.556460501658522677e+00
