1.566476550468278939e+00
-3.676258700617961852e-22
-3.676258849730732575e-22
-1.843723764293580299e-26
-3.299994121178691842e+00
3.082493570613454859e-01
1.764534377973335250e-03
-2.215841557089178071e+00
2.225434231010872121e+00
1.872661741859190473e-22
-2.900235440225439110e+00
2.515219650666883910e-01
1.566476550468278939e+00
-3.676258700617961852e-22
-3.676258849730732575e-22
1.873774497501446999e-22
-2.899760266307342071e+00
3.615209387425711851e-01
-8.639639587836707435e-02
1.762511999086968374e-27
-9.367041065968476525e-21
-3.499736609373355706e-25
2.591708083938088435e-04
1.649867296694766394e-01
-8.639639587836708823e-02
1.058804714565407991e-22
0.000000000000000000e+00
2.710261638934087165e-20
-4.641871407523897979e-03
1.304490204140256182e-01
-8.639639587836707435e-02
1.762511999086968374e-27
-9.367041065968476525e-21
3.748657074801663773e-21
4.861643468391753029e-03
1.304079671000866192e-01
