6.985534707398632914e-02
-1.045883196747166131e-19
-1.045884150401788407e-19
2.125575631222313481e-20
-2.636503379055812779e+00
2.970150378463716656e+00
8.731775403028926147e-05
-1.096506310430372944e-01
3.138085854746707426e+00
5.897083510585585544e-20
-2.663449820780694033e+00
2.567287015425617103e+00
6.985534707398632914e-02
-1.045883196747166131e-19
-1.045884150401788407e-19
7.006453675039852661e-20
-2.553718098982737050e+00
2.574964855698493871e+00
-1.539426690196362024e+00
8.265360537685146323e-25
-1.669036893790383740e-19
6.363933908469369592e-20
1.260007785765461907e+00
2.352693363329440235e+00
-1.539426690196362468e+00
1.843187532040259655e-26
-1.355252715606880543e-19
-3.663955534066666677e-20
6.398291722023450312e-01
2.394175434926543389e+00
-1.539426690196362024e+00
8.265360537685146323e-25
-1.669036893790383740e-19
7.745618112008447579e-20
6.516486444414758550e-01
2.225251493629566202e+00
