1.276970081850918426e+00
-2.404575796596469283e-20
-2.404575302972896743e-20
1.615533993270552629e-22
-3.272607460041078387e+00
8.596038246382063930e-01
1.490375896020349226e-03
-1.871562768800983489e+00
2.521670290209086396e+00
1.246601357353749390e-20
-2.905679276765218866e+00
6.911143344084677009e-01
1.276970081850918426e+00
-2.404575796596469283e-20
-2.404575302972896743e-20
1.297713452917836050e-20
-2.873821450902378505e+00
7.964000358654695910e-01
-6.833169492198108985e-01
-1.438995363886446381e-25
-7.408473470820671046e-20
1.171837698077756774e-21
1.285096122315936007e-01
1.294060959596045057e+00
-6.833169492198108985e-01
-1.496319330129728452e-25
-2.168404344971008868e-19
-2.259264138338430614e-19
1.337788779220738800e-02
1.043332712817216956e+00
-6.833169492198108985e-01
-1.438995363886446381e-25
-7.408473470820671046e-20
3.071580248545874410e-20
8.532139210827374698e-02
1.021563720439844891e+00
