1.545270162142282189e+00
-2.166057456213068339e-21
-2.166057962481309855e-21
-2.088244762938905168e-26
-3.299793204189239937e+00
3.487453297223089832e-01
1.745638260427703585e-03
-2.192112462775361426e+00
2.248795210853595350e+00
1.104930207435117248e-21
-2.901327300726286307e+00
2.835538902731601363e-01
1.545270162142282189e+00
-2.166057456213068339e-21
-2.166057962481309855e-21
1.108815482316051339e-21
-2.898519727533146018e+00
3.935180550395291355e-01
-2.042096629852312717e-01
3.338836556847406927e-27
-2.214027807574001352e-20
1.556304975197118758e-24
3.445744963314704631e-03
3.899466410546409967e-01
-2.042096629852312994e-01
2.360474194258836972e-27
0.000000000000000000e+00
1.083711274241674318e-19
-9.866976916118097574e-03
3.085760531973655851e-01
-2.042096629852312717e-01
3.338836556847406927e-27
-2.214027807574001352e-20
8.885862812048898530e-21
1.258876811127456787e-02
3.080027196217879348e-01
