1.547233716594063502e+00
-1.999972992360444871e-21
-1.999973519165375794e-21
-3.227340682543194104e-26
-3.299823833209943658e+00
3.449958098164737641e-01
1.747396169401109261e-03
-2.194319984288572556e+00
2.246642741912686425e+00
1.020076919304224167e-21
-2.901230691039677900e+00
2.805869050374425466e-01
1.547233716594063502e+00
-1.999972992360444871e-21
-1.999973519165375794e-21
1.023387482211432186e-21
-2.898639043745414590e+00
3.905563706372268129e-01
-1.963554451781069909e-01
-8.319410331935588817e-28
-2.128872881829602967e-20
1.139095919604287558e-24
3.062902070358969678e-03
3.749519905835233535e-01
-1.963554451781070465e-01
-1.772695134890451876e-27
5.421010862427522170e-20
-4.233049581702428337e-23
-9.584137100962007369e-03
2.966860567077403421e-01
-1.963554451781069909e-01
-8.319410331935588817e-28
-2.128872881829602967e-20
8.541853246951451547e-21
1.200896627288215723e-02
2.961771726495305845e-01
