1.569146984731195182e+00
-1.404174417689890899e-22
-1.404174509299654291e-22
-7.142000335208959117e-27
-3.299999127800358867e+00
3.031497628273632228e-01
1.766899884407432432e-03
-2.218812078594710524e+00
2.222474679958922117e+00
7.151484762765563382e-23
-2.900090385638459001e+00
2.474901011100367199e-01
1.569146984731195182e+00
-1.404174417689890899e-22
-1.404174509299654291e-22
7.153107019358902108e-23
-2.899908958093709188e+00
3.574899514919622767e-01
-5.497952464986995136e-02
6.583957382859166276e-29
-5.960844311347768961e-21
-2.365511023207805255e-25
6.596786985627658148e-05
1.049916828477024666e-01
-5.497952464986995830e-02
-1.947254461085144843e-28
1.355252715606880543e-20
-5.599149541667612117e-25
-2.994173873534899076e-03
8.300489030031384108e-02
-5.497952464986995136e-02
6.583957382859166276e-29
-5.960844311347768961e-21
2.384638664597461146e-21
3.053565612020183503e-03
8.299491550014506669e-02
