7.508160309516614950e-01
-6.257616366462476129e-20
-6.257604172569415647e-20
3.578104402170658511e-21
-3.090890299973731103e+00
1.832837870206806885e+00
9.168338492519213182e-04
-1.151328401029806603e+00
2.921427499335590650e+00
3.339081871440091087e-20
-2.858208335751366125e+00
1.502861956653071651e+00
7.508160309516614950e-01
-6.257616366462476129e-20
-6.257604172569415647e-20
3.718050744678602525e-20
-2.777783773182318505e+00
1.577907874167466140e+00
-1.138861582033019459e+00
-2.353493683357582287e-25
-1.234747441372779163e-19
1.504106378261836585e-20
5.709635233158053547e-01
2.036044485739228804e+00
-1.138861582033019682e+00
-5.270049800660449877e-26
0.000000000000000000e+00
-9.208856405982676610e-20
1.951666323732077490e-01
1.771051935854395909e+00
-1.138861582033019459e+00
-2.353493683357582287e-25
-1.234747441372779163e-19
5.370187206351334499e-20
2.806335447187702226e-01
1.679459491292696782e+00
