1.334934209267495619e+00
-1.945284168965589367e-20
-1.945284912908143042e-20
8.257535302121948120e-23
-3.282331828264655638e+00
7.496433100264647820e-01
1.547953803939231725e-03
-1.943867124293842119e+00
2.466399157631638861e+00
1.005171055146848817e-20
-2.906259004122411227e+00
6.026935535051406445e-01
1.334934209267495619e+00
-1.945284168965589367e-20
-1.945284912908143042e-20
1.038190701359142409e-20
-2.880554058863232125e+00
7.096480101173949784e-01
-6.126289889556926216e-01
-9.196164945280590245e-26
-6.642084850419610198e-20
6.742862413585962928e-22
9.280602895121853324e-02
1.163664008119871252e+00
-6.126289889556926216e-01
-2.710514257408345312e-20
-2.168404344971008868e-19
-5.456894675489564717e-21
2.780348186274539390e-03
9.332708940918961193e-01
-6.126289889556926216e-01
-9.196164945280590245e-26
-6.642084850419610198e-20
2.736071027315815163e-20
6.830374880494541334e-02
9.175232994666037145e-01
