1.570796370506286621e+00
0.000000000000000000e+00
0.000000000000000000e+00
0.000000000000000000e+00
-3.299999952316284180e+00
3.000000119209289551e-01
1.768359360906090116e-03
-2.220644838953635958e+00
2.220644741886165452e+00
0.000000000000000000e+00
-2.899999949912158037e+00
2.450000294054850425e-01
1.570796370506286621e+00
0.000000000000000000e+00
0.000000000000000000e+00
0.000000000000000000e+00
-2.899999954720410944e+00
3.550000294054849181e-01
0.000000000000000000e+00
0.000000000000000000e+00
0.000000000000000000e+00
0.000000000000000000e+00
0.000000000000000000e+00
0.000000000000000000e+00
0.000000000000000000e+00
0.000000000000000000e+00
0.000000000000000000e+00
0.000000000000000000e+00
0.000000000000000000e+00
0.000000000000000000e+00
0.000000000000000000e+00
0.000000000000000000e+00
0.000000000000000000e+00
0.000000000000000000e+00
0.000000000000000000e+00
0.000000000000000000e+00
