1.503171554696097312e+00
-5.705598715829578961e-21
-5.705601337751204936e-21
1.547297897839957717e-24
-3.298546286449331788e+00
4.291228294162358625e-01
1.707547168076540981e-03
-2.144278979598216228e+00
2.294419176884095357e+00
2.918418125270218816e-21
-2.903177088178596765e+00
3.472192454973603293e-01
1.503171554696097312e+00
-5.705598715829578961e-21
-5.705601337751204936e-21
2.945677684690488579e-21
-2.895744031635780757e+00
4.569678202964496117e-01
-3.298771478992194583e-01
1.168775269729580379e-26
-3.576506812348668171e-20
2.759775619987522013e-23
1.453434267119220122e-02
6.296825087891525508e-01
-3.298771478992195139e-01
6.776273838472951441e-21
1.084202172485504434e-19
-3.384128143109367200e-22
-1.248377799469082422e-02
4.992592452964016436e-01
-3.298771478992194583e-01
1.168775269729580379e-26
-3.576506812348668171e-20
1.443384816534593335e-20
2.371976884603689550e-02
4.968072498038837992e-01
