1.316319713064611152e+00
-2.093568145606410533e-20
-2.093568467691878908e-20
1.041776385489846442e-22
-3.279438857458109702e+00
7.849905206795341206e-01
1.529602589130171645e-03
-1.920822300161814100e+00
2.484376916119017231e+00
1.082948879887721620e-20
-2.906166423670126342e+00
6.310662205382127077e-01
1.316319713064611152e+00
-2.093568145606410533e-20
-2.093568467691878908e-20
1.121356790235849536e-20
-2.878475143303306449e+00
7.375236908803458613e-01
-6.361916423770653806e-01
-9.075841322284446459e-26
-6.897548796643572095e-20
8.164268733458902120e-22
1.038668392733403112e-01
1.207348733974170640e+00
-6.361916423770653806e-01
5.421001986714881290e-20
-2.168404344971008868e-19
-6.506887606676925755e-21
5.941485964692738708e-03
9.698759312685094613e-01
-6.361916423770653806e-01
-9.075841322284446459e-26
-6.897548796643572095e-20
2.847309902202206675e-20
7.366883886496208844e-02
9.522589701324183364e-01
