1.073781467180612514e+00
-3.958683791970829696e-20
-3.958675833174701457e-20
7.953215948669329532e-22
-3.222044204562058312e+00
1.241769237745385723e+00
1.278996509246617007e-03
-1.606119808108133595e+00
2.698404122570626118e+00
2.075175212570118068e-20
-2.896664487137729616e+00
1.002702218922495447e+00
1.073781467180612514e+00
-3.958683791970829696e-20
-3.958675833174701457e-20
2.219469075635543392e-20
-2.844216080219833742e+00
1.099393297165396577e+00
-8.875266122050414763e-01
1.355289014658609327e-25
-9.622491392369704769e-20
4.364359152355638753e-21
2.784515555003647114e-01
1.654572962149058579e+00
-8.875266122050415873e-01
4.224122383552557323e-26
-2.168404344971008868e-19
-3.065285804148621559e-20
6.627321419452614215e-02
1.365789803863211027e+00
-8.875266122050414763e-01
1.355289014658609327e-25
-9.622491392369704769e-20
4.072081859908327249e-20
1.520891192979005879e-01
1.319240446955819213e+00
