5.338039929408179285e-01
-7.689526341590270764e-20
-7.689516702342784080e-20
7.193306949110304585e-21
-2.970177048528778840e+00
2.213901350194545703e+00
6.594958989998716842e-04
-8.281722577097992977e-01
3.028875108226741109e+00
4.159865812724787289e-20
-2.814000611762543347e+00
1.841565586939117871e+00
5.338039929408179285e-01
-7.689526341590270764e-20
-7.689516702342784080e-20
4.745662499165255827e-20
-2.719304055155868927e+00
1.897534883583250176e+00
-1.280237502561258012e+00
-7.468950235230820620e-26
-1.388027971583712133e-19
2.660402842809482342e-20
7.882559652430968233e-01
2.199371779963203544e+00
-1.280237502561258456e+00
2.168405203016792629e-19
0.000000000000000000e+00
2.878222087688242074e-19
3.115777575787280762e-01
1.999428848598681974e+00
-1.280237502561258012e+00
-7.468950235230820620e-26
-1.388027971583712133e-19
6.142592526900218367e-20
3.832317501345222643e-01
1.878194765467402050e+00
