1.256234946840109501e+00
-2.567129507166477111e-20
-2.567128319483441691e-20
1.988304232124710440e-22
-3.268617824217815215e+00
8.988560372921179376e-01
1.469472760844211297e-03
-1.845313330784986494e+00
2.540930075544493238e+00
1.332419252209757123e-20
-2.905261919722197383e+00
7.227950062029773193e-01
1.256234946840109501e+00
-2.567129507166477111e-20
-2.567128319483441691e-20
1.390938093338331632e-20
-2.871227985382533099e+00
8.273975459109761399e-01
-7.068796026411836575e-01
-2.117547224251368404e-25
-7.663937761879217720e-20
1.390643367482072891e-21
1.421434612238057782e-01
1.337038311268826662e+00
-7.068796026411837685e-01
-2.117993217987491854e-25
0.000000000000000000e+00
-2.274871951203439480e-19
1.768950952691700218e-02
1.080189433881636019e+00
-7.068796026411836575e-01
-2.117547224251368404e-25
-7.663937761879217720e-20
3.184636841952321350e-20
9.163091123096575585e-02
1.056131539899298311e+00
