1.567261972329669684e+00
-3.008170689657551244e-22
-3.008170759394583506e-22
-1.517670371114256510e-26
-3.299996064947926300e+00
3.067494769706227142e-01
1.765230441600724098e-03
-2.216715649811296540e+00
2.224564186591960535e+00
1.532261200762500294e-22
-2.900192952368502386e+00
2.503360816481939866e-01
1.567261972329669684e+00
-3.008170689657551244e-22
-3.008170759394583506e-22
1.533006099884146327e-22
-2.899804174186742856e+00
3.603353946075275038e-01
-7.854217807124279360e-02
6.917798596892423719e-28
-8.515491876208640385e-21
-3.260533931793237424e-25
1.943769234560047089e-04
1.499880090722767179e-01
-7.854217807124280748e-02
3.195512615925653565e-28
-2.710505431213761085e-20
-1.783991232267522513e-24
-4.236454017561605556e-03
1.185866018106265102e-01
-7.854217807124279360e-02
6.917798596892423719e-28
-8.515491876208640385e-21
3.407504778377909813e-21
4.403131608604728478e-03
1.185560663254445063e-01
