1.283724709165044997e+00
-2.351424991138804296e-20
-2.351424628546875801e-20
1.504999281937548635e-22
-3.273849085722173591e+00
8.468070663709709178e-01
1.497150809462693532e-03
-1.880070471985422653e+00
2.515337637253671765e+00
1.218583200919872669e-20
-2.905791197903170531e+00
6.807998640747630059e-01
1.283724709165044997e+00
-2.351424991138804296e-20
-2.351424628546875801e-20
1.267388312435576559e-20
-2.874645259061102021e+00
7.862983498157731788e-01
-6.754627314126866455e-01
-8.141175939880670083e-26
-7.323320655498875327e-20
1.105347113330040499e-21
1.241625681095200051e-01
1.279675826723544851e+00
-6.754627314126867565e-01
-8.666699371086697547e-26
0.000000000000000000e+00
-8.607911094624498899e-21
1.203088981234501365e-02
1.031066440499337045e+00
-6.754627314126866455e-01
-8.141175939880670083e-26
-7.323320655498875327e-20
3.034032833486328333e-20
8.329118515087011176e-02
1.010028519576660955e+00
