8.065809773822446571e-01
-5.875225649561575876e-20
-5.875214213467308674e-20
2.898885957635704474e-21
-3.117811593036210915e+00
1.732613757821305667e+00
9.813404472681964714e-04
-1.232333567322887902e+00
2.888209728447679314e+00
3.124991873764930354e-20
-2.867099770465223685e+00
1.416119552466556852e+00
8.065809773822446571e-01
-5.875225649561575876e-20
-5.875214213467308674e-20
3.456626078463543739e-20
-2.790982987707644192e+00
1.495531361302745443e+00
-1.099590492997397639e+00
-1.481573393101688124e-25
-1.192169286288283120e-19
1.265591317326308107e-20
5.171287647856410707e-01
1.983048320379584784e+00
-1.099590492997397861e+00
-2.168404829926725693e-19
0.000000000000000000e+00
-7.947640950224825250e-20
1.691147454887932389e-01
1.707367983798477429e+00
-1.099590492997397639e+00
-1.481573393101688124e-25
-1.192169286288283120e-19
5.161945081407542406e-20
2.564352155167930469e-01
1.623670693120693898e+00
