1.296998337259085199e+00
-2.246693319640810267e-20
-2.246693226169822902e-20
1.302667458452065637e-22
-3.276205805809822014e+00
8.216462150560404076e-01
1.510414538896521879e-03
-1.896726606997623632e+00
2.502809714813817532e+00
1.163434990828447311e-20
-2.905976888268902769e+00
6.605389569436910246e-01
1.296998337259085199e+00
-2.246693319640810267e-20
-2.246693226169822902e-20
1.207858746144690323e-20
-2.876233999719166157e+00
7.664415564430325789e-01
-6.597542957984381395e-01
-8.570445585569415466e-26
-7.153011781145136891e-20
9.814076111081414504e-22
1.157592470998036471e-01
1.250822458494259104e+00
-6.597542957984382506e-01
1.084201290033010897e-19
0.000000000000000000e+00
-7.711411911823351560e-21
9.468041475873378854e-03
1.006562339717832044e+00
-6.597542957984381395e-01
-8.570445585569415466e-26
-7.153011781145136891e-20
2.959144275331697244e-20
7.933773643178546053e-02
9.869393412276890043e-01
