8.517107179787869464e-02
-1.037366117961818693e-19
-1.037366965517955076e-19
2.063419617410571608e-20
-2.648952345762381366e+00
2.946636647181120505e+00
1.064515795123123384e-04
-1.336782307233554956e-01
3.137154632418361011e+00
5.838889923989018166e-20
-2.669725723967236064e+00
2.543407845186572924e+00
8.517107179787869464e-02
-1.037366117961818693e-19
-1.037366965517955076e-19
6.930049368283654792e-20
-2.560124458971686501e+00
2.552765340117125969e+00
-1.531572472389237660e+00
8.944582333762196670e-25
-1.660521459133875757e-19
6.215601381174188568e-20
1.244896670656862936e+00
2.351373128259614642e+00
-1.531572472389237660e+00
2.328449066836922291e-26
-2.168404344971008868e-19
-3.390849645103709308e-20
6.273225374475235316e-01
2.383189062476700482e+00
-1.531572472389237660e+00
8.944582333762196670e-25
-1.660521459133875757e-19
7.690572272885479629e-20
6.416542190936802559e-01
2.215326782070478284e+00
