1.309957796640840444e+00
-2.144076056678514562e-20
-2.144076238536185305e-20
1.123419072824435238e-22
-3.278400189065376225e+00
7.970640080192757937e-01
1.523300230070558960e-03
-1.912908014617739294e+00
2.490471942230853220e+00
1.109478023294498916e-20
-2.906114556089918644e+00
6.407681108240426138e-01
1.309957796640840444e+00
-2.144076056678514562e-20
-2.144076238536185305e-20
1.149819288237462370e-20
-2.877746567149027879e+00
7.470472583716659676e-01
-6.440458601841896336e-01
-8.793012512714082662e-26
-6.982702565239255528e-20
8.687641010643085856e-22
1.077372575793437981e-01
1.221864581593672394e+00
-6.440458601841897446e-01
5.421001973059601039e-20
0.000000000000000000e+00
-6.890473864881374013e-21
7.075532026980246858e-03
9.820955608697786721e-01
-6.440458601841896336e-01
-8.793012512714082662e-26
-6.982702565239255528e-20
2.884521923432021725e-20
7.552417702893171603e-02
9.638252750306468553e-01
