1.521314797830553234e+00
-4.185141028680467549e-21
-4.185142623555577555e-21
4.880551671513016686e-25
-3.299221946517134629e+00
3.944860614641843011e-01
1.724056948409463013e-03
-2.165011393747803492e+00
2.274880122063332788e+00
2.138217788172784774e-21
-2.902431904626401771e+00
3.197688435264800511e-01
1.521314797830553234e+00
-4.185141028680467549e-21
-4.185142623555577555e-21
2.152815030449272031e-21
-2.896991157282006402e+00
4.296342078062860281e-01
-2.827518410564739404e-01
1.176365489172322700e-26
-3.065577069976912048e-20
1.193027456094492795e-23
9.152249350187404570e-03
5.398359924437630131e-01
-2.827518410564739404e-01
-3.388121361123917469e-21
-1.084202172485504434e-19
-1.775617748602309057e-22
-1.197418158031626073e-02
4.276428775862829990e-01
-2.827518410564739404e-01
1.176365489172322700e-26
-3.065577069976912048e-20
1.234262553121086447e-20
1.909045243813903281e-02
4.261044962579320083e-01
