1.133709149048970133e+00
-3.509216972911796593e-20
-3.509210116713509993e-20
5.393938347718454932e-22
-3.239595267333062356e+00
1.129691367458810269e+00
1.342810102911987579e-03
-1.686254723201404460e+00
2.649095622690774920e+00
1.833646662918854661e-20
-2.900481489102464394e+00
9.105410870251111621e-01
1.133709149048970133e+00
-3.509216972911796593e-20
-3.509210116713509993e-20
1.945765479425062959e-20
-2.853918238185196188e+00
1.010199823039649836e+00
-8.325470875551717054e-01
-1.869281299368718608e-25
-9.026411075201758952e-20
3.168165308972985301e-21
2.307454505105578924e-01
1.560618151103552842e+00
-8.325470875551718164e-01
1.084200173813380085e-19
2.168404344971008868e-19
-2.396659254594776564e-19
4.829252279858264885e-02
1.278289962687838344e+00
-8.325470875551717054e-01
-1.869281299368718608e-25
-9.026411075201758952e-20
3.798098171881602944e-20
1.312631132169165271e-01
1.239523863749566024e+00
