1.082578191124591749e+00
-3.893166051551490661e-20
-3.893158149917851506e-20
7.535762515835926354e-22
-3.224757093808129138e+00
1.225355982116313580e+00
1.288436834018182433e-03
-1.617974643082868536e+00
2.691316826600330891e+00
2.039868236733698527e-20
-2.897286986180354962e+00
9.891604516542533698e-01
1.082578191124591749e+00
-3.893166051551490661e-20
-3.893158149917851506e-20
2.179200545140682883e-20
-2.845691162293327636e+00
1.086309157036357664e+00
-8.796723943979172233e-01
-9.534652460099087885e-27
-9.537335322452717767e-20
4.174534328334029516e-21
2.712889246070917526e-01
1.641325562907223645e+00
-8.796723943979173344e-01
-7.500353520704456939e-26
-2.168404344971008868e-19
-2.942723088118165265e-20
6.351423677944512125e-02
1.353259149236555769e+00
-8.796723943979172233e-01
-9.534652460099087885e-27
-9.537335322452717767e-20
4.032732463584276735e-20
1.489732710555785600e-01
1.307871727296921138e+00
