1.263225200688450345e+00
-2.512431338652279260e-20
-2.512430384249416528e-20
1.856864984748293933e-22
-3.269992815630564209e+00
8.856286051361069722e-01
1.476537389884275894e-03
-1.854184848886019976e+00
2.534467608259586058e+00
1.303520458380746263e-20
-2.905415087269165308e+00
7.121118048462159456e-01
1.263225200688450345e+00
-2.512431338652279260e-20
-2.512430384249416528e-20
1.359487685322677346e-20
-2.872113176788142486e+00
8.169496928367413480e-01
-6.990253848340594045e-01
-1.498261673736193160e-25
-7.578785097774085385e-20
1.314392473764164502e-21
1.374991412748797770e-01
1.322743215601092093e+00
-6.990253848340595155e-01
5.420995918801818387e-20
0.000000000000000000e+00
-1.010478671187070245e-20
1.620649317706418513e-02
1.067894128731338155e+00
-6.990253848340594045e-01
-1.498261673736193160e-25
-7.578785097774085385e-20
3.146884553932919208e-20
8.949083817483108327e-02
1.044615247941631520e+00
