1.358653947045011412e+00
-1.755243615986648419e-20
-1.755244517814887217e-20
5.966171704376955572e-23
-3.285702174812263010e+00
7.045591759262331832e-01
1.571143777814178622e-03
-1.972988295584040097e+00
2.443181388884414940e+00
9.057266986924953666e-21
-2.906249857025533068e+00
5.665702686681549638e-01
1.358653947045011412e+00
-1.755243615986648419e-20
-1.755244517814887217e-20
9.324626815185044612e-21
-2.883088836343148387e+00
6.741042964033335805e-01
-5.812121177271956096e-01
-2.408307561505624924e-26
-6.301465475749960657e-20
5.161611744825490989e-22
7.930492561524893347e-02
1.105128238849906408e+00
-5.812121177271957206e-01
-2.710507748478871486e-20
-2.168404344971008868e-19
-4.271833786789974172e-21
-8.958993950803073592e-04
8.845859536525882971e-01
-5.812121177271956096e-01
-2.408307561505624924e-26
-6.301465475749960657e-20
2.588670243232529598e-20
6.160418059261781043e-02
8.711244877730562886e-01
