1.570010948717501353e+00
-6.687334004295944320e-23
-6.687334397886486233e-23
-3.405325993122917310e-27
-3.299999775670977353e+00
3.014998933445745544e-01
1.767664521800566685e-03
-2.219772283886101150e+00
2.221516329331850947e+00
3.405671975314818647e-23
-2.900043094824531931e+00
2.461857591084263275e-01
1.570010948717501353e+00
-6.687334004295944320e-23
-6.687334397886486233e-23
3.406039836300490830e-23
-2.899956703244900069e+00
3.561857251833981941e-01
-3.927108903562138986e-02
2.501819911971326244e-28
-4.257745942171572024e-21
-1.700529386291312639e-25
2.355825363078720359e-05
7.499406930891432121e-02
-3.927108903562139680e-02
6.617508970512643187e-24
1.355252715606880543e-20
-1.869363474516344140e-25
-2.148688036885302698e-03
5.928733488500197157e-02
-3.927108903562138986e-02
2.501819911971326244e-28
-4.257745942171572024e-21
1.703111729058761338e-21
2.171130424760250692e-03
5.928394219358629202e-02
