1.531839449692100397e+00
-3.299692575505426683e-21
-3.299693478128747742e-21
1.661571066173779204e-25
-3.299517904177097449e+00
3.743910396437857280e-01
1.733569186530079702e-03
-2.176956535053479413e+00
2.263459853152697043e+00
1.684688071971273515e-21
-2.901963479772667220e+00
3.038539597746688359e-01
1.531839449692100397e+00
-3.299692575505426683e-21
-3.299693478128747742e-21
1.693736775510948459e-21
-2.897679307120654801e+00
4.137705002255388509e-01
-2.513349698279769284e-01
1.173724981154349063e-26
-2.724957379783252684e-20
6.077872137945907465e-24
6.426992167848125451e-03
4.798959475811133690e-01
-2.513349698279769284e-01
1.054684941520995130e-26
-5.421010862427522170e-20
-1.101757554371635616e-22
-1.130144267280996928e-02
3.799766183184472568e-01
-2.513349698279769284e-01
1.173724981154349063e-26
-2.724957379783252684e-20
1.095600883965153529e-20
1.632442770500505680e-02
3.788998559142157108e-01
