1.370042562865341873e+00
-1.663563493736006221e-20
-1.663564571756695331e-20
5.035468025421594176e-23
-3.287194329832168194e+00
6.828971964889757329e-01
1.582199805413383401e-03
-1.986872074617975104e+00
2.431911460384769796e+00
8.578472277986204273e-21
-2.906195150688829720e+00
5.492385810087072606e-01
1.370042562865341873e+00
-1.663563493736006221e-20
-1.663564571756695331e-20
8.817990922660790753e-21
-2.884260269245403130e+00
6.570294014715964970e-01
-5.655036821129471036e-01
-5.665733042005855814e-26
-6.131155340221292626e-20
4.490349202587377522e-22
7.307009635488637134e-02
1.075750167834404580e+00
-5.655036821129471036e-01
-5.494979092405228787e-26
-1.084202172485504434e-19
-2.206025487023814947e-19
-2.514342845323980224e-03
8.602937291468361058e-01
-5.655036821129471036e-01
-5.665733042005855814e-26
-6.131155340221292626e-20
2.515354955909489379e-20
5.844176302441546345e-02
8.478894729238675154e-01
