1.563649031810953272e+00
-6.080188954121055944e-22
-6.080189520522875186e-22
-2.943698140335607598e-26
-3.299983872103117388e+00
3.136489185655222944e-01
1.762026298981246965e-03
-2.212691997716088377e+00
2.228563547019751123e+00
3.097795391634939178e-22
-2.900387186702015452e+00
2.557914297118508706e-01
1.563649031810953272e+00
-6.080188954121055944e-22
-6.080189520522875186e-22
3.100841598334033516e-22
-2.899600990947469370e+00
3.657886201134040727e-01
-1.099590492997399166e-01
8.401603027663735697e-28
-1.192168860915275515e-20
-3.847577455721596568e-25
5.360176938431509717e-04
2.099825495483533255e-01
-1.099590492997399305e-01
3.189193137344320969e-28
0.000000000000000000e+00
-5.434038369108127848e-24
-5.825936775376854178e-03
1.660432779183209084e-01
-1.099590492997399166e-01
8.401603027663735697e-28
-1.192168860915275515e-20
4.772855319633186104e-21
6.269249706820405332e-03
1.659568285805874954e-01
