1.417403496242301220e+00
-1.279246987479999572e-20
-1.279248272816911237e-20
2.191367771269746702e-23
-3.292520410726412994e+00
5.927185855272099069e-01
1.627623965594334659e-03
-2.043914171962500248e+00
2.384202325790444554e+00
6.578142685415964619e-21
-2.905620622798892327e+00
4.772475757384343487e-01
1.417403496242301220e+00
-1.279246987479999572e-20
-1.279248272816911237e-20
6.718175839257941710e-21
-2.888813502947675360e+00
5.859559963980448538e-01
-4.948157218488287712e-01
-1.997234693935855419e-26
-5.364759954024519592e-20
2.272316432121086394e-22
4.900519550023270388e-02
9.428092562308646452e-01
-4.948157218488288267e-01
-2.175325357652439127e-26
0.000000000000000000e+00
-2.034899820516997410e-21
-8.131675561013407272e-03
7.513651583843498072e-01
-4.948157218488287712e-01
-1.997234693935855419e-26
-5.364759954024519592e-20
2.188513829842129948e-20
4.565896007871785012e-02
7.430487312429701063e-01
