1.407428639627253286e+00
-1.360600524317708078e-20
-1.360601742466745816e-20
2.664895524211590238e-23
-3.291516649314136789e+00
6.117229977233842320e-01
1.618131953814762715e-03
-2.031994430255079198e+00
2.394362579615785691e+00
7.000667799114324795e-21
-2.905787896724580488e+00
4.923985265294802405e-01
1.407428639627253286e+00
-1.360600524317708078e-20
-1.360601742466745816e-20
7.159463301859518549e-21
-2.887897280074588569e+00
6.009338932809821232e-01
-5.105241574630773327e-01
1.296441481025242489e-26
-5.535069848606638636e-20
2.666176341811549695e-22
5.381117169178711857e-02
9.724431506395059266e-01
-5.105241574630774437e-01
-2.710504395394306811e-20
-1.084202172485504434e-19
-2.191882385153269725e-19
-7.106853429207929396e-03
7.755193042144389315e-01
-5.105241574630773327e-01
1.296441481025242489e-26
-5.535069848606638636e-20
2.260723150422127631e-20
4.830307323654865759e-02
7.663857122227067942e-01
