1.155668947114497358e-01
-1.020337357620083447e-19
-1.020337985511823259e-19
1.943458105064682515e-20
-2.673397821720812750e+00
2.899657819933177283e+00
1.444053149089524410e-04
-1.813392257105848893e-01
3.134761993739088037e+00
5.723754546804683423e-20
-2.681907020297977784e+00
2.495983949662169632e+00
1.155668947114497358e-01
-1.020337357620083447e-19
-1.020337985511823259e-19
6.778847332213173203e-20
-2.572640767003598672e+00
2.508668029881426342e+00
-1.515864036774988932e+00
9.570619916076180833e-25
-1.643490989176088362e-19
5.926378623297044349e-20
1.214740975575632209e+00
2.348055908152411053e+00
-1.515864036774989154e+00
3.808499929511384259e-26
-1.626303258728256651e-19
1.885975304358448490e-19
6.028262730460394181e-01
2.360954696257312690e+00
-1.515864036774988932e+00
9.570619916076180833e-25
-1.643490989176088362e-19
7.582274318386971781e-20
6.220536140899796118e-01
2.195321912455216129e+00
