1.000580157218214250e+00
-4.497818904514379979e-20
-4.497811229360859626e-20
1.203509653928627511e-21
-3.197663521479710891e+00
1.377789954676129414e+00
1.199498537273446016e-03
-1.506288990190469024e+00
2.755343512635159087e+00
2.367057258821388866e-20
-2.890639571717932732e+00
1.115566206185118148e+00
1.000580157218214250e+00
-4.497818904514379979e-20
-4.497811229360859626e-20
2.555746700141718764e-20
-2.831260028472751156e+00
1.208162479565819680e+00
-9.503603546620355003e-01
4.354080991802166837e-26
-1.030372299076664653e-19
6.140794349346770298e-21
3.400086749553883347e-01
1.758171855385628923e+00
-9.503603546620357223e-01
2.168403731447754268e-19
2.168404344971008868e-19
-4.185457933021057409e-20
9.080162033866268079e-02
1.466388465600286350e+00
-9.503603546620355003e-01
4.354080991802166837e-26
-1.030372299076664653e-19
4.389398791155931392e-20
1.788014475491288557e-01
1.409956501822125841e+00
