1.449841415785724008e+00
-1.013158966198601351e-20
-1.013160132957573715e-20
1.041129473095284705e-23
-3.295348587379081096e+00
5.308808861892162501e-01
1.658210887259250902e-03
-2.082324175718546222e+00
2.350752727898470784e+00
5.199605821205638133e-21
-2.904907350697313539e+00
4.280186448252828457e-01
1.449841415785724008e+00
-1.013158966198601351e-20
-1.013160132957573715e-20
5.286740544302022040e-21
-2.891634729086589140e+00
5.372149703842434842e-01
-4.398361971989590002e-01
7.846837548712765487e-26
-4.768676029231915847e-20
1.241558875695313452e-22
3.443669935733675858e-02
8.387707821845927780e-01
-4.398361971989590558e-01
7.597716769922320928e-26
0.000000000000000000e+00
-1.193228497311181941e-21
-1.080583771953715078e-02
6.670405934128255110e-01
-4.398361971989590002e-01
7.846837548712765487e-26
-4.768676029231915847e-20
1.937596237167620261e-20
3.722265886241558214e-02
6.612028139967035534e-01
