1.458402513195489414e+00
-9.425403687969581950e-21
-9.425412969027836155e-21
8.250717331834199595e-24
-3.295983660213969380e+00
5.145524504758913764e-01
1.666211122381201217e-03
-2.092370595683705314e+00
2.341821104614114191e+00
4.834637983152468066e-21
-2.904676128719188455e+00
4.150365432275464617e-01
1.458402513195489414e+00
-9.425403687969581950e-21
-9.425412969027836155e-21
4.909887039069768260e-21
-2.892338822457058534e+00
5.243424939996540468e-01
-4.241277615847104943e-01
7.844535679436158752e-26
-4.598366199313474872e-20
1.029144657228217288e-22
3.088074465646364203e-02
8.089696973013041914e-01
-4.241277615847104943e-01
7.611798242080785650e-26
0.000000000000000000e+00
-2.178542527143204466e-19
-1.132671432684853596e-02
6.430053098771841835e-01
-4.241277615847104943e-01
7.844535679436158752e-26
-4.598366199313474872e-20
1.866398301839378238e-20
3.503297390201399325e-02
6.377727157882419062e-01
