1.197485397642819693e+00
-3.022762104404224833e-20
-3.022758340384457069e-20
3.345048362046028037e-22
-3.255860075114990426e+00
1.009793411344133141e+00
1.409398045873281810e-03
-1.769873570806328678e+00
2.594009543181761135e+00
1.574003161169653769e-20
-2.903468610580390852e+00
8.127014132235597099e-01
1.197485397642819693e+00
-3.022762104404224833e-20
-3.022758340384457069e-20
1.656144162570956805e-20
-2.863351576034334212e+00
9.151251582206574309e-01
-7.697133450981776814e-01
-1.872663007313113350e-25
-8.345170737517676060e-20
2.135922672334147154e-21
1.830034816541133424e-01
1.450151823569325149e+00
-7.697133450981779035e-01
-2.068592368555773557e-25
0.000000000000000000e+00
-1.584809954934859697e-20
3.129914048864312903e-02
1.178911410618352917e+00
-7.697133450981776814e-01
-1.872663007313113350e-25
-8.345170737517676060e-20
3.489144480805647126e-20
1.101360638678418602e-01
1.148032793762488346e+00
