1.901819638791305278e-01
-9.778262902935847238e-20
-9.778263985370490928e-20
1.667810070204939524e-20
-2.731885830434018114e+00
2.782598176230445919e+00
2.374142019148231867e-04
-2.981365857148103315e-01
3.125821445028394763e+00
5.442807937484839429e-20
-2.710279139909445689e+00
2.379413167922131755e+00
1.901819638791305278e-01
-9.778262902935847238e-20
-9.778263985370490928e-20
6.409971913436039316e-20
-2.602262456039535099e+00
2.400207301848501729e+00
-1.476592947739367112e+00
8.842667677380299046e-25
-1.600913648489046415e-19
5.245228513631877338e-20
1.139891655630527856e+00
2.335887391427200477e+00
-1.476592947739367334e+00
6.364585406258349578e-26
-2.710505431213761085e-19
-1.306977851969883871e-20
5.445515157282330154e-01
2.303983104574629959e+00
-1.476592947739367112e+00
8.842667677380299046e-25
-1.600913648489046415e-19
7.320352992390951517e-20
5.752559872382591033e-01
2.144486430934127608e+00
