1.431776714829338104e+00
-1.161632771266758040e-20
-1.161634158785116853e-20
1.612359745082677290e-23
-3.293855902748295872e+00
5.653247427048396778e-01
1.641230252321048419e-03
-2.061000478661424662e+00
2.369457709853325156e+00
5.968160642843105316e-21
-2.905336445913690557e+00
4.554264640061119751e-01
1.431776714829338104e+00
-1.161632771266758040e-20
-1.161634158785116853e-20
6.083221061715183956e-21
-2.890093498213063938e+00
5.643652199444645357e-01
-4.712530684274560122e-01
-2.022110914534608242e-26
-5.109295032676832863e-20
1.769909136289941159e-22
4.234370139520267362e-02
8.982773023588692674e-01
-4.712530684274560677e-01
1.355250500306166491e-20
-1.084202172485504434e-19
-1.629494823931473395e-21
-9.446199656468479144e-03
7.151863161817930692e-01
-4.712530684274560122e-01
-2.022110914534608242e-26
-5.109295032676832863e-20
2.080640341176675541e-20
4.189152335014991596e-02
7.080030303059933194e-01
