1.549118728867773020e+00
-1.840448192716447038e-21
-1.840448675523530575e-21
-4.018546875338572192e-26
-3.299850928247262338e+00
3.413962428106887548e-01
1.749082178834019752e-03
-2.196437217021652177e+00
2.244574333469513405e+00
9.385954548946121762e-22
-2.901137082727424321e+00
2.777388049830264993e-01
1.549118728867773020e+00
-1.840448192716447038e-21
-1.840448675523530575e-21
9.413975374027706813e-22
-2.898752733707199436e+00
3.877129604912628591e-01
-1.885012273709827102e-01
3.271655892610551124e-27
-2.043717954958965589e-20
7.912061927953777203e-25
2.709503731868945914e-03
3.599567005784994889e-01
-1.885012273709827380e-01
8.470353108959996660e-22
-5.421010862427522170e-20
-5.424644359394551074e-20
-9.290001429937416386e-03
2.847986513282055876e-01
-1.885012273709827102e-01
3.271655892610551124e-27
-2.043717954958965589e-20
8.198107176556664043e-21
1.144026186245245685e-02
2.843491986114124459e-01
