1.220105544927337693e+00
-2.848191176355627039e-20
-2.848188361754457139e-20
2.767019445673191315e-22
-3.261025905520151813e+00
9.671308856603130222e-01
1.432675060359369420e-03
-1.799104044716320683e+00
2.573835042422344621e+00
1.481260903409788029e-20
-2.904266721556271413e+00
7.780597756053233560e-01
1.220105544927337693e+00
-2.848191176355627039e-20
-2.848188361754457139e-20
1.553848352108112622e-20
-2.866476592561098435e+00
8.813646939322268281e-01
-7.461506916768049225e-01
-2.033610843644159015e-25
-8.089709848114835659e-20
1.826472865482757498e-21
1.668962059237329432e-01
1.408010954045251673e+00
-7.461506916768050335e-01
-2.095761095927415569e-25
0.000000000000000000e+00
-1.370758974266145759e-20
2.582066638010110937e-02
1.141814842168549893e+00
-7.461506916768049225e-01
-2.033610843644159015e-25
-8.089709848114835659e-20
3.374438493310649287e-20
1.029017026433359239e-01
1.113617711280245670e+00
