5.081207007115216001e-01
-7.853153379520113448e-20
-7.853144013166899492e-20
7.733359302520515702e-21
-2.954281176750356952e+00
2.257965233379974013e+00
6.284675916373469277e-04
-7.892079770028532781e-01
3.039255079366339096e+00
4.256023406193792415e-20
-2.807718003529543260e+00
1.881741581471370939e+00
5.081207007115216001e-01
-7.853153379520113448e-20
-7.853144013166899492e-20
4.868386245232723947e-20
-2.711615359849171458e+00
1.935260567613145799e+00
-1.295945938175506740e+00
1.023989027672209276e-25
-1.405058030511429523e-19
2.821631116877813387e-20
8.145034526384770102e-01
2.214495938955030052e+00
-1.295945938175506740e+00
-2.168403497791348335e-19
0.000000000000000000e+00
-1.524744073719086314e-19
3.269379391019673342e-01
2.024557989933403412e+00
-1.295945938175506740e+00
1.023989027672209276e-25
-1.405058030511429523e-19
6.231223360093716561e-20
3.962956518076715673e-01
1.900014159207897180e+00
