1.427064184145063974e+00
-1.200245413447271643e-20
-1.200246767016857677e-20
1.789350658711671688e-23
-3.293432465734343673e+00
5.743075157284284193e-01
1.636778469697503088e-03
-2.055410083230086560e+00
2.374305534056339706e+00
6.168303588045719429e-21
-2.905435220094812809e+00
4.625795542499442359e-01
1.427064184145063974e+00
-1.200245413447271643e-20
-1.200246767016857677e-20
6.291283177311247476e-21
-2.889679066321255707e+00
5.714452679446793137e-01
-4.791072862345802652e-01
-2.042939516022720534e-26
-5.194450148988861183e-20
1.926428253773370448e-22
4.449268740423513446e-02
9.131314136589240293e-01
-4.791072862345803207e-01
1.355250505728373232e-20
0.000000000000000000e+00
-1.756599618553935194e-21
-9.036993016243125010e-03
7.272391062340768375e-01
-4.791072862345802652e-01
-2.042939516022720534e-26
-5.194450148988861183e-20
2.116541194121205385e-20
4.312136363603216033e-02
7.196902181581330549e-01
