1.046920042280247598e+00
-4.157775384398961372e-20
-4.157767904431495498e-20
9.322171565203371727e-22
-3.213471085623292200e+00
1.291801339212934607e+00
1.250017646572847098e-03
-1.569729149488881204e+00
2.719722078144973576e+00
2.182678375120673484e-20
-2.894629656309155141e+00
1.044081451127786941e+00
1.046920042280247598e+00
-4.157775384398961372e-20
-4.157767904431495498e-20
2.342623135245584951e-20
-2.839603222152455420e+00
1.139328978885720822e+00
-9.110892656264142353e-01
2.849769781572516499e-26
-9.877949707701072970e-20
4.974871905238950430e-21
3.006445995946740446e-01
1.693934762472518063e+00
-9.110892656264142353e-01
-6.649596697045620391e-26
-2.168404344971008868e-19
-4.682377164344002791e-19
7.494966867811936329e-02
1.403441758787424609e+00
-9.110892656264142353e-01
2.849769781572516499e-26
-9.877949707701072970e-20
4.190534708703348060e-20
1.617286687958268132e-01
1.353307765301556609e+00
