1.364387526044212207e+00
-1.709122824582026928e-20
-1.709123814887875566e-20
5.484502945680331505e-23
-3.286463628868619313e+00
6.936546981673197276e-01
1.576716298524489558e-03
-1.979986075393001643e+00
2.437517443300813547e+00
8.816326264311396462e-21
-2.906226382142944598e+00
5.578436669420232530e-01
1.364387526044212207e+00
-1.709122824582026928e-20
-1.709123814887875566e-20
9.069480257999207267e-21
-2.883682293621412818e+00
6.655087219632943585e-01
-5.733578999200713566e-01
-5.741714354916915754e-26
-6.216310466587998129e-20
4.816687586966241603e-22
7.614540563563568232e-02
1.090447775891350224e+00
-5.733578999200713566e-01
-5.421016386298768400e-20
-1.084202172485504434e-19
-4.010487248800418096e-21
-1.722922013679462072e-03
8.724357466373273695e-01
-5.733578999200713566e-01
-5.741714354916915754e-26
-6.216310466587998129e-20
2.551980867519316511e-20
6.000768782809542956e-02
8.595099153870096043e-01
