9.620944899633052660e-01
-4.776962679838292578e-20
-4.776955258638144462e-20
1.464899512540641773e-21
-3.183564410551257051e+00
1.448871355465587429e+00
1.157052008605811587e-03
-1.452986100028829775e+00
2.783804086402143163e+00
2.519167735006315796e-20
-2.886857171325843741e+00
1.175028674001880269e+00
9.620944899633052660e-01
-4.776962679838292578e-20
-4.776955258638144462e-20
2.733371094195919069e-20
-2.823958847835033481e+00
1.265271684268855168e+00
-9.817772258905325122e-01
-4.225748596328579208e-26
-1.064435565382684698e-19
7.220152966467706190e-21
3.736620414736480100e-01
1.808209605336884795e+00
-9.817772258905326233e-01
-5.830172510632808260e-26
-2.168404344971008868e-19
-4.844176899865679296e-20
1.048095333357846881e-01
1.516909195108520070e+00
-9.817772258905325122e-01
-4.225748596328579208e-26
-1.064435565382684698e-19
4.549785577138843425e-20
1.934080656117063146e-01
1.455157053558546743e+00
