6.930875300692983521e-01
-6.647206643432318317e-20
-6.647194776171102317e-20
4.383132402500968846e-21
-3.061218481698380511e+00
1.935651313919494410e+00
8.493067618900572045e-04
-1.066530208248008815e+00
2.953422961765054033e+00
3.559177435697577477e-20
-2.847962561607977339e+00
1.592800161746433130e+00
6.930875300692983521e-01
-6.647206643432318317e-20
-6.647194776171102317e-20
3.989810612043080781e-20
-2.763342090029582643e+00
1.663080854613323334e+00
-1.178132671068641280e+00
1.148737589609804865e-25
-1.277325333016739202e-19
1.775960698211542752e-20
6.277226177302013266e-01
2.085962772816876143e+00
-1.178132671068641280e+00
1.187129099389785006e-25
2.168404344971008868e-19
-1.057918664830929601e-19
2.237984740415918106e-01
1.834719006059569057e+00
-1.178132671068641280e+00
1.148737589609804865e-25
-1.277325333016739202e-19
5.580808178953935947e-20
3.065984544534157141e-01
1.735024863851826860e+00
