1.489505215711701247e+00
-6.845927540434873860e-21
-6.845931613134085106e-21
2.887264839278637510e-24
-3.297899099268879031e+00
4.552078620561744171e-01
1.695018470887628111e-03
-2.128545872759081359e+00
2.309012280614208379e+00
3.504727387671220273e-21
-2.903686109042843633e+00
3.679088452401316212e-01
1.489505215711701247e+00
-6.845927540434873860e-21
-6.845931613134085106e-21
3.544111389820873217e-21
-2.894753932082019254e+00
4.775455918844046521e-01
-3.612940191277164703e-01
4.483373308454865239e-26
-3.917126762498423175e-20
4.466410496782636041e-23
1.909423189352710964e-02
6.895190658695384833e-01
-3.612940191277165813e-01
6.776306831398596302e-21
1.084202172485504434e-19
-1.089205393784881003e-19
-1.244638075783909698e-02
5.470922702384189984e-01
-3.612940191277164703e-01
4.483373308454865239e-26
-3.917126762498423175e-20
1.583637234204713239e-20
2.716472008135749350e-02
5.438651281246826841e-01
