2.484602600079927615e-01
-9.439206922982383213e-20
-9.439204546731093580e-20
1.470685926871549280e-20
-2.776001018026441169e+00
2.689492382198430231e+00
3.098361176518184832e-04
-3.890815355637549655e-01
3.115813303842708937e+00
5.224619302729662852e-20
-2.730947372272641172e+00
2.288250349250371407e+00
2.484602600079927615e-01
-9.439206922982383213e-20
-9.439204546731093580e-20
6.123954269032074583e-20
-2.624325229086601485e+00
2.315300646520746852e+00
-1.445176076510869656e+00
4.662769022495615005e-25
-1.566851110964237021e-19
4.742407691593312949e-20
1.080770479035233933e+00
2.322276928423782305e+00
-1.445176076510870100e+00
4.336809150973200124e-19
0.000000000000000000e+00
-1.363492562035494178e-22
5.009050921281135160e-01
2.257166477420795125e+00
-1.445176076510869656e+00
4.662769022495615005e-25
-1.566851110964237021e-19
7.118924027964625235e-20
5.399975346057670489e-01
2.103078706862014258e+00
