1.381117009973386933e+00
-1.574140414341985178e-20
-1.574141614844661514e-20
4.228208660356307776e-23
-3.288566787943946856e+00
6.618237724600222194e-01
1.592901700494929072e-03
-2.000311146248854755e+00
2.420876791178169007e+00
8.112060511019228829e-21
-2.906110807063311263e+00
5.323926220802505105e-01
1.381117009973386933e+00
-1.574140414341985178e-20
-1.574141614844661514e-20
8.325959541069623800e-21
-2.885370970029837334e+00
6.404197444145278695e-01
-5.497952464986985976e-01
-5.515002562452379158e-26
-5.960844753059663280e-20
3.890671138236853390e-22
6.716787139926050365e-02
1.046306290100760483e+00
-5.497952464986987087e-01
-2.710510932718576805e-20
0.000000000000000000e+00
-3.302381817726163744e-21
-3.992759828396197364e-03
8.360338098175901234e-01
-5.497952464986985976e-01
-5.515002562452379158e-26
-5.960844753059663280e-20
2.442294505094556842e-20
5.540003852392288985e-02
8.246311460034282392e-01
