1.515581218831352661e+00
-4.666444479007785010e-21
-4.666446418690883904e-21
7.462305162254903329e-25
-3.299031058644878556e+00
4.054325858633225921e-01
1.718854824616536424e-03
-2.158478745600172832e+00
2.281075116807285141e+00
2.384998395748576152e-21
-2.902675933484408333e+00
3.284415814600294969e-01
1.515581218831352661e+00
-4.666444479007785010e-21
-4.666446418690883904e-21
2.403173570925198140e-21
-2.896605357275090498e+00
4.382739451079400439e-01
-2.984602766707224464e-01
1.167460320103628572e-26
-3.235887049718997900e-20
1.607916456684982286e-23
1.076435850873414674e-02
5.697947448761087053e-01
-2.984602766707225019e-01
1.034177527676898031e-26
-5.421010862427522170e-20
-2.220579872421443385e-22
-1.221439796662950744e-02
4.514984845608559505e-01
-2.984602766707224464e-01
1.167460320103628572e-26
-3.235887049718997900e-20
1.303812070334251131e-20
2.056619967512526848e-02
4.496866587058722109e-01
