1.212644038010569636e+00
-2.905893904795620370e-20
-2.905890768360411647e-20
2.949666732221466839e-22
-3.259356943460914646e+00
9.812109952007654901e-01
1.425016963366319530e-03
-1.789487269942698688e+00
2.580526341556480308e+00
1.511890867291263799e-20
-2.904018432876661837e+00
7.894832118834671508e-01
1.212644038010569636e+00
-2.905893904795620370e-20
-2.905890768360411647e-20
1.587566556446543853e-20
-2.865458552631752198e+00
8.925032858278116876e-01
-7.540049094839291755e-01
-1.988370434209342962e-25
-8.174863928437149974e-20
1.925338352107091580e-21
1.721590051108569663e-01
1.422097128620392503e+00
-7.540049094839292865e-01
-2.078481967505231774e-25
0.000000000000000000e+00
2.024459822063831323e-19
2.759531520514307834e-02
1.154170147111158951e+00
-7.540049094839291755e-01
-1.988370434209342962e-25
-8.174863928437149974e-20
3.412601345707334607e-20
1.052729567345762618e-01
1.125095808097384742e+00
