6.454909701581252879e-01
-6.963663288699994429e-20
-6.963652886191503901e-20
5.129302947323328606e-21
-3.035403356913222161e+00
2.019659774580894407e+00
7.930974653978269248e-04
-9.959445078242287197e-01
2.977954050895785354e+00
3.739591494604383259e-20
-2.838701324350578759e+00
1.667050486011059984e+00
6.454909701581252879e-01
-6.963663288699994429e-20
-6.963652886191503901e-20
4.214738685065064332e-20
-2.750832829334055596e+00
1.733225463030558799e+00
-1.209549542297138736e+00
4.939076951220057443e-26
-1.311387478304036617e-19
2.019543765937001381e-20
6.751763856934958064e-01
2.123497863179680145e+00
-1.209549542297138958e+00
9.706868683034797465e-26
0.000000000000000000e+00
-5.511708285100855674e-19
2.486779820941327213e-01
1.885577009724618058e+00
-1.209549542297138736e+00
4.939076951220057443e-26
-1.311387478304036617e-19
5.751364616832820935e-20
3.287198952595912216e-01
1.779295711795044088e+00
