1.562549441317955923e+00
-7.014549398585826381e-22
-7.014550055834718422e-22
-3.328455885907767461e-26
-3.299978511926179081e+00
3.157487440610058371e-01
1.761049984703619634e-03
-2.211465975798025063e+00
2.229779300173588386e+00
3.574105617625058197e-22
-2.900445687632951408e+00
2.574518975572988588e-01
1.562549441317955923e+00
-7.014549398585826381e-22
-7.014550055834718422e-22
3.578161208990108744e-22
-2.899538540513251217e+00
3.674481569668952563e-01
-1.178132671068641973e-01
8.732711012027795532e-28
-1.277323776298703138e-20
-3.771886479016009785e-25
6.597150483324371820e-04
2.249809807001629802e-01
-1.178132671068642112e-01
2.117585513428323027e-22
0.000000000000000000e+00
-5.421697133409133669e-20
-6.208426900296653596e-03
1.779107133537451424e-01
-1.178132671068641973e-01
8.732711012027795532e-28
-1.277323776298703138e-20
5.114537821160758115e-21
6.750591790282046631e-03
1.778038393878266787e-01
