1.004082543436998209e-01
-1.028850621230709015e-19
-1.028851366729192844e-19
2.002721891297653115e-20
-2.661250411965056628e+00
2.923138379014701194e+00
1.254810994599554221e-04
-1.575748471016315266e-01
3.136045719393945941e+00
5.781116692690824154e-20
-2.675877545601081486e+00
2.519639869771365781e+00
1.004082543436998209e-01
-1.028850621230709015e-19
-1.028851366729192844e-19
6.854182411665599798e-20
-2.566431579858375223e+00
2.530666228311081234e+00
-1.523718254582113296e+00
8.563177148947161558e-25
-1.652005958627026766e-19
6.069772611291838412e-20
1.229806620267540396e+00
2.349826816641952920e+00
-1.523718254582113518e+00
4.336808959461727053e-19
-1.897353801849632760e-19
-3.110832427437846018e-20
6.149885760368010157e-01
2.372114447175376117e+00
-1.523718254582113296e+00
8.563177148947161558e-25
-1.652005958627026766e-19
7.636151759509240306e-20
6.317896398253324275e-01
2.205349631282846001e+00
