3.612468277182975251e-01
-8.765465870222147635e-20
-8.765461322833103191e-20
1.132658061114066672e-20
-2.857239660521843749e+00
2.505293802032948491e+00
4.491947358198824917e-04
-5.640832931298153108e-01
3.088943597682964448e+00
4.803975987586700049e-20
-2.767313443927660543e+00
2.111671806243769822e+00
3.612468277182975251e-01
-8.765465870222147635e-20
-8.765461322833103191e-20
5.575070306502907219e-20
-2.664413188112116693e+00
2.150550300981807439e+00
-1.382342334053874744e+00
1.265079502959068635e-25
-1.498726930789389282e-19
3.843415635097490150e-20
9.653090807879611823e-01
2.285222929515369206e+00
-1.382342334053874966e+00
2.701734487128350587e-26
-2.168404344971008868e-19
2.692066402090852104e-20
4.211887323938036110e-01
2.160914113375932200e+00
-1.382342334053874744e+00
1.265079502959068635e-25
-1.498726930789389282e-19
6.733353419005916757e-20
4.749321215544838326e-01
2.018670733577132115e+00
