2.048693511784529797e-01
-9.693394856828481794e-20
-9.693394762264781061e-20
1.616649278919442199e-20
-2.743136223489775372e+00
2.759270151375504909e+00
2.556874748247012523e-04
-3.210835330707886848e-01
3.123548899590759653e+00
5.387735530833563028e-20
-2.715610341946722794e+00
2.356445964111038460e+00
2.048693511784529797e-01
-9.693394856828481794e-20
-9.693394762264781061e-20
6.337723866059722538e-20
-2.607910709029678920e+00
2.378824281061471702e+00
-1.468738729932242748e+00
9.562427573520527048e-25
-1.592397976958707157e-19
5.116079128549747017e-20
1.125039305575743720e+00
2.332802485494081868e+00
-1.468738729932242970e+00
4.336809366094081197e-19
-1.626303258728256651e-19
-2.267323513467917793e-19
5.333958203869437753e-01
2.292374157196273465e+00
-1.468738729932242748e+00
9.562427573520527048e-25
-1.592397976958707157e-19
7.269371105283516417e-20
5.662637212027437084e-01
2.134191535131526152e+00
