1.454161235579642275e+00
-9.775462696548251803e-21
-9.775473172671350442e-21
9.279861989062416354e-24
-3.295674852767404683e+00
5.226421474489044705e-01
1.662251505599289438e-03
-2.087398245210841718e+00
2.346251320089329795e+00
5.015506999733393326e-21
-2.904792914096979040e+00
4.214674963684600373e-01
1.454161235579642275e+00
-9.775462696548251803e-21
-9.775473172671350442e-21
5.096535858829405039e-21
-2.891992123306710738e+00
5.307201382364890030e-01
-4.319819793918347473e-01
7.825790303070162802e-26
-4.683521231995750920e-20
1.131432741890430341e-22
3.262653883234434282e-02
8.238738740311747355e-01
-4.319819793918347473e-01
7.599095291939236773e-26
0.000000000000000000e+00
-1.100555838547019545e-21
-1.107908720566426475e-02
6.550199204558065924e-01
-4.319819793918347473e-01
7.825790303070162802e-26
-4.683521231995750920e-20
1.901971025054722800e-20
3.611608528227410603e-02
6.494902095124457375e-01
