1.306469929011283559e-01
-1.011826943756916112e-19
-1.011827460209829064e-19
1.885604076389696435e-20
-2.685394851910904546e+00
2.876197200639496021e+00
1.632232606866949876e-04
-2.049701544972990508e-01
3.133306327542777492e+00
5.666794428730759846e-20
-2.687815872091314784e+00
2.472440914420586555e+00
1.306469929011283559e-01
-1.011826943756916112e-19
-1.011827460209829064e-19
6.704038750504410172e-20
-2.578753312571465006e+00
2.486771235804952962e+00
-1.508009818967864568e+00
8.958098270189655871e-25
-1.634975527169845980e-19
5.785402867498606857e-20
1.199703019009158655e+00
2.346061929368107979e+00
-1.508009818967864790e+00
-4.336808265773978041e-19
-1.084202172485504434e-19
-2.531606301461024247e-20
5.908345749210434095e-01
2.349712851572085981e+00
-1.508009818967864568e+00
8.958098270189655871e-25
-1.634975527169845980e-19
7.528931052335031893e-20
6.124448402776334621e-01
2.185245440934385108e+00
