1.010005218586763398e+00
-4.429006557196095808e-20
-4.428999109785020964e-20
1.144589442097694330e-21
-3.200982487251906150e+00
1.360335266190803027e+00
1.209826590907354948e-03
-1.519258604550505654e+00
2.748217671405190909e+00
2.329665951702105865e-20
-2.891500735800375477e+00
1.101016841240910482e+00
1.010005218586763398e+00
-4.429006557196095808e-20
-4.428999109785020964e-20
2.512332344342504511e-20
-2.832996542569193199e+00
1.194168649459369069e+00
-9.425061368549112473e-01
-1.099179084114507448e-25
-1.021856700831789249e-19
5.892021183093330087e-21
3.318965772195197061e-01
1.745468848532634398e+00
-9.425061368549113583e-01
1.084200412009752147e-19
0.000000000000000000e+00
-4.031341749182949966e-20
8.748737030469633247e-02
1.453780398544960439e+00
-9.425061368549112473e-01
-1.099179084114507448e-25
-1.021856700831789249e-19
4.349492978637492752e-20
1.752835212097251238e-01
1.398639837392825491e+00
