1.565612586402121531e+00
-4.410989908570346696e-22
-4.410990302189733595e-22
-2.193697425230916007e-26
-3.299991529470607698e+00
3.098992243580402373e-01
1.763768394046994663e-03
-2.214879660712453013e+00
2.226390883246107233e+00
2.247059378394904274e-22
-2.900282008136215950e+00
2.528264764424951183e-01
1.565612586402121531e+00
-4.410989908570346696e-22
-4.410990302189733595e-22
2.248661760700312320e-22
-2.899711799246714961e+00
3.628249985317592574e-01
-9.425061368549135510e-02
7.652364632985644242e-28
-1.021859024488353205e-20
-3.688819818280455578e-25
3.369235549582071413e-04
1.799854039996673927e-01
-9.425061368549136898e-02
3.185288832630776379e-28
0.000000000000000000e+00
2.710180591634513261e-20
-5.042217960799267283e-03
1.423125363179670033e-01
-9.425061368549135510e-02
7.652364632985644242e-28
-1.021859024488353205e-20
4.089925705009388848e-21
5.325210250610955091e-03
1.422587937802025637e-01
