1.557365657565254580e+00
-1.141561371452077422e-21
-1.141561573339655287e-21
-4.638723434529877256e-26
-3.299942875511844953e+00
3.256478749612543577e-01
1.756440202587750132e-03
-2.205677170082390948e+00
2.235501620062144479e+00
5.818579466063182501e-22
-2.900717616144828703e+00
2.652807292333132505e-01
1.557365657565254580e+00
-1.141561371452077422e-21
-1.141561573339655287e-21
5.829335827735840592e-22
-2.899240286944650968e+00
3.752708083242671799e-01
-1.492301383353613065e-01
3.080698117426308898e-27
-1.617943432881394977e-20
-1.756649621218151213e-25
1.342990672961562413e-03
2.849731227209168494e-01
-1.492301383353613342e-01
-8.470305763414195213e-22
0.000000000000000000e+00
-1.556875552457676343e-23
-7.665606834930003763e-03
2.253966820386065217e-01
-1.492301383353613065e-01
3.080698117426308898e-27
-1.617943432881394977e-20
6.482965705019828682e-21
8.748227883330385313e-03
2.251762199976971024e-01
