9.423804032674234499e-01
-4.918813483779934097e-20
-4.918805713475834610e-20
1.612220360730787308e-21
-3.176004013222714306e+00
1.485158616589856040e+00
1.135142280828065672e-03
-1.425472617734633296e+00
2.797984359440356616e+00
2.596736653020129766e-20
-2.884752637737155734e+00
1.205520213866320578e+00
9.423804032674234499e-01
-4.918813483779934097e-20
-4.918805713475834610e-20
2.824573043567537399e-20
-2.820087593123458802e+00
1.294505785759232586e+00
-9.974856615047810182e-01
-1.777410734639560144e-25
-1.081466201651116092e-19
7.812889625246163221e-21
3.912145840117490225e-01
1.832738736073203256e+00
-9.974856615047812403e-01
1.084200543146177977e-19
0.000000000000000000e+00
3.816860750957173011e-19
1.122792868889230800e-01
1.542219665132813722e+00
-9.974856615047810182e-01
-1.777410734639560144e-25
-1.081466201651116092e-19
4.630408140708544099e-20
2.010411189329055492e-01
1.477717210330084185e+00
