1.249166150813697751e+00
-2.622336904833817121e-20
-2.622335386474183408e-20
2.127368568872917673e-22
-3.267196389605577345e+00
9.122264204048061709e-01
1.462310522128654850e-03
-1.836319237925266190e+00
2.547433589134665777e+00
1.361609381425113593e-20
-2.905094092286272911e+00
7.336013206117422136e-01
1.249166150813697751e+00
-2.622336904833817121e-20
-2.622335386474183408e-20
1.422764852249880641e-20
-2.870321600385564054e+00
8.379606700108983564e-01
-7.147338204483079105e-01
-2.103581838762905910e-25
-7.749092075552650867e-20
1.470404481719866412e-21
1.468886881263641309e-01
1.351301330884969731e+00
-7.147338204483080215e-01
-2.119305739994506182e-25
-2.168404344971008868e-19
-2.280517166393029721e-19
1.921928812330730985e-02
1.092494572528834418e+00
-7.147338204483079105e-01
-2.103581838762905910e-25
-7.749092075552650867e-20
3.222461294544256255e-20
9.380844461886597707e-02
1.067641496546132940e+00
