1.028619714789647865e+00
-4.292579184488196145e-20
-4.292571845593778231e-20
1.033894233521752230e-21
-3.207381851482933310e+00
1.325809918810127552e+00
1.230145451383886411e-03
-1.544774330424744324e+00
2.733965017164178501e+00
2.255654314072320998e-20
-2.893126913036619285e+00
1.072296933615870751e+00
1.028619714789647865e+00
-4.292579184488196145e-20
-4.292571845593778231e-20
2.426689225353661550e-20
-2.836366729193974923e+00
1.166521566966970624e+00
-9.267977012406627413e-01
-6.006764886436571694e-27
-1.004826520164767396e-19
5.418194038266079023e-21
3.160319746550105391e-01
1.719842810849382619e+00
-9.267977012406628523e-01
-1.084202833176557635e-19
0.000000000000000000e+00
3.963263193280256463e-19
8.107672274231536580e-02
1.428592056293812806e+00
-9.267977012406627413e-01
-6.006764886436571694e-27
-1.004826520164767396e-19
4.269877842088571048e-20
1.684038963323588045e-01
1.375986848386452355e+00
