7.394274151313312560e-01
-6.334977368378410439e-20
-6.334964966949172210e-20
3.728515039996842199e-21
-3.085180664740573064e+00
1.853198315064199075e+00
9.035708044529501331e-04
-1.134673125772805768e+00
2.927933044041970412e+00
3.382620733520006321e-20
-2.856271677521679653e+00
1.520593932094851386e+00
7.394274151313312560e-01
-6.334977368378410439e-20
-6.334964966949172210e-20
3.771572541283856459e-20
-2.774997679803679507e+00
1.594719078266272128e+00
-1.146715799840143823e+00
-1.129087915869269243e-25
-1.243263681015428179e-19
1.555692957444549085e-20
5.820838431058554807e-01
2.046283030588308627e+00
-1.146715799840143823e+00
-2.168403937273519168e-19
0.000000000000000000e+00
3.389370330372195681e-19
2.006811420588224815e-01
1.783789478218998026e+00
-1.146715799840143823e+00
-1.129087915869269243e-25
-1.243263681015428179e-19
5.412088272312328789e-20
2.856816183390505914e-01
1.690591300919595197e+00
