1.422273111282718272e+00
-1.239450964404523743e-20
-1.239452283912710271e-20
1.981993484089008792e-23
-3.292987538860301377e+00
5.834388298650177163e-01
1.632243185651323326e-03
-2.049714829672379501e+00
2.379220639092235690e+00
6.371633474945226194e-21
-2.905530041086505477e+00
4.698532347445575907e-01
1.422273111282718272e+00
-1.239450964404523743e-20
-1.239452283912710271e-20
6.502932932930729254e-21
-2.889252486577879253e+00
5.786422103772874692e-01
-4.869615040417045182e-01
-2.063879200861904056e-26
-5.279605262106292929e-20
2.093742871807376045e-22
4.671281338881889955e-02
9.279755662192205046e-01
-4.869615040417045737e-01
-2.204053559505302114e-26
-1.084202172485504434e-19
-1.891613054777983658e-21
-8.598998848512423576e-03
7.392986803510575022e-01
-4.869615040417045182e-01
-2.063879200861904056e-26
-5.279605262106292929e-20
2.152499145144751224e-20
4.437704434875802684e-02
7.313721379254161103e-01
