1.375619057508399967e+00
-1.618568452074054557e-20
-1.618569565924072985e-20
4.617275774179993045e-23
-3.287895109229954205e+00
6.722868353610298442e-01
1.587594780082359066e-03
-1.993646898096696596e+00
2.426364295950121264e+00
8.343714090083697321e-21
-2.906156511402535614e+00
5.407549269556678473e-01
1.375619057508399967e+00
-1.618568452074054557e-20
-1.618569565924072985e-20
8.570152708362106913e-21
-2.884823062833420160e+00
6.486663905364613569e-01
-5.576494643058228506e-01
-2.237263694492924600e-26
-6.046000215583046656e-20
4.181922512416007790e-22
7.007793977862233903e-02
1.061036112794592423e+00
-5.576494643058228506e-01
-2.710507672801292982e-20
-1.084202172485504434e-19
-3.526235399254798168e-21
-3.270758482750296681e-03
8.481597882112767994e-01
-5.576494643058228506e-01
-2.237263694492924600e-26
-6.046000215583046656e-20
2.478792957378266820e-20
5.690601137553645550e-02
8.362632020449136672e-01
