4.951612413297666326e-01
-7.935252776575607212e-20
-7.935243680295604728e-20
8.015522414208296318e-21
-2.946136142223972243e+00
2.280110192769524424e+00
6.127715025544740743e-04
-7.694973683963002298e-01
3.044302613551544745e+00
4.304489554547804287e-20
-2.804460794957344127e+00
1.902018807021474966e+00
4.951612413297666326e-01
-7.935252776575607212e-20
-7.935243680295604728e-20
4.930403725290126963e-20
-2.707672663554484771e+00
1.954287895587691004e+00
-1.303800155982631104e+00
2.812158858161422453e-25
-1.413574095771018225e-19
2.904958324646706001e-20
8.277711107495662191e-01
2.221807748380490999e+00
-1.303800155982631326e+00
1.469749868237672106e-25
0.000000000000000000e+00
-1.558149100849442430e-19
3.348155030355707273e-01
2.037091408515367519e+00
-1.303800155982631104e+00
2.812158858161422453e-25
-1.413574095771018225e-19
6.275807124352434793e-20
4.029639488612726250e-01
1.910899027695052599e+00
