1.561371308646887446e+00
-8.015338542551207365e-22
-8.015339292864848564e-22
-3.705644533809368394e-26
-3.299971914775695847e+00
3.179985538680074608e-01
1.760003343569414239e-03
-2.210151639861738015e+00
2.231081144590811860e+00
4.084356687273655868e-22
-2.900508049161132806e+00
2.592310452576326307e-01
1.561371308646887446e+00
-8.015338542551207365e-22
-8.015339292864848564e-22
4.089653772864737805e-22
-2.899471312514064092e+00
3.692261595906093929e-01
-1.256674849139884642e-01
2.982287957113634073e-27
-1.362478683051980150e-20
-3.561206686768955024e-25
8.010831839383013991e-04
2.399792848964705794e-01
-1.256674849139884642e-01
-2.117558518020966012e-22
-2.710505431213761085e-20
-5.421866395111340253e-20
-6.584081817788659148e-03
1.897796655906690000e-01
-1.256674849139884642e-01
2.982287957113634073e-27
-1.362478683051980150e-20
5.456379363416321388e-21
7.238727553263130110e-03
1.896493815037137154e-01
