1.538908245718511925e+00
-2.703560254990794595e-21
-2.703560894607127305e-21
4.157032100993228960e-26
-3.299677109955629462e+00
3.608935386520378819e-01
1.739931099742389378e-03
-2.184945606699891130e+00
2.255754306384247787e+00
1.379691542476776310e-21
-2.901634009907711143e+00
2.931684288016810358e-01
1.538908245718511925e+00
-2.703560254990794595e-21
-2.703560894607127305e-21
1.385754622013329776e-21
-2.898126915424498407e+00
4.031125068063003414e-01
-2.277723164066041139e-01
3.394007084378856518e-27
-2.469492590905959415e-20
3.319496240799942694e-24
4.782703198044900919e-03
4.349258872464325520e-01
-2.277723164066041139e-01
1.694068207818563492e-21
5.421010862427522170e-20
-7.471252931299579025e-23
-1.064320195146260806e-02
3.442626883188525944e-01
-2.277723164066041139e-01
3.394007084378856518e-27
-2.469492590905959415e-20
9.919571942247032293e-21
1.439901537083790664e-02
3.434638692845543018e-01
