4.821232397699402594e-01
-8.017535721614457985e-20
-8.017527156664216716e-20
8.306018246672967821e-21
-2.937858431116476599e+00
2.302328270253329201e+00
5.969543625885795129e-04
-7.496347482537408791e-01
3.049251808868912228e+00
4.353216914211849522e-20
-2.801124541755116937e+00
1.922421908763928045e+00
4.821232397699402594e-01
-8.017535721614457985e-20
-8.017527156664216716e-20
4.992860597143219562e-20
-2.703663171567124657e+00
1.973424666739151068e+00
-1.311654373789755468e+00
3.746672177767527135e-25
-1.422089216005565518e-19
2.990099986689178224e-20
8.411325568650038775e-01
2.228949740188524764e+00
-1.311654373789755690e+00
-2.168402863651182440e-19
-2.168404344971008868e-19
-1.591746304944365981e-19
3.428267161868795432e-01
2.049602136162412158e+00
-1.311654373789755468e+00
3.746672177767527135e-25
-1.422089216005565518e-19
6.320553194196953603e-20
4.097247067604206094e-01
1.921766503679790183e+00
