1.158214308607198095e+00
-3.323300480781625354e-20
-3.323294854344564657e-20
4.529603842580822296e-22
-3.246140698201436248e+00
1.083693299190305881e+00
1.368560652056647828e-03
-1.718591376779274871e+00
2.628245168041100754e+00
1.734202017142212619e-20
-2.901758959145938288e+00
8.729180212160829733e-01
1.158214308607198095e+00
-3.323300480781625354e-20
-3.323294854344564657e-20
1.834275487288584871e-20
-2.857651597026140244e+00
9.736877617478170155e-01
-8.089844341337989464e-01
-2.600838781408102147e-25
-8.770946364478439516e-20
2.742950729646844696e-21
2.120111334286857163e-01
1.519544579805077733e+00
-8.089844341337990574e-01
-2.623291444709386701e-25
-2.168404344971008868e-19
-1.997932619532258478e-20
4.149721444731474529e-02
1.240945113509252185e+00
-8.089844341337989464e-01
-2.600838781408102147e-25
-8.770946364478439516e-20
3.681715003624321540e-20
1.230183659691893583e-01
1.205262944123632884e+00
