1.541107426704506844e+00
-2.517862311536040065e-21
-2.517862906721137361e-21
1.520441608913713507e-26
-3.299720154651761828e+00
3.566942018197057918e-01
1.741905936996871775e-03
-2.187425539431071098e+00
2.253351271447316950e+00
1.284740583570418424e-21
-2.901529077496882714e+00
2.898446238536691033e-01
1.541107426704506844e+00
-2.517862311536040065e-21
-2.517862906721137361e-21
1.289996275395064146e-21
-2.898263778225491194e+00
3.997961487210771603e-01
-2.199180985994798332e-01
3.374631130457012929e-27
-2.384337666786804862e-20
2.636590492079520228e-24
4.304469613249782556e-03
4.199336832332084546e-01
-2.199180985994798609e-01
2.328966258322536465e-27
5.421010862427522170e-20
-1.084854167345149802e-19
-1.039696246521868914e-02
3.323642586660287002e-01
-2.199180985994798332e-01
3.374631130457012929e-27
-2.384337666786804862e-20
9.574712334794241457e-21
1.378336782173511174e-02
3.316461602589060309e-01
