1.570717828328134669e+00
-6.687979828518576931e-24
-6.687980120859475756e-24
-3.405856171396878533e-28
-3.299999952322840269e+00
3.001500000638017696e-01
1.768289889226242048e-03
-2.220557598770375396e+00
2.220731915979141657e+00
3.405837778701428476e-24
-2.900004270970909737e+00
2.451186008465845168e-01
1.570717828328134669e+00
-6.687979828518576931e-24
-6.687980120859475756e-24
3.405874564091916865e-24
-2.899995636139574451e+00
3.551186005076740204e-01
-1.570843561424855456e-02
7.442587041438245981e-29
-1.703098378318754902e-21
-6.811680229835389451e-26
1.176752981226068765e-06
2.999762857461663740e-02
-1.570843561424855456e-02
-4.135903252184540512e-25
-6.776263578034402713e-21
6.776256210924939887e-21
-8.632804383844395503e-04
2.371432216812235580e-02
-1.570843561424855456e-02
7.442587041438245981e-29
-1.703098378318754902e-21
6.811785895010097480e-22
8.646474738591475220e-04
2.371418652843028732e-02
