9.718337200441393708e-01
-4.706600698435113537e-20
-4.706593343658889292e-20
1.395526643937949288e-21
-3.187215085528742886e+00
1.430913156712444456e+00
1.167834638170001625e-03
-1.466526555203192306e+00
2.776698809578401317e+00
2.480760214517050351e-20
-2.887854943200343527e+00
1.159973116878682653e+00
9.718337200441393708e-01
-4.706600698435113537e-20
-4.706593343658889292e-20
2.688368524084259054e-20
-2.825838486266752270e+00
1.250824418847361175e+00
-9.739230080834082592e-01
-3.822824519734296748e-26
-1.055920033091794102e-19
6.937286860269244802e-21
3.650674977485858230e-01
1.795819875314306868e+00
-9.739230080834083703e-01
-5.797999512982655015e-26
0.000000000000000000e+00
-4.673071001942296284e-20
1.011927591434501617e-01
1.504266144997554733e+00
-9.739230080834082592e-01
-3.822824519734296748e-26
-1.055920033091794102e-19
4.509577280987780288e-20
1.896749324450796026e-01
1.443866890710116646e+00
