5.717398649492280160e-01
-7.445593568115547420e-20
-7.445583946292633851e-20
6.441257993508999455e-21
-2.993050136588793819e+00
2.148395082263533595e+00
7.051265563249801537e-04
-8.854736671708846041e-01
3.012630378937290132e+00
4.017536478072474428e-20
-2.822864571295300440e+00
1.782250475085257468e+00
5.717398649492280160e-01
-7.445593568115547420e-20
-7.445583946292633851e-20
4.564830520002902036e-20
-2.730358881702793283e+00
1.841771037859937898e+00
-1.256674849139884920e+00
-2.915255130446882442e-25
-1.362481094309534944e-19
2.431788442384388580e-20
7.496271032983944371e-01
2.175467749764371295e+00
-1.256674849139885142e+00
-2.168404230146118748e-19
-2.168404344971008868e-19
-1.361246052412939292e-19
2.895023843092523474e-01
1.961599830173384795e+00
-1.256674849139884920e+00
-2.915255130446882442e-25
-1.362481094309534944e-19
6.010916065483805109e-20
3.643003785548444284e-01
1.845350256660139410e+00
