8.813531309060680385e-01
-5.353073212197996076e-20
-5.353063782572355519e-20
2.129491358022907449e-21
-3.151163114325825187e+00
1.596925323574549083e+00
1.066629406770138984e-03
-1.339436508032672002e+00
2.840152156482233181e+00
2.835407856075864372e-20
-2.877508906332380434e+00
1.300044245619957239e+00
8.813531309060680385e-01
-5.353073212197996076e-20
-5.353063782572355519e-20
3.107799432310302866e-20
-2.807537064764266788e+00
1.384920281033770184e+00
-1.044610968347527091e+00
-2.889543534008998663e-25
-1.132558593061276702e-19
9.822726498432595874e-21
4.467855992581432067e-01
1.904188212189253937e+00
-1.044610968347527313e+00
-2.494652131371903685e-25
-2.168404344971008868e-19
-4.974045730213537786e-19
1.366603689319393355e-01
1.618326024984845901e+00
-1.044610968347527091e+00
-2.889543534008998663e-25
-1.132558593061276702e-19
4.874045128127686638e-20
2.253228064750613102e-01
1.545232671807319047e+00
