1.174158370755660430e+00
-3.201668513418755948e-20
-3.201663710923795984e-20
4.019863782349302770e-22
-3.250201388797504087e+00
1.053716523974568497e+00
1.385205070434259150e-03
-1.739492864660813654e+00
2.614466947219311166e+00
1.669285266040457039e-20
-2.902502950244678637e+00
8.484586475655815363e-01
1.174158370755660430e+00
-3.201668513418755948e-20
-3.201663710923795984e-20
1.761873390380258136e-20
-2.860007805274576764e+00
9.499188006009975371e-01
-7.932759985195504404e-01
-2.603932208025426535e-25
-8.600636562185705580e-20
2.485592541892323717e-21
2.000791944623461771e-01
1.491921365235006292e+00
-7.932759985195505514e-01
-5.421037268705156485e-20
-2.168404344971008868e-19
-1.823829654659280596e-20
3.725304760000469617e-02
1.216100539208325060e+00
-7.932759985195504404e-01
-2.603932208025426535e-25
-8.600636562185705580e-20
3.604475157789133861e-20
1.177389518091206400e-01
1.182390160649934518e+00
