9.223521478592563438e-01
-5.062138476923806859e-20
-5.062130135003792563e-20
1.771581540972298005e-21
-3.168090139141234829e+00
1.521934748228763734e+00
1.112770617014530736e-03
-1.397379052219339446e+00
2.812112279354924027e+00
2.675304327333707389e-20
-2.882497471608412631e+00
1.236519562487908619e+00
9.223521478592563438e-01
-5.062138476923806859e-20
-5.062130135003792563e-20
2.917374919426211241e-20
-2.816063289525762237e+00
1.324192246095799108e+00
-1.013194097119029635e+00
-1.729534279721084724e-25
-1.098497162870136135e-19
8.443152426866793189e-21
4.092524841116785828e-01
1.856921698179526459e+00
-1.013194097119029635e+00
-1.588298947486645781e-25
-2.168404344971008868e-19
-5.572465425723348112e-20
1.200715026909128236e-01
1.567560893254793530e+00
-1.013194097119029635e+00
-1.729534279721084724e-25
-1.098497162870136135e-19
4.711323618278126402e-20
2.089009482010117935e-01
1.500250172121721404e+00
