9.814944079469021254e-01
-4.636620023458106709e-20
-4.636612513606844732e-20
1.328895286148286394e-21
-3.190781024453994252e+00
1.413079665299680210e+00
1.178502989496324612e-03
-1.479923503760291803e+00
2.769585795889936808e+00
2.442605399031415563e-20
-2.888817425040790532e+00
1.145044248555134647e+00
9.814944079469021254e-01
-4.636620023458106709e-20
-4.636612513606844732e-20
2.643764130610846764e-20
-2.827681534469956848e+00
1.236490423347255341e+00
-9.660687902762840062e-01
1.146100884724943410e-25
-1.047404700085965001e-19
6.663135778966279569e-21
3.565938925251421754e-01
1.783349141276429073e+00
-9.660687902762841173e-01
5.392337944755687061e-26
0.000000000000000000e+00
-4.506277385084643325e-20
9.765324171953970733e-02
1.491631532083843137e+00
-9.660687902762840062e-01
1.146100884724943410e-25
-1.047404700085965001e-19
4.469432678086738722e-20
1.859965371763571129e-01
1.432570056237614908e+00
