9.324055466523754054e-01
-4.990293829870563298e-20
-4.990285786011193871e-20
1.690349256983248978e-21
-3.172091867382596853e+00
1.503486003950588179e+00
1.124014385042987514e-03
-1.411498589214608135e+00
2.805055771666104647e+00
2.635896093860577859e-20
-2.883644287923010197e+00
1.220956370276693015e+00
9.324055466523754054e-01
-4.990293829870563298e-20
-4.990285786011193871e-20
2.870773654760551286e-20
-2.818094856695156469e+00
1.309292501421909005e+00
-1.005339879311905271e+00
-2.114779844623646945e-25
-1.089982163573608588e-19
8.123228398904888465e-21
4.001728241362235705e-01
1.844874427817553730e+00
-1.005339879311905271e+00
-1.084203781501944339e-19
-2.168404344971008868e-19
-5.383746193848928796e-20
1.161345163164729799e-01
1.554886573095842106e+00
-1.005339879311905271e+00
-2.114779844623646945e-25
-1.089982163573608588e-19
4.670831222732404183e-20
2.049423517408852646e-01
1.488987115816267082e+00
