5.210016179152053839e-01
-7.771242791946051498e-20
-7.771233270883766222e-20
7.459347233391252759e-21
-2.962294488876347831e+00
2.235895067994177587e+00
6.440424448135238485e-04
-8.087663417237515029e-01
3.034111738965147076e+00
4.207816186324084669e-20
-2.810897502521731539e+00
1.861590442691817504e+00
5.210016179152053839e-01
-7.771242791946051498e-20
-7.771233270883766222e-20
4.806806384708548792e-20
-2.715492185877913744e+00
1.916342844977861892e+00
-1.288091720368382376e+00
-3.364276746821493301e-26
-1.396543261778378529e-19
2.740120691292631838e-20
8.013312125990866841e-01
2.207016538579647413e+00
-1.288091720368382598e+00
8.528976710170884128e-26
-2.168404344971008868e-19
-1.491550432891879132e-19
3.191925238515267438e-01
2.012003333967541607e+00
-1.288091720368382376e+00
-3.364276746821493301e-26
-1.396543261778378529e-19
6.186822698793229570e-20
3.897186399064594964e-01
1.889112535519515745e+00
