1.555873356181900480e+00
-1.268143237345044590e-21
-1.268143481923536227e-21
-4.814388396651693617e-26
-3.299929445605115141e+00
3.284976061884635201e-01
1.755110957602671034e-03
-2.204007949927969445e+00
2.237146171124872129e+00
6.464412650777351143e-22
-2.900794716709683030e+00
2.675347634925235307e-01
1.555873356181900480e+00
-1.268143237345044590e-21
-1.268143481923536227e-21
6.477692063780563416e-22
-2.899153250868223175e+00
3.775225154919680803e-01
-1.570843561424855872e-01
3.119964926396207615e-27
-1.703098328904414843e-20
-6.312961921055587548e-26
1.566819947420212706e-03
2.999705841361122172e-01
-1.570843561424856150e-01
-4.235141040375350504e-22
0.000000000000000000e+00
-5.422879401350252694e-20
-8.009488946087151701e-03
2.372727622334677433e-01
-1.570843561424855872e-01
3.119964926396207615e-27
-1.703098328904414843e-20
6.825549698547496888e-21
9.267866260304978565e-03
2.370149136286321401e-01
