1.037809149623983407e+00
-4.224972376582419571e-20
-4.224964874852269725e-20
9.819658755727266319e-22
-3.210464639627345296e+00
1.308740686837659872e+00
1.240137154387293628e-03
-1.557321567366609205e+00
2.726841517068717913e+00
2.219036330849492198e-20
-2.893893361559555455e+00
1.058126190244732978e+00
1.037809149623983407e+00
-4.224972376582419571e-20
-4.224964874852269725e-20
2.384459361608842431e-20
-2.838001433218634517e+00
1.152868431860251786e+00
-9.189434834335384883e-01
1.377721706316748127e-25
-9.963111928159501714e-20
5.192835794902562791e-21
3.082788144411864328e-01
1.706923197246772883e+00
-9.189434834335385993e-01
1.084202641572671946e-19
-2.168404344971008868e-19
-4.696166890019121322e-19
7.797825594313967379e-02
1.416012084224150591e+00
-9.189434834335384883e-01
1.377721706316748127e-25
-9.963111928159501714e-20
4.230174046575526455e-20
1.650410214816064869e-01
1.364650560898726939e+00
