1.570796370506286621e+00
0.000000000000000000e+00
0.000000000000000000e+00
0.000000000000000000e+00
-3.299999952316284180e+00
3.000000119209289551e-01
1.768359360906090116e-03
-2.220644838953635958e+00
2.220644741886165452e+00
0.000000000000000000e+00
-2.899999949912158037e+00
2.450000294054850425e-01
1.570796370506286621e+00
0.000000000000000000e+00
0.000000000000000000e+00
0.000000000000000000e+00
-2.899999954720410944e+00
3.550000294054849181e-01
-7.854217807124277279e-03
3.722239876937213768e-29
-8.515491892535037037e-22
-3.405856171396878336e-26
-6.556190217953702226e-10
1.499881428728353991e-02
-7.854217807124277279e-03
1.009741958682896008e-28
-3.388131789017201356e-21
3.388131789017201356e-21
-4.319824976833453530e-04
1.185712714555130047e-02
-7.854217807124277279e-03
3.722239876937213768e-29
-8.515491892535037037e-22
3.405856171396879175e-22
4.319814611003243280e-04
1.185712718331636412e-02
