1.386536420260302771e+00
-1.530282176745016892e-20
-1.530283410977284345e-20
3.866637327458959072e-23
-3.289210176148567033e+00
6.515081588549211933e-01
1.598121041216641084e-03
-2.006865414722753815e+00
2.415449772503595049e+00
7.883520563844636431e-21
-2.906058374547499046e+00
5.241515848987412518e-01
1.386536420260302771e+00
-1.530282176745016892e-20
-1.530283410977284345e-20
8.085405585366808963e-21
-2.885904282510170837e+00
6.322895179941675492e-01
-5.419410286915743447e-01
-1.958779884510785094e-26
-5.875688919057877128e-20
3.615713328973487514e-22
6.433882046201669369e-02
1.031561360510105496e+00
-5.419410286915744557e-01
-2.710507670907439401e-20
0.000000000000000000e+00
-3.090094831663272724e-21
-4.680932238430024483e-03
8.239156790053927537e-01
-5.419410286915743447e-01
-1.958779884510785094e-26
-5.875688919057877128e-20
2.405857141176681689e-20
5.392345046388592744e-02
8.129933496343382249e-01
