1.108497109888101351e+00
-3.699206221249467380e-20
-3.699198604043156869e-20
6.390792517924203449e-22
-3.232477649918324758e+00
1.176917059504388297e+00
1.316106664010627996e-03
-1.652721463517462075e+00
2.670132469954197507e+00
1.935546076646874987e-20
-2.898996284415128244e+00
9.492875823663793344e-01
1.108497109888101351e+00
-3.699206221249467380e-20
-3.699198604043156869e-20
2.060734808240570753e-20
-2.849935497831610043e+00
1.047740816034992140e+00
-8.561097409765444644e-01
-1.750632913939580902e-26
-9.281871690897018445e-20
3.643921163363710557e-21
2.504992796518775156e-01
1.601224879569914217e+00
-8.561097409765445754e-01
-7.758703026609883489e-26
-2.168404344971008868e-19
-2.428094191328738670e-19
5.562346694063041719e-02
1.315728234128468177e+00
-8.561097409765444644e-01
-1.750632913939580902e-26
-9.281871690897018445e-20
3.915099514505054829e-20
1.399102393149697088e-01
1.273726816834346964e+00
