7.845106253442247768e-01
-6.027280634257594732e-20
-6.027268859611320029e-20
3.156521579367606239e-21
-3.107363721128357792e+00
1.772383049878325290e+00
9.558986860806775688e-04
-1.200384678963016150e+00
2.901626332461013202e+00
3.209906702823360020e-20
-2.863697528464915987e+00
1.450433074644745801e+00
7.845106253442247768e-01
-6.027280634257594732e-20
-6.027268859611320029e-20
3.559962723630861801e-20
-2.785846778919363498e+00
1.528145755689705787e+00
-1.115298928611646367e+00
-1.492777567505222088e-25
-1.209200291505732467e-19
1.357166922494366920e-20
5.383072032815687802e-01
2.004598909767832282e+00
-1.115298928611646367e+00
-2.168404823226236787e-19
0.000000000000000000e+00
-5.180678562383245956e-19
1.792367408370115767e-01
1.732838266151416562e+00
-1.115298928611646367e+00
-1.492777567505222088e-25
-1.209200291505732467e-19
5.244954370845381466e-20
2.659096107459939518e-01
1.646011408591648184e+00
