1.568597189457015650e+00
-1.872091989273873804e-22
-1.872092070757082502e-22
-9.507511358416764888e-27
-3.299998468121660089e+00
3.041996796558402716e-01
1.766413125541050309e-03
-2.218200823474743011e+00
2.223084323440255083e+00
9.534950753566590353e-23
-2.900120387818367895e+00
2.483201584253044714e-01
1.568597189457015650e+00
-1.872091989273873804e-22
-1.872092070757082502e-22
9.537834726931442406e-23
-2.899878482906184995e+00
3.583198924341349789e-01
-6.283374245699423211e-02
1.028241262911040252e-28
-6.812393498734734526e-21
-2.684067426352013528e-25
9.895352346083477685e-05
1.199904767318353410e-01
-6.283374245699423211e-02
-2.646997456599148689e-23
-1.355252715606880543e-20
-2.710591762719530670e-20
-3.412165922158792893e-03
9.486464041986104878e-02
-6.283374245699423211e-02
1.028241262911040252e-28
-6.812393498734734526e-21
2.725506384817971184e-21
3.499529034889931143e-03
9.484944062890983407e-02
