7.807026397704395354e-03
-1.079954335250482939e-19
-1.079955848373409975e-19
2.389276081310552656e-20
-2.585194807580622367e+00
3.064314507815422139e+00
9.760579877785213881e-06
-1.225700036394506559e-02
3.139976089355685396e+00
6.134260836702735636e-20
-2.637070352636649240e+00
2.663897315595682436e+00
7.807026397704395354e-03
-1.079954335250482939e-19
-1.079955848373409975e-19
7.317563048361537866e-20
-2.527073704850987479e+00
2.664756079775803421e+00
-1.570843561424859480e+00
1.447793907189942635e-24
-1.703099756030262580e-19
6.981862548739197494e-20
1.320594046747878725e+00
2.355685680548467165e+00
-1.570843561424859924e+00
2.995865058761703030e-27
-1.660184576618428665e-19
-2.636349876130431225e-19
6.916012784656799806e-01
2.437174046495132362e+00
-1.570843561424859480e+00
1.447793907189942635e-24
-1.703099756030262580e-19
7.971665059703912692e-20
6.929502626488055483e-01
2.264386520542707615e+00
