4.022458446714862745e-01
-8.514792269531633806e-20
-8.514786948458343123e-20
1.023442302364322753e-20
-2.885354646816196578e+00
2.437075568568856099e+00
4.995226860741621821e-04
-6.272834013688296517e-01
3.076738028319752960e+00
4.651212483757448919e-20
-2.779370404882889556e+00
2.047470203536722266e+00
4.022458446714862745e-01
-8.514792269531633806e-20
-8.514786948458343123e-20
5.376933767343093717e-20
-2.678150154015124684e+00
2.090533654562699351e+00
-1.358779680632501652e+00
3.029186172813128533e-25
-1.473179736124193985e-19
3.541108551679782888e-20
9.231724025200593875e-01
2.268111872941392271e+00
-1.358779680632501874e+00
-4.336808402249296056e-19
-2.168404344971008868e-19
2.540621400301899010e-19
3.937845490489877420e-01
2.124102638535175558e+00
-1.358779680632501652e+00
3.029186172813128533e-25
-1.473179736124193985e-19
6.593592654564352044e-20
4.522982912809981881e-01
1.986566618387532124e+00
