1.570560743971346040e+00
-2.006350894694256328e-23
-2.006350982364903414e-23
-1.021753640123226786e-27
-3.299999940555310651e+00
3.004499763495479536e-01
1.768150937756297761e-03
-2.220383108333597644e+00
2.220906254080118547e+00
1.021740291936145952e-23
-2.900012908710339232e+00
2.453557447472291819e-01
1.570560743971346040e+00
-2.006350894694256328e-23
-2.006350982364903414e-23
1.021773398785500910e-23
-2.899986994599988321e+00
3.553557416947695224e-01
-2.356265342137283184e-02
1.115728410980151933e-28
-2.554647566182018364e-21
-1.021690629999643295e-25
4.710314733020421548e-06
4.499644281576851285e-02
-2.356265342137283531e-02
-9.468211234073258908e-32
0.000000000000000000e+00
6.776230320712580435e-21
-1.293455970029263073e-03
3.557168701136183969e-02
-2.356265342137283184e-02
1.115728410980151933e-28
-2.554647566182018364e-21
1.021789935889055181e-21
1.298435834397699716e-03
3.557107640616091748e-02
