1.567968851991130785e+00
-2.406768878760203892e-22
-2.406768953002476239e-22
-1.219157878476877910e-26
-3.299997478586425448e+00
3.053995844231586210e-01
1.765856666213989467e-03
-2.217502041163250670e+00
2.223780853086251064e+00
1.225868957987751988e-22
-2.900154588415111867e+00
2.492688158603550419e-01
1.567968851991130785e+00
-2.406768878760203892e-22
-2.406768953002476239e-22
1.226345694195616709e-22
-2.899843566601114642e+00
3.592683761568908896e-01
-7.068796026411851285e-02
1.388631609331717003e-28
-7.663942681803361913e-21
-2.985124926373785997e-25
1.413638499183672472e-04
1.349892547464111026e-01
-7.068796026411851285e-02
-5.293975536421130632e-23
-2.710505431213761085e-20
-1.265515400476649124e-24
-3.826405687843524930e-03
1.067251764140910025e-01
-7.068796026411851285e-02
1.388631609331717003e-28
-7.663942681803361913e-21
3.066458140342561648e-21
3.949238859468507529e-03
1.067031909164618680e-01
