6.575079234030254405e-01
-6.884169653069151592e-20
-6.884158842778720781e-20
4.933664182391883547e-21
-3.042034815064285080e+00
1.998516545533220556e+00
8.073325023464238050e-04
-1.013820377458834354e+00
2.971919118191054476e+00
3.694124488228466368e-20
-2.841109797569486783e+00
1.648296418549183517e+00
6.575079234030254405e-01
-6.884169653069151592e-20
-6.884158842778720781e-20
4.157875598693420420e-20
-2.754042849362438261e+00
1.715522503738722282e+00
-1.201695324490014372e+00
1.609584043371505807e-25
-1.302872866670840653e-19
1.956387649314446677e-20
6.631458151062842310e-01
2.114322904767379718e+00
-1.201695324490014372e+00
-2.168402518695856781e-19
-2.168404344971008868e-19
-5.481882236996790742e-19
2.422879259672681140e-01
1.872872250670806649e+00
-1.201695324490014372e+00
1.609584043371505807e-25
-1.302872866670840653e-19
5.708552273608863549e-20
3.230731982233038257e-01
1.768244306092781937e+00
