1.205103988915730673e+00
-2.964085384422788908e-20
-2.964081931125854330e-20
3.142200567432176129e-22
-3.257635353409805923e+00
9.954319664869694106e-01
1.417258131949160165e-03
-1.779743996470995127e+00
2.587251589595544576e+00
1.542805319368294539e-20
-2.903752566891792952e+00
8.010303888024085106e-01
1.205103988915730673e+00
-2.964085384422788908e-20
-2.964081931125854330e-20
1.621664925998115665e-20
-2.864417013696352043e+00
9.037567936592352247e-01
-7.618591272910534284e-01
-1.909840581668320014e-25
-8.260016654288773551e-20
2.028477946138520399e-21
1.775278294815708091e-01
1.436144485716365660e+00
-7.618591272910535395e-01
-2.077949242927782010e-25
2.168404344971008868e-19
2.017326986547825053e-19
2.942121316280738030e-02
1.166535654816426293e+00
-7.618591272910534284e-01
-1.909840581668320014e-25
-8.260016654288773551e-20
3.450839580268414403e-20
1.076842623167767465e-01
1.136567504587436828e+00
