3.474234043777587044e-01
-8.849290134596266692e-20
-8.849285786217473040e-20
1.171092217465041526e-20
-2.847586569713964177e+00
2.528146031328102339e+00
4.321823839896390528e-04
-5.427197671129245782e-01
3.092766657298589905e+00
4.855479411682017982e-20
-2.763109975044943933e+00
2.133318594397579204e+00
3.474234043777587044e-01
-8.849290134596266692e-20
-8.849285786217473040e-20
5.642035455424442829e-20
-2.659682133749464938e+00
2.170770986109688216e+00
-1.390196551860999108e+00
2.938548169724621878e-26
-1.507242812097886873e-19
3.948297272172372205e-20
9.795062593754894076e-01
2.290546429397066319e+00
-1.390196551860999330e+00
4.336808962276992705e-19
-1.084202172485504434e-19
2.349227624557662697e-20
4.306185179745605218e-01
2.173107358775235198e+00
-1.390196551860999108e+00
2.938548169724621878e-26
-1.507242812097886873e-19
6.780472326696582737e-20
4.826847037916816019e-01
2.029322330439833788e+00
