8.390974391037391289e-01
-5.649488684183782827e-20
-5.649477582830867305e-20
2.545102531989134132e-21
-3.132705646685403078e+00
1.673783401229849810e+00
1.018605728009078486e-03
-1.279130024655031894e+00
2.867802781701489501e+00
2.999428805776951997e-20
-2.871836895503210751e+00
1.365607323870423162e+00
8.390974391037391289e-01
-5.649488684183782827e-20
-5.649477582830867305e-20
3.304688574538461991e-20
-2.798342085141839686e+00
1.447451766870214485e+00
-1.076027839576024547e+00
-1.042607491279521445e-25
-1.166622388721778110e-19
1.137306399534421297e-20
4.862583549941466021e-01
1.949884363237149199e+00
-1.076027839576024547e+00
-4.781345812450496465e-26
-2.168404344971008868e-19
-7.245109512083909535e-20
1.546523162640688343e-01
1.669182324489679736e+00
-1.076027839576024547e+00
-1.042607491279521445e-25
-1.166622388721778110e-19
5.038068927979729264e-20
2.427192154464374862e-01
1.590099862476483494e+00
