1.440966149663673646e+00
-1.086195828177093316e-20
-1.086197182124611505e-20
1.301277976627979481e-23
-3.294641096751490750e+00
5.478051941286550264e-01
1.649885027566667071e-03
-2.071868847578671069e+00
2.359966632350367188e+00
5.577465368091878701e-21
-2.905128155345732655e+00
4.414817795981077486e-01
1.440966149663673646e+00
-1.086195828177093316e-20
-1.086197182124611505e-20
5.677837925997908950e-21
-2.890886922750491195e+00
5.505560079665369200e-01
-4.555446328132075062e-01
1.224679644736980894e-26
-4.938985766248474834e-20
1.487160693810264255e-22
3.825466507270218475e-02
8.685411377455324322e-01
-4.555446328132075062e-01
1.355253771467548878e-20
1.084202172485504434e-19
-1.397603986230741926e-21
-1.018039575906241889e-02
6.911006078768540117e-01
-4.555446328132075062e-01
1.224679644736980894e-26
-4.938985766248474834e-20
2.009007728761314529e-20
3.950778355241756773e-02
6.846130908034472329e-01
