4.690066960320426470e-01
-8.099996992100407719e-20
-8.099989044839252297e-20
8.605028245341885644e-21
-2.929447105547826613e+00
2.324617767655214440e+00
5.810163791163294299e-04
-7.296203770478902895e-01
3.054100116570565238e+00
4.402207680205495308e-20
-2.797707893645323907e+00
1.942950661334395202e+00
4.690066960320426470e-01
-8.099996992100407719e-20
-8.099989044839252297e-20
5.055758427717535817e-20
-2.699585946421855454e+00
1.992670712350810502e+00
-1.319508591596879832e+00
4.472784610338075603e-25
-1.430604457045062111e-19
3.077106632510783796e-20
8.545861050190840524e-01
2.235919694860788454e+00
-1.319508591596880054e+00
4.336810180278900590e-19
-1.084202172485504434e-19
-1.625515667857592535e-19
3.509730790988437876e-01
2.062088672905234343e+00
-1.319508591596879832e+00
4.472784610338075603e-25
-1.430604457045062111e-19
6.365495772705566383e-20
4.165791135896385056e-01
1.932615920519652253e+00
