1.402323398052622183e+00
-1.402152968888240936e-20
-1.402154204118267994e-20
2.931513158392744854e-23
-3.290978537597218700e+00
6.214474292297792468e-01
1.613258268936636208e-03
-2.025874224384820455e+00
2.399539679604608899e+00
7.216667998842716774e-21
-2.905863989320769392e+00
5.001552831286133483e-01
1.402323398052622183e+00
-1.402152968888240936e-20
-1.402154204118267994e-20
7.385519402490355006e-21
-2.887419508956538650e+00
6.085978999547186907e-01
-5.183783752702015857e-01
1.269291126859566926e-26
-5.620224849209426639e-20
2.882397377285001093e-22
5.632697643594623826e-02
9.872422639647197018e-01
-5.183783752702015857e-01
-5.421009844142375986e-20
-1.084202172485504434e-19
-2.518202870753083707e-21
-6.548249193011973501e-03
7.876072101362565636e-01
-5.183783752702015857e-01
1.269291126859566926e-26
-5.620224849209426639e-20
2.296916438352226421e-20
4.966605832735347670e-02
7.780459903723431214e-01
