1.322603087310310510e+00
-2.043598166714362468e-20
-2.043598629801973286e-20
9.651117686057264888e-23
-3.280439745726583478e+00
7.730624261249682272e-01
1.535811967933578331e-03
-1.928619824470431565e+00
2.478332460664763648e+00
1.056720654702250222e-20
-2.906207522840758450e+00
6.214865594642953184e-01
1.322603087310310510e+00
-2.043598166714362468e-20
-2.043598629801973286e-20
1.093264932457880110e-20
-2.879185696834867247e+00
7.281159218337072137e-01
-6.283374245699411276e-01
-9.136347356186584176e-26
-6.812394026765915501e-20
7.666461688411988744e-22
1.000888268473605902e-01
1.192809455456589340e+00
-6.283374245699412386e-01
-8.904702446376978313e-26
0.000000000000000000e+00
2.106999689473438828e-19
4.848037162836521530e-03
9.576653443374258945e-01
-6.283374245699411276e-01
-9.136347356186584176e-26
-6.812394026765915501e-20
2.810165713416560058e-20
7.184725609756781317e-02
9.406865197777071197e-01
