4.558116101160738509e-01
-8.182631297260613303e-20
-8.182624036850143313e-20
8.912738908592963963e-21
-2.920901244497635663e+00
2.346976964603822324e+00
5.649577824511085086e-04
-7.094545439238763018e-01
3.058844972257583894e+00
4.451464468618686654e-20
-2.794209485125204395e+00
1.963604824109604685e+00
4.558116101160738509e-01
-8.182631297260613303e-20
-8.182624036850143313e-20
5.119099127706010314e-20
-2.695440038490992674e+00
2.012025856849227523e+00
-1.327362809404004196e+00
4.624295772669128244e-25
-1.439118517417179551e-19
3.166002233628380505e-20
8.681300129218324502e-01
2.242715401159150357e+00
-1.327362809404004418e+00
9.141504466012340786e-26
-1.084202172485504434e-19
-1.659436357999935370e-19
3.592560914682013662e-01
2.074549471510224397e+00
-1.327362809404004196e+00
4.624295772669128244e-25
-1.439118517417179551e-19
6.410640709732153325e-20
4.235283695197101794e-01
1.943446581342557877e+00
