1.091296372890499411e+00
-3.828077928333019853e-20
-3.828070182334061773e-20
7.136632768568689874e-22
-3.227399523974131768e+00
1.209075808202497937e+00
1.297768310151743622e-03
-1.629692789655177387e+00
2.684241446207745518e+00
2.004826939439234059e-20
-2.897882691746029415e+00
9.757441616597350986e-01
1.091296372890499411e+00
-3.828077928333019853e-20
-3.828070182334061773e-20
2.139322415394974493e-20
-2.847135778003342388e+00
1.073338991162082756e+00
-8.718181765907929703e-01
-7.084664447581687324e-26
-9.452177703509122140e-20
3.991297472672368189e-21
2.642430166002450731e-01
1.628017391381571644e+00
-8.718181765907930814e-01
-1.346000559934240805e-25
2.168404344971008868e-19
-2.823845505920187033e-20
6.082024597040636138e-02
1.340738627552493734e+00
-8.718181765907929703e-01
-7.084664447581687324e-26
-9.452177703509122140e-20
3.993451210034988736e-20
1.459051922718322403e-01
1.296496545745733808e+00
