5.446108017202271750e-02
-1.054401225728957342e-19
-1.054402277890171607e-19
2.189214970307007129e-20
-2.623903301198158289e+00
2.993677312097011267e+00
6.808065613569922489e-05
-8.549334542846485918e-02
3.138836502790256944e+00
5.955707693696864169e-20
-2.657048091240770127e+00
2.591276488423610580e+00
5.446108017202271750e-02
-1.054401225728957342e-19
-1.054402277890171607e-19
7.083401633012842484e-20
-2.547211181433149285e+00
2.597264246260440501e+00
-1.547280908003486388e+00
1.083660586070303184e-24
-1.677553095281063041e-19
6.514626906149276171e-20
1.275136566440379537e+00
2.353786090756272209e+00
-1.547280908003486610e+00
1.904080919570982069e-26
-1.897353801849632760e-19
-3.929761426714015514e-20
6.525094546056494638e-01
2.405070391588989942e+00
-1.547280908003486388e+00
1.083660586070303184e-24
-1.677553095281063041e-19
7.801134977382308691e-20
6.617741979883240422e-01
2.235121838049556331e+00
