1.064906201058562152e+00
-4.024627158119448320e-20
-4.024619355243216936e-20
8.389651863904893219e-22
-3.219259689007054615e+00
1.258314967366876314e+00
1.269446853863755772e-03
-1.594127679460803471e+00
2.705501800763367104e+00
2.110746679841817075e-20
-2.896014542193076746e+00
1.016369570507977382e+00
1.064906201058562152e+00
-4.024627158119448320e-20
-4.024619355243216936e-20
2.260128621033782824e-20
-2.842710053166443096e+00
1.112591353122983406e+00
-8.953808300121657293e-01
1.466689769349318512e-25
-9.707644812041064707e-20
4.560875467912648387e-21
2.857314026853066125e-01
1.667758023933154865e+00
-8.953808300121658403e-01
4.420133734871359430e-26
0.000000000000000000e+00
-3.191594200876297863e-20
6.909813242816309486e-02
1.378330516081451185e+00
-8.953808300121657293e-01
1.466689769349318512e-25
-9.707644812041064707e-20
4.111495528321986853e-20
1.552532720112371756e-01
1.330602698453409394e+00
