1.352841825867739489e+00
-1.801923006312031843e-20
-1.801923870528456446e-20
6.482332878859505517e-23
-3.284909125556110698e+00
7.156104583147322451e-01
1.565481758243965522e-03
-1.965878126148082883e+00
2.448902426631666351e+00
9.301285163315928835e-21
-2.906265220578474029e+00
5.754184712994736550e-01
1.352841825867739489e+00
-1.801923006312031843e-20
-1.801923870528456446e-20
9.583436641239358236e-21
-2.882479593812292684e+00
6.828160688486736296e-01
-5.890663355343198626e-01
-2.661674008651984266e-26
-6.386621398778933399e-20
5.525899099738148446e-22
8.254970750177953454e-02
1.119790839596418897e+00
-5.890663355343198626e-01
-5.421013210749430750e-20
0.000000000000000000e+00
-4.546643260508331030e-21
-3.267256057376544121e-05
8.967444620188373960e-01
-5.890663355343198626e-01
-2.661674008651984266e-26
-6.386621398778933399e-20
2.625424137221008591e-20
6.323163667292305834e-02
8.827331500212959314e-01
