5.591731164578291891e-01
-7.526696639132745573e-20
-7.526686835595795913e-20
6.684436837747438072e-21
-2.985553865555810038e+00
2.170149759761177410e+00
6.900380647882971459e-04
-8.665260586069052362e-01
3.018131954448592058e+00
4.064727869277819248e-20
-2.819982864290840219e+00
1.801895440655324476e+00
5.591731164578291891e-01
-7.526696639132745573e-20
-7.526686835595795913e-20
4.624676242366830839e-20
-2.726736518742583826e+00
1.860248838516076475e+00
-1.264529066947009284e+00
-1.336422050471674123e-25
-1.370997277242834895e-19
2.506247800888121319e-20
7.624024725177808159e-01
2.183595142565456282e+00
-1.264529066947009506e+00
8.667434951281237451e-26
0.000000000000000000e+00
-1.393418002930610329e-19
2.967341819796505131e-01
1.974225798822381917e+00
-1.264529066947009284e+00
-1.336422050471674123e-25
-1.370997277242834895e-19
6.054630720313837690e-20
3.705237497296947069e-01
1.856313084490027077e+00
