1.340981956978981593e+00
-1.896946200146446974e-20
-1.896946983993093978e-20
7.625957574852515127e-23
-3.283224820526726262e+00
7.381527151288100885e-01
1.553887264424971609e-03
-1.951318159798285379e+00
2.460512219415452506e+00
9.798516529301943302e-21
-2.906270164206529394e+00
5.934800256586750811e-01
1.340981956978981593e+00
-1.896946200146446974e-20
-1.896946983993093978e-20
1.011207062895765392e-20
-2.881212518655547949e+00
7.005879824099892073e-01
-6.047747711485683686e-01
-2.619088755817047101e-26
-6.556930806376876025e-20
6.315777272694332750e-22
8.929922620706920444e-02
1.149059489765464237e+00
-6.047747711485684796e-01
-2.407824470314111295e-26
0.000000000000000000e+00
-5.138659269300785208e-21
1.804833541320410850e-03
9.210868237560299043e-01
-6.047747711485683686e-01
-2.619088755817047101e-26
-6.556930806376876025e-20
2.699124717793922905e-20
6.658102357378711811e-02
9.059325919024131535e-01
