1.550925198963411633e+00
-1.687493263360810613e-21
-1.687493637625777065e-21
-4.522874551062546376e-26
-3.299874771980394250e+00
3.379466343338057288e-01
1.750696481573878584e-03
-2.198464402924193983e+00
2.242590237130218878e+00
8.604885770286613678e-22
-2.901046581833388593e+00
2.750095646207670330e-01
1.550925198963411633e+00
-1.687493263360810613e-21
-1.687493637625777065e-21
8.628431167899172119e-22
-2.898860901618793839e+00
3.849878479407004006e-01
-1.806470095638584294e-01
7.370511696146854650e-27
-1.958563048024357609e-20
5.043276757239757914e-25
2.384373313175027972e-03
3.449608476883017638e-01
-1.806470095638584850e-01
1.694072394796446254e-21
5.421010862427522170e-20
-3.103450918612126024e-23
-8.985020121197496296e-03
2.729137278084792784e-01
-1.806470095638584294e-01
7.370511696146854650e-27
-1.958563048024357609e-20
7.854614156748146636e-21
1.088222787751523535e-02
2.725188912138498121e-01
