1.754160344017369200e-01
-9.863190507759374428e-20
-9.863192704445549305e-20
1.720262355341258346e-20
-2.720486913877712798e+00
2.805957050144717968e+00
2.190303257346744173e-04
-2.750507465597962775e-01
3.127936298081700706e+00
5.498242249430533838e-20
-2.704835763854635644e+00
2.402496963515377004e+00
1.754160344017369200e-01
-9.863190507759374428e-20
-9.863192704445549305e-20
6.482722730184959751e-20
-2.596523821796353992e+00
2.421693921804737304e+00
-1.484447165546491476e+00
6.817715440623768042e-25
-1.609429392458663078e-19
5.376759314085362060e-20
1.154787217327396087e+00
2.338757505633513034e+00
-1.484447165546491698e+00
5.698377469735212471e-26
-1.626303258728256651e-19
2.006356716064584937e-19
5.558720353193293828e-01
2.315524200344213579e+00
-1.484447165546491476e+00
6.817715440623768042e-25
-1.609429392458663078e-19
7.371831555876716845e-20
5.843689056390839465e-01
2.154740844960961521e+00
