1.099936012478336167e+00
-3.763423377409812419e-20
-3.763415694421911784e-20
6.755184634260573827e-22
-3.229972657121805923e+00
1.192929308300087365e+00
1.306991423406928627e-03
-1.641274858063284547e+00
2.677179495499746764e+00
1.970052496111465156e-20
-2.898452246689270595e+00
9.624532412852163654e-01
1.099936012478336167e+00
-3.763423377409812419e-20
-3.763415694421911784e-20
2.099834046332158786e-20
-2.848550400558079065e+00
1.060482857997202544e+00
-8.639639587836687173e-01
-1.488085716120211818e-26
-9.367026229640371387e-20
3.814481343081168740e-21
2.573133147674339094e-01
1.614649990241058930e+00
-8.639639587836687173e-01
-1.084202939980386723e-19
0.000000000000000000e+00
-2.439263491439303313e-19
5.819029950437576426e-02
1.328228304026178863e+00
-8.639639587836687173e-01
-1.488085716120211818e-26
-9.367026229640371387e-20
3.954240613200834803e-20
1.428843552369089553e-01
1.285114907492061143e+00
