3.335214388591487000e-01
-8.933238301973437040e-20
-8.933234071515073967e-20
1.210575190186765302e-20
-2.837791507120209111e+00
2.551051495622072895e+00
4.150525815106647178e-04
-5.212087505838626234e-01
3.096462500536113716e+00
4.907280989780451666e-20
-2.758811776103996749e+00
2.155087858290806402e+00
3.335214388591487000e-01
-8.933238301973437040e-20
-8.933234071515073967e-20
5.709464857067122490e-20
-2.654873284032672753e+00
2.191098826980071745e+00
-1.398050769668123472e+00
6.013292376351403390e-26
-1.515758389794779533e-19
4.055224483953781559e-20
9.937755215245026585e-01
2.295676350392481524e+00
-1.398050769668123694e+00
3.213444082603757312e-26
-2.168404344971008868e-19
2.007114791256550793e-20
4.401982535929359619e-01
2.185258676657084731e+00
-1.398050769668123472e+00
6.013292376351403390e-26
-1.515758389794779533e-19
6.827820632366014536e-20
4.905434160854580394e-01
2.039947387818625391e+00
