0.000000000000000000e+00
0.000000000000000000e+00
0.000000000000000000e+00
0.000000000000000000e+00
2.800000000000000266e-01
0.000000000000000000e+00
0.000000000000000000e+00
0.000000000000000000e+00
0.000000000000000000e+00
0.000000000000000000e+00
1.424603999999999981e+00
0.000000000000000000e+00
0.000000000000000000e+00
0.000000000000000000e+00
0.000000000000000000e+00
-9.619999999999999385e-02
1.358603999999999923e+00
-6.024399999999999755e-01
0.000000000000000000e+00
0.000000000000000000e+00
0.000000000000000000e+00
-9.619999999999999385e-02
3.394520000000000870e-01
-6.024399999999999755e-01
0.000000000000000000e+00
0.000000000000000000e+00
0.000000000000000000e+00
-9.619999999999999385e-02
-2.163359999999998617e-01
-6.024399999999999755e-01
0.000000000000000000e+00
0.000000000000000000e+00
0.000000000000000000e+00
0.000000000000000000e+00
2.540180000000000327e+00
0.000000000000000000e+00
0.000000000000000000e+00
0.000000000000000000e+00
0.000000000000000000e+00
-9.619999999999999385e-02
1.358603999999999923e+00
6.024399999999999755e-01
0.000000000000000000e+00
0.000000000000000000e+00
0.000000000000000000e+00
-9.619999999999999385e-02
3.394520000000000870e-01
6.024399999999999755e-01
0.000000000000000000e+00
0.000000000000000000e+00
0.000000000000000000e+00
-9.619999999999999385e-02
-2.163359999999998617e-01
6.024399999999999755e-01
0.000000000000000000e+00
0.000000000000000000e+00
0.000000000000000000e+00
0.000000000000000000e+00
-8.399999999999999689e-01
-3.395480000000000165e-01
0.000000000000000000e+00
0.000000000000000000e+00
0.000000000000000000e+00
0.000000000000000000e+00
-2.486183999999999727e+00
-3.395480000000000165e-01
0.000000000000000000e+00
0.000000000000000000e+00
0.000000000000000000e+00
1.799999999999999933e-01
-3.415663999999999589e+00
-3.395480000000000165e-01
0.000000000000000000e+00
0.000000000000000000e+00
0.000000000000000000e+00
0.000000000000000000e+00
-8.399999999999999689e-01
3.395480000000000165e-01
0.000000000000000000e+00
0.000000000000000000e+00
0.000000000000000000e+00
0.000000000000000000e+00
-2.486183999999999727e+00
3.395480000000000165e-01
0.000000000000000000e+00
0.000000000000000000e+00
0.000000000000000000e+00
1.799999999999999933e-01
-3.415663999999999589e+00
3.395480000000000165e-01
