0.000000000000000000e+00
0.000000000000000000e+00
0.000000000000000000e+00
0.000000000000000000e+00
2.800000000000000266e-01
0.000000000000000000e+00
0.000000000000000000e+00
0.000000000000000000e+00
0.000000000000000000e+00
0.000000000000000000e+00
1.424603999999999981e+00
0.000000000000000000e+00
2.617993950843811035e-01
0.000000000000000000e+00
0.000000000000000000e+00
-9.619999999999999385e-02
1.377685538334033399e+00
-7.473786691981278985e-01
2.617993950843811035e-01
0.000000000000000000e+00
0.000000000000000000e+00
-9.619999999999999385e-02
3.932603025415459808e-01
-1.011154623824217946e+00
2.617993950843811035e-01
0.000000000000000000e+00
0.000000000000000000e+00
-9.619999999999999385e-02
-1.435896795520328340e-01
-1.155003147174734401e+00
0.000000000000000000e+00
0.000000000000000000e+00
0.000000000000000000e+00
0.000000000000000000e+00
2.540180000000000327e+00
0.000000000000000000e+00
-2.617993950843811035e-01
0.000000000000000000e+00
0.000000000000000000e+00
-9.619999999999999385e-02
1.377685538334033399e+00
7.473786691981278985e-01
-2.617993950843811035e-01
0.000000000000000000e+00
0.000000000000000000e+00
-9.619999999999999385e-02
3.932603025415459808e-01
1.011154623824217946e+00
-2.617993950843811035e-01
0.000000000000000000e+00
0.000000000000000000e+00
-9.619999999999999385e-02
-1.435896795520328340e-01
1.155003147174734401e+00
0.000000000000000000e+00
0.000000000000000000e+00
0.000000000000000000e+00
0.000000000000000000e+00
-8.399999999999999689e-01
-3.395480000000000165e-01
0.000000000000000000e+00
0.000000000000000000e+00
0.000000000000000000e+00
0.000000000000000000e+00
-2.486183999999999727e+00
-3.395480000000000165e-01
0.000000000000000000e+00
0.000000000000000000e+00
0.000000000000000000e+00
1.799999999999999933e-01
-3.415663999999999589e+00
-3.395480000000000165e-01
0.000000000000000000e+00
0.000000000000000000e+00
0.000000000000000000e+00
0.000000000000000000e+00
-8.399999999999999689e-01
3.395480000000000165e-01
0.000000000000000000e+00
0.000000000000000000e+00
0.000000000000000000e+00
0.000000000000000000e+00
-2.486183999999999727e+00
3.395480000000000165e-01
0.000000000000000000e+00
0.000000000000000000e+00
0.000000000000000000e+00
1.799999999999999933e-01
-3.415663999999999589e+00
3.395480000000000165e-01
