0.000000000000000000e+00
0.000000000000000000e+00
0.000000000000000000e+00
0.000000000000000000e+00
2.800000000000000266e-01
0.000000000000000000e+00
0.000000000000000000e+00
0.000000000000000000e+00
0.000000000000000000e+00
0.000000000000000000e+00
1.424603999999999981e+00
0.000000000000000000e+00
5.235987901687622070e-01
0.000000000000000000e+00
0.000000000000000000e+00
-9.619999999999999385e-02
1.433629777960444107e+00
-8.824400070662992146e-01
5.235987901687622070e-01
0.000000000000000000e+00
0.000000000000000000e+00
-9.619999999999999385e-02
5.510182630674844706e-01
-1.392016019926358039e+00
5.235987901687622070e-01
0.000000000000000000e+00
0.000000000000000000e+00
-9.619999999999999385e-02
6.969173999798339292e-02
-1.669910026939508407e+00
0.000000000000000000e+00
0.000000000000000000e+00
0.000000000000000000e+00
0.000000000000000000e+00
2.540180000000000327e+00
0.000000000000000000e+00
-5.235987901687622070e-01
0.000000000000000000e+00
0.000000000000000000e+00
-9.619999999999999385e-02
1.433629777960444107e+00
8.824400070662992146e-01
-5.235987901687622070e-01
0.000000000000000000e+00
0.000000000000000000e+00
-9.619999999999999385e-02
5.510182630674844706e-01
1.392016019926358039e+00
-5.235987901687622070e-01
0.000000000000000000e+00
0.000000000000000000e+00
-9.619999999999999385e-02
6.969173999798339292e-02
1.669910026939508407e+00
0.000000000000000000e+00
0.000000000000000000e+00
0.000000000000000000e+00
0.000000000000000000e+00
-8.399999999999999689e-01
-3.395480000000000165e-01
0.000000000000000000e+00
0.000000000000000000e+00
0.000000000000000000e+00
0.000000000000000000e+00
-2.486183999999999727e+00
-3.395480000000000165e-01
0.000000000000000000e+00
0.000000000000000000e+00
0.000000000000000000e+00
1.799999999999999933e-01
-3.415663999999999589e+00
-3.395480000000000165e-01
0.000000000000000000e+00
0.000000000000000000e+00
0.000000000000000000e+00
0.000000000000000000e+00
-8.399999999999999689e-01
3.395480000000000165e-01
0.000000000000000000e+00
0.000000000000000000e+00
0.000000000000000000e+00
0.000000000000000000e+00
-2.486183999999999727e+00
3.395480000000000165e-01
0.000000000000000000e+00
0.000000000000000000e+00
0.000000000000000000e+00
1.799999999999999933e-01
-3.415663999999999589e+00
3.395480000000000165e-01
