0.000000000000000000e+00
0.000000000000000000e+00
0.000000000000000000e+00
0.000000000000000000e+00
2.800000000000000266e-01
0.000000000000000000e+00
0.000000000000000000e+00
0.000000000000000000e+00
0.000000000000000000e+00
0.000000000000000000e+00
1.424603999999999981e+00
0.000000000000000000e+00
-1.570796370506286621e+00
0.000000000000000000e+00
0.000000000000000000e+00
-9.619999999999999385e-02
1.918604024478378411e+00
9.575599999999995227e-01
-9.930617029824283909e-08
-2.221441474186350629e+00
-2.221441377084058200e+00
-9.620004196293439891e-02
1.918604027063994577e+00
1.016712000000000948e+00
-9.930617029824283909e-08
-2.221441474186350629e+00
-2.221441377084058200e+00
-9.620009055146644394e-02
1.918604002769728423e+00
4.609240000000036641e-01
0.000000000000000000e+00
0.000000000000000000e+00
0.000000000000000000e+00
0.000000000000000000e+00
2.540180000000000327e+00
0.000000000000000000e+00
1.570796370506286621e+00
0.000000000000000000e+00
0.000000000000000000e+00
-9.619999999999999385e-02
1.918604024478378411e+00
-9.575599999999995227e-01
1.570796370506286621e+00
0.000000000000000000e+00
0.000000000000000000e+00
-9.619999999999999385e-02
1.918604069026929038e+00
-1.976711999999998248e+00
1.570796370506286621e+00
0.000000000000000000e+00
0.000000000000000000e+00
-9.619999999999999385e-02
1.918604093321195192e+00
-2.532499999999997531e+00
0.000000000000000000e+00
0.000000000000000000e+00
0.000000000000000000e+00
0.000000000000000000e+00
-8.399999999999999689e-01
-3.395480000000000165e-01
0.000000000000000000e+00
0.000000000000000000e+00
0.000000000000000000e+00
0.000000000000000000e+00
-2.486183999999999727e+00
-3.395480000000000165e-01
0.000000000000000000e+00
0.000000000000000000e+00
0.000000000000000000e+00
1.799999999999999933e-01
-3.415663999999999589e+00
-3.395480000000000165e-01
0.000000000000000000e+00
0.000000000000000000e+00
0.000000000000000000e+00
0.000000000000000000e+00
-8.399999999999999689e-01
3.395480000000000165e-01
0.000000000000000000e+00
0.000000000000000000e+00
0.000000000000000000e+00
0.000000000000000000e+00
-2.486183999999999727e+00
3.395480000000000165e-01
0.000000000000000000e+00
0.000000000000000000e+00
0.000000000000000000e+00
1.799999999999999933e-01
-3.415663999999999589e+00
3.395480000000000165e-01
