0.000000000000000000e+00
0.000000000000000000e+00
0.000000000000000000e+00
0.000000000000000000e+00
2.800000000000000266e-01
0.000000000000000000e+00
0.000000000000000000e+00
0.000000000000000000e+00
0.000000000000000000e+00
0.000000000000000000e+00
1.424603999999999981e+00
0.000000000000000000e+00
7.853981852531433105e-01
0.000000000000000000e+00
0.000000000000000000e+00
-9.619999999999999385e-02
1.522624211189947063e+00
-9.984198061188802598e-01
7.853981852531433105e-01
0.000000000000000000e+00
0.000000000000000000e+00
-9.619999999999999385e-02
8.019749366804063140e-01
-1.719069112129003374e+00
7.853981852531433105e-01
0.000000000000000000e+00
0.000000000000000000e+00
-9.619999999999999385e-02
4.089734815676178137e-01
-2.112070584420432162e+00
0.000000000000000000e+00
0.000000000000000000e+00
0.000000000000000000e+00
0.000000000000000000e+00
2.540180000000000327e+00
0.000000000000000000e+00
-7.853981852531433105e-01
0.000000000000000000e+00
0.000000000000000000e+00
-9.619999999999999385e-02
1.522624211189947063e+00
9.984198061188802598e-01
-7.853981852531433105e-01
0.000000000000000000e+00
0.000000000000000000e+00
-9.619999999999999385e-02
8.019749366804063140e-01
1.719069112129003374e+00
-7.853981852531433105e-01
0.000000000000000000e+00
0.000000000000000000e+00
-9.619999999999999385e-02
4.089734815676178137e-01
2.112070584420432162e+00
0.000000000000000000e+00
0.000000000000000000e+00
0.000000000000000000e+00
0.000000000000000000e+00
-8.399999999999999689e-01
-3.395480000000000165e-01
0.000000000000000000e+00
0.000000000000000000e+00
0.000000000000000000e+00
0.000000000000000000e+00
-2.486183999999999727e+00
-3.395480000000000165e-01
0.000000000000000000e+00
0.000000000000000000e+00
0.000000000000000000e+00
1.799999999999999933e-01
-3.415663999999999589e+00
-3.395480000000000165e-01
0.000000000000000000e+00
0.000000000000000000e+00
0.000000000000000000e+00
0.000000000000000000e+00
-8.399999999999999689e-01
3.395480000000000165e-01
0.000000000000000000e+00
0.000000000000000000e+00
0.000000000000000000e+00
0.000000000000000000e+00
-2.486183999999999727e+00
3.395480000000000165e-01
0.000000000000000000e+00
0.000000000000000000e+00
0.000000000000000000e+00
1.799999999999999933e-01
-3.415663999999999589e+00
3.395480000000000165e-01
