0.000000000000000000e+00
0.000000000000000000e+00
0.000000000000000000e+00
0.000000000000000000e+00
2.800000000000000266e-01
0.000000000000000000e+00
0.000000000000000000e+00
0.000000000000000000e+00
0.000000000000000000e+00
0.000000000000000000e+00
1.424603999999999981e+00
0.000000000000000000e+00
1.047197580337524414e+00
0.000000000000000000e+00
0.000000000000000000e+00
-9.619999999999999385e-02
1.638604014132598374e+00
-1.087414234278744951e+00
1.047197580337524414e+00
0.000000000000000000e+00
0.000000000000000000e+00
-9.619999999999999385e-02
1.129028039852716381e+00
-1.970025771445979457e+00
1.047197580337524414e+00
0.000000000000000000e+00
0.000000000000000000e+00
-9.619999999999999385e-02
8.511340538790175270e-01
-2.451352306662613501e+00
0.000000000000000000e+00
0.000000000000000000e+00
0.000000000000000000e+00
0.000000000000000000e+00
2.540180000000000327e+00
0.000000000000000000e+00
-1.047197580337524414e+00
0.000000000000000000e+00
0.000000000000000000e+00
-9.619999999999999385e-02
1.638604014132598374e+00
1.087414234278744951e+00
-1.047197580337524414e+00
0.000000000000000000e+00
0.000000000000000000e+00
-9.619999999999999385e-02
1.129028039852716381e+00
1.970025771445979457e+00
-1.047197580337524414e+00
0.000000000000000000e+00
0.000000000000000000e+00
-9.619999999999999385e-02
8.511340538790175270e-01
2.451352306662613501e+00
0.000000000000000000e+00
0.000000000000000000e+00
0.000000000000000000e+00
0.000000000000000000e+00
-8.399999999999999689e-01
-3.395480000000000165e-01
0.000000000000000000e+00
0.000000000000000000e+00
0.000000000000000000e+00
0.000000000000000000e+00
-2.486183999999999727e+00
-3.395480000000000165e-01
0.000000000000000000e+00
0.000000000000000000e+00
0.000000000000000000e+00
1.799999999999999933e-01
-3.415663999999999589e+00
-3.395480000000000165e-01
0.000000000000000000e+00
0.000000000000000000e+00
0.000000000000000000e+00
0.000000000000000000e+00
-8.399999999999999689e-01
3.395480000000000165e-01
0.000000000000000000e+00
0.000000000000000000e+00
0.000000000000000000e+00
0.000000000000000000e+00
-2.486183999999999727e+00
3.395480000000000165e-01
0.000000000000000000e+00
0.000000000000000000e+00
0.000000000000000000e+00
1.799999999999999933e-01
-3.415663999999999589e+00
3.395480000000000165e-01
