0.000000000000000000e+00
0.000000000000000000e+00
0.000000000000000000e+00
0.000000000000000000e+00
2.800000000000000266e-01
0.000000000000000000e+00
0.000000000000000000e+00
0.000000000000000000e+00
0.000000000000000000e+00
0.000000000000000000e+00
1.424603999999999981e+00
0.000000000000000000e+00
1.308996915817260742e+00
0.000000000000000000e+00
0.000000000000000000e+00
-9.619999999999999385e-02
1.773665322204917016e+00
-1.143358459362419310e+00
1.308996915817260742e+00
0.000000000000000000e+00
0.000000000000000000e+00
-9.619999999999999385e-02
1.509889351933105806e+00
-2.127783690962647967e+00
1.308996915817260742e+00
0.000000000000000000e+00
0.000000000000000000e+00
-9.619999999999999385e-02
1.366040820050296034e+00
-2.664633670770005569e+00
0.000000000000000000e+00
0.000000000000000000e+00
0.000000000000000000e+00
0.000000000000000000e+00
2.540180000000000327e+00
0.000000000000000000e+00
-1.308996915817260742e+00
0.000000000000000000e+00
0.000000000000000000e+00
-9.619999999999999385e-02
1.773665322204917016e+00
1.143358459362419310e+00
-1.308996915817260742e+00
0.000000000000000000e+00
0.000000000000000000e+00
-9.619999999999999385e-02
1.509889351933105806e+00
2.127783690962647967e+00
-1.308996915817260742e+00
0.000000000000000000e+00
0.000000000000000000e+00
-9.619999999999999385e-02
1.366040820050296034e+00
2.664633670770005569e+00
0.000000000000000000e+00
0.000000000000000000e+00
0.000000000000000000e+00
0.000000000000000000e+00
-8.399999999999999689e-01
-3.395480000000000165e-01
0.000000000000000000e+00
0.000000000000000000e+00
0.000000000000000000e+00
0.000000000000000000e+00
-2.486183999999999727e+00
-3.395480000000000165e-01
0.000000000000000000e+00
0.000000000000000000e+00
0.000000000000000000e+00
1.799999999999999933e-01
-3.415663999999999589e+00
-3.395480000000000165e-01
0.000000000000000000e+00
0.000000000000000000e+00
0.000000000000000000e+00
0.000000000000000000e+00
-8.399999999999999689e-01
3.395480000000000165e-01
0.000000000000000000e+00
0.000000000000000000e+00
0.000000000000000000e+00
0.000000000000000000e+00
-2.486183999999999727e+00
3.395480000000000165e-01
0.000000000000000000e+00
0.000000000000000000e+00
0.000000000000000000e+00
1.799999999999999933e-01
-3.415663999999999589e+00
3.395480000000000165e-01
