0.000000000000000000e+00
0.000000000000000000e+00
0.000000000000000000e+00
0.000000000000000000e+00
2.800000000000000266e-01
0.000000000000000000e+00
0.000000000000000000e+00
0.000000000000000000e+00
0.000000000000000000e+00
0.000000000000000000e+00
1.424603999999999981e+00
0.000000000000000000e+00
1.570796370506286621e+00
0.000000000000000000e+00
0.000000000000000000e+00
-9.619999999999999385e-02
1.918604024478378411e+00
-1.162439999999999474e+00
1.570796370506286621e+00
0.000000000000000000e+00
0.000000000000000000e+00
-9.619999999999999385e-02
1.918604069026929038e+00
-2.181591999999998421e+00
1.570796370506286621e+00
0.000000000000000000e+00
0.000000000000000000e+00
-9.619999999999999385e-02
1.918604093321195192e+00
-2.737379999999997704e+00
0.000000000000000000e+00
0.000000000000000000e+00
0.000000000000000000e+00
0.000000000000000000e+00
2.540180000000000327e+00
0.000000000000000000e+00
-1.570796370506286621e+00
0.000000000000000000e+00
0.000000000000000000e+00
-9.619999999999999385e-02
1.918604024478378411e+00
1.162439999999999474e+00
-1.412458916466724501e+00
8.154835630815918668e-01
8.154835274356726504e-01
3.194922008103527888e-01
1.918604058536194978e+00
1.941591987886342796e+00
-1.412458916466724501e+00
8.154835630815918668e-01
8.154835274356726504e-01
8.008187360269868327e-01
1.918604070683327389e+00
2.219485973860041206e+00
0.000000000000000000e+00
0.000000000000000000e+00
0.000000000000000000e+00
0.000000000000000000e+00
-8.399999999999999689e-01
-3.395480000000000165e-01
0.000000000000000000e+00
0.000000000000000000e+00
0.000000000000000000e+00
0.000000000000000000e+00
-2.486183999999999727e+00
-3.395480000000000165e-01
0.000000000000000000e+00
0.000000000000000000e+00
0.000000000000000000e+00
1.799999999999999933e-01
-3.415663999999999589e+00
-3.395480000000000165e-01
0.000000000000000000e+00
0.000000000000000000e+00
0.000000000000000000e+00
0.000000000000000000e+00
-8.399999999999999689e-01
3.395480000000000165e-01
0.000000000000000000e+00
0.000000000000000000e+00
0.000000000000000000e+00
0.000000000000000000e+00
-2.486183999999999727e+00
3.395480000000000165e-01
0.000000000000000000e+00
0.000000000000000000e+00
0.000000000000000000e+00
1.799999999999999933e-01
-3.415663999999999589e+00
3.395480000000000165e-01
