-0.427 0.030 -0.224
-0.427 0.069 -0.217
-0.419 0.109 -0.220
-0.421 0.144 -0.216
-0.414 0.167 -0.217
-0.417 0.232 -0.211
-0.393 0.251 -0.211
-0.411 0.409 -0.198
-0.404 0.510 -0.191
-0.293 0.509 -0.259
-0.294 0.374 -0.253
-0.331 0.021 -0.244
-0.308 0.242 -0.254
-0.293 0.664 -0.264
-0.397 0.659 -0.154
-0.387 0.666 -0.179
-0.317 0.079 -0.257
-0.294 0.436 -0.251
-0.315 0.499 -0.227
-0.391 0.550 -0.192
-0.412 0.064 -0.225
-0.360 0.665 -0.189
-0.313 0.164 -0.262
-0.339 0.194 -0.243
-0.302 0.301 -0.251
-0.360 0.395 -0.206
-0.298 0.591 -0.268
-0.316 0.584 -0.230
-0.319 0.677 -0.242
-0.392 0.608 -0.185
-0.362 0.073 -0.226
-0.334 0.124 -0.246
-0.370 0.195 -0.217
-0.374 0.138 -0.219
-0.353 0.268 -0.223
-0.322 0.347 -0.233
-0.322 0.413 -0.229
-0.349 0.547 -0.200
-0.370 0.308 -0.209
-0.362 0.474 -0.201
-0.335 0.634 -0.205
-0.050 0.653 -0.074
-0.061 0.619 -0.085
-0.070 0.585 -0.085
-0.079 0.537 -0.089
-0.092 0.464 -0.084
-0.093 0.372 -0.107
-0.087 0.229 -0.095
-0.085 0.148 -0.110
-0.051 0.008 -0.144
-0.000 0.013 -0.180
-0.020 0.037 -0.160
-0.004 0.063 -0.178
-0.007 0.119 -0.180
-0.015 0.227 -0.177
-0.018 0.284 -0.178
-0.027 0.363 -0.168
-0.033 0.468 -0.171
-0.070 0.576 -0.141
-0.086 0.434 -0.119
-0.076 0.603 -0.129
-0.056 0.419 -0.151
-0.086 0.023 -0.127
-0.041 0.072 -0.153
-0.086 0.112 -0.115
-0.059 0.245 -0.152
-0.050 0.282 -0.158
-0.065 0.386 -0.146
-0.061 0.335 -0.148
-0.067 0.483 -0.143
-0.090 0.486 -0.104
-0.083 0.534 -0.119
-0.075 0.078 -0.138
-0.066 0.188 -0.145
-0.026 0.190 -0.164
-0.052 0.124 -0.152
-0.077 0.269 -0.114
-0.355 0.661 -0.104
-0.375 0.629 -0.093
-0.379 0.606 -0.098
-0.409 0.510 -0.106
-0.436 0.455 -0.118
-0.438 0.372 -0.117
-0.437 0.326 -0.115
-0.434 0.130 -0.089
-0.434 0.106 -0.103
-0.426 0.090 -0.217
-0.422 0.191 -0.214
-0.410 0.213 -0.214
-0.417 0.264 -0.208
-0.412 0.294 -0.208
-0.411 0.316 -0.206
-0.414 0.337 -0.205
-0.416 0.355 -0.202
-0.410 0.375 -0.201
-0.396 0.437 -0.199
-0.399 0.467 -0.196
-0.416 0.478 -0.186
-0.407 0.551 -0.179
-0.407 0.584 -0.161
-0.373 0.661 -0.126
-0.420 0.455 -0.169
-0.364 0.647 -0.116
-0.433 0.028 -0.121
-0.435 0.080 -0.137
-0.435 0.163 -0.177
-0.411 0.488 -0.129
-0.411 0.537 -0.138
-0.434 0.031 -0.157
-0.436 0.258 -0.164
-0.438 0.208 -0.125
-0.434 0.302 -0.171
-0.391 0.556 -0.115
-0.438 0.410 -0.128
-0.436 0.351 -0.154
-0.434 0.077 -0.187
-0.433 0.211 -0.180
-0.426 0.399 -0.180
-0.436 0.122 -0.163
-0.381 0.608 -0.126
-0.007 0.045 -0.203
-0.004 0.092 -0.181
-0.008 0.141 -0.178
-0.010 0.167 -0.180
-0.012 0.194 -0.179
-0.016 0.255 -0.177
-0.022 0.331 -0.173
-0.026 0.389 -0.176
-0.030 0.426 -0.173
-0.038 0.452 -0.164
-0.042 0.490 -0.162
-0.043 0.518 -0.162
-0.043 0.546 -0.163
-0.072 0.639 -0.133
-0.061 0.645 -0.103
-0.405 0.607 -0.152
-0.145 0.816 -0.172
-0.063 0.811 -0.147
-0.079 0.762 -0.181
-0.159 0.826 -0.154
-0.157 0.847 -0.116
-0.116 0.830 -0.120
-0.075 0.819 -0.113
-0.083 0.818 -0.148
-0.066 0.793 -0.168
-0.127 0.822 -0.150
-0.091 0.000 -0.244
-0.107 0.026 -0.250
-0.146 0.536 -0.265
-0.180 0.794 -0.207
-0.026 0.011 -0.218
-0.114 0.123 -0.252
-0.063 0.686 -0.134
-0.078 0.002 -0.238
-0.175 0.712 -0.246
-0.057 0.734 -0.168
-0.053 0.676 -0.176
-0.128 0.279 -0.254
-0.120 0.201 -0.254
-0.141 0.439 -0.260
-0.083 0.087 -0.235
-0.076 0.137 -0.229
-0.108 0.774 -0.194
-0.088 0.253 -0.230
-0.098 0.306 -0.233
-0.045 0.268 -0.210
-0.026 0.324 -0.191
-0.051 0.441 -0.202
-0.048 0.581 -0.161
-0.123 0.615 -0.242
-0.147 0.650 -0.267
-0.120 0.719 -0.226
-0.156 0.757 -0.217
-0.138 0.796 -0.191
-0.063 0.334 -0.214
-0.036 0.215 -0.210
-0.045 0.388 -0.202
-0.076 0.490 -0.213
-0.065 0.047 -0.230
-0.081 0.189 -0.230
-0.098 0.392 -0.228
-0.110 0.567 -0.230
-0.045 0.507 -0.190
-0.131 0.348 -0.252
-0.026 0.109 -0.212
-0.063 0.544 -0.203
-0.121 0.498 -0.241
-0.050 0.625 -0.162
-0.106 0.445 -0.230
-0.075 0.709 -0.193
-0.098 0.653 -0.217
-0.032 0.167 -0.211
-0.058 0.604 -0.195
-0.260 0.738 -0.232
-0.257 0.798 -0.205
-0.255 0.753 -0.226
-0.264 0.729 -0.236
-0.392 0.712 -0.156
-0.373 0.767 -0.174
-0.339 0.824 -0.121
-0.305 0.811 -0.182
-0.358 0.808 -0.164
-0.366 0.729 -0.181
-0.340 0.746 -0.205
-0.292 0.739 -0.223
-0.346 0.698 -0.194
-0.272 0.751 -0.036
-0.250 0.719 -0.036
-0.157 0.730 -0.036
-0.113 0.730 -0.040
-0.373 0.754 -0.056
-0.286 0.848 -0.132
-0.348 0.743 -0.052
-0.366 0.813 -0.087
-0.310 0.836 -0.132
-0.326 0.776 -0.049
-0.107 0.823 -0.107
-0.314 0.818 -0.075
-0.189 0.736 -0.036
-0.096 0.798 -0.063
-0.247 0.872 -0.084
-0.144 0.778 -0.041
-0.162 0.813 -0.055
-0.225 0.744 -0.036
-0.286 0.796 -0.046
-0.255 0.832 -0.058
-0.214 0.789 -0.045
-0.194 0.865 -0.077
-0.140 0.840 -0.105
-0.280 0.834 -0.091
-0.424 0.033 -0.020
-0.432 0.053 -0.087
-0.313 0.722 -0.043
-0.227 0.045 -0.046
-0.403 0.681 -0.057
-0.188 0.008 -0.065
-0.103 0.064 -0.101
-0.058 0.618 -0.049
-0.132 0.691 -0.035
-0.436 0.148 -0.126
-0.389 0.036 0.000
-0.296 0.693 -0.039
-0.115 0.125 -0.081
-0.102 0.319 -0.085
-0.393 0.571 -0.095
-0.255 0.013 -0.044
-0.096 0.421 -0.079
-0.086 0.462 -0.043
-0.187 0.669 -0.036
-0.116 0.251 -0.050
-0.161 0.207 -0.037
-0.098 0.192 -0.084
-0.315 0.032 -0.039
-0.415 0.461 -0.044
-0.098 0.365 -0.059
-0.433 0.081 -0.091
-0.409 0.384 -0.033
-0.162 0.604 -0.034
-0.160 0.145 -0.047
-0.176 0.089 -0.053
-0.126 0.016 -0.096
-0.159 0.045 -0.071
-0.071 0.572 -0.037
-0.430 0.336 -0.061
-0.414 0.599 -0.077
-0.414 0.562 -0.054
-0.434 0.236 -0.081
-0.429 0.520 -0.084
-0.398 0.519 -0.037
-0.179 0.256 -0.030
-0.127 0.636 -0.031
-0.358 0.697 -0.052
-0.340 0.621 -0.052
-0.320 0.651 -0.047
-0.255 0.083 -0.037
-0.068 0.661 -0.030
-0.436 0.280 -0.094
-0.423 0.287 -0.046
-0.409 0.248 -0.023
-0.376 0.288 -0.022
-0.121 0.294 -0.038
-0.168 0.328 -0.028
-0.252 0.677 -0.034
-0.077 0.511 -0.045
-0.187 0.497 -0.034
-0.129 0.463 -0.027
-0.129 0.541 -0.028
-0.423 0.108 -0.026
-0.332 0.171 -0.040
-0.386 0.156 -0.008
-0.375 0.093 -0.009
-0.324 0.106 -0.040
-0.254 0.149 -0.032
-0.435 0.173 -0.091
-0.432 0.414 -0.075
-0.397 0.328 -0.023
-0.337 0.313 -0.044
-0.372 0.387 -0.030
-0.325 0.470 -0.048
-0.329 0.417 -0.048
-0.378 0.457 -0.032
-0.385 0.589 -0.040
-0.221 0.194 -0.033
-0.425 0.179 -0.037
-0.098 0.418 -0.037
-0.121 0.365 -0.030
-0.382 0.211 -0.014
-0.331 0.238 -0.043
-0.267 0.507 -0.030
-0.262 0.452 -0.029
-0.338 0.528 -0.050
-0.280 0.215 -0.031
-0.241 0.627 -0.033
-0.320 0.565 -0.048
-0.212 0.334 -0.030
-0.305 0.350 -0.040
-0.269 0.380 -0.029
-0.219 0.400 -0.031
-0.275 0.290 -0.029
-0.214 0.573 -0.034
-0.278 0.580 -0.033
-0.173 0.419 -0.031
-0.231 0.275 -0.029
-0.396 0.699 -0.067
-0.402 0.631 -0.050
