-0.426 0.029 -0.224
-0.427 0.069 -0.217
-0.418 0.109 -0.220
-0.420 0.144 -0.216
-0.414 0.167 -0.217
-0.417 0.232 -0.211
-0.393 0.250 -0.211
-0.411 0.408 -0.198
-0.405 0.509 -0.191
-0.296 0.509 -0.264
-0.294 0.373 -0.255
-0.331 0.021 -0.244
-0.308 0.242 -0.254
-0.303 0.664 -0.274
-0.397 0.658 -0.156
-0.389 0.666 -0.181
-0.317 0.079 -0.257
-0.295 0.435 -0.254
-0.316 0.499 -0.231
-0.392 0.550 -0.193
-0.412 0.064 -0.225
-0.363 0.665 -0.192
-0.313 0.164 -0.262
-0.339 0.194 -0.243
-0.302 0.301 -0.251
-0.360 0.394 -0.207
-0.306 0.590 -0.275
-0.320 0.584 -0.235
-0.326 0.677 -0.249
-0.394 0.607 -0.187
-0.362 0.072 -0.226
-0.334 0.124 -0.246
-0.370 0.195 -0.217
-0.374 0.138 -0.219
-0.353 0.267 -0.223
-0.322 0.346 -0.234
-0.323 0.413 -0.231
-0.350 0.547 -0.203
-0.370 0.307 -0.209
-0.362 0.473 -0.203
-0.337 0.634 -0.210
-0.050 0.653 -0.075
-0.061 0.619 -0.085
-0.069 0.585 -0.085
-0.079 0.537 -0.090
-0.092 0.464 -0.084
-0.092 0.371 -0.107
-0.087 0.228 -0.095
-0.085 0.147 -0.109
-0.051 0.008 -0.144
-0.000 0.012 -0.179
-0.020 0.036 -0.160
-0.005 0.062 -0.177
-0.007 0.118 -0.180
-0.015 0.226 -0.176
-0.018 0.283 -0.178
-0.026 0.362 -0.168
-0.032 0.467 -0.170
-0.068 0.575 -0.141
-0.085 0.434 -0.119
-0.075 0.602 -0.130
-0.056 0.418 -0.151
-0.087 0.022 -0.126
-0.041 0.072 -0.153
-0.086 0.112 -0.114
-0.059 0.244 -0.152
-0.050 0.281 -0.157
-0.064 0.385 -0.146
-0.061 0.335 -0.147
-0.066 0.483 -0.143
-0.090 0.486 -0.104
-0.082 0.534 -0.119
-0.075 0.077 -0.137
-0.066 0.187 -0.144
-0.026 0.190 -0.164
-0.052 0.124 -0.152
-0.076 0.268 -0.113
-0.355 0.661 -0.106
-0.375 0.629 -0.094
-0.379 0.606 -0.100
-0.409 0.510 -0.107
-0.436 0.454 -0.118
-0.438 0.372 -0.117
-0.437 0.326 -0.115
-0.434 0.129 -0.089
-0.434 0.106 -0.102
-0.426 0.089 -0.216
-0.422 0.191 -0.214
-0.409 0.212 -0.214
-0.417 0.264 -0.208
-0.412 0.293 -0.208
-0.411 0.316 -0.206
-0.414 0.336 -0.205
-0.415 0.354 -0.202
-0.410 0.375 -0.201
-0.395 0.436 -0.199
-0.399 0.466 -0.197
-0.416 0.478 -0.186
-0.407 0.550 -0.180
-0.408 0.583 -0.162
-0.374 0.661 -0.128
-0.420 0.455 -0.169
-0.365 0.647 -0.118
-0.433 0.028 -0.121
-0.435 0.080 -0.137
-0.434 0.163 -0.176
-0.410 0.488 -0.129
-0.411 0.537 -0.139
-0.434 0.031 -0.157
-0.436 0.258 -0.164
-0.438 0.208 -0.125
-0.434 0.302 -0.171
-0.391 0.556 -0.116
-0.438 0.410 -0.128
-0.435 0.351 -0.154
-0.434 0.076 -0.186
-0.433 0.210 -0.180
-0.426 0.399 -0.180
-0.436 0.121 -0.162
-0.381 0.608 -0.128
-0.007 0.044 -0.203
-0.005 0.091 -0.181
-0.008 0.140 -0.178
-0.010 0.167 -0.179
-0.012 0.193 -0.179
-0.016 0.254 -0.176
-0.022 0.331 -0.172
-0.026 0.388 -0.176
-0.029 0.425 -0.172
-0.037 0.452 -0.163
-0.041 0.489 -0.161
-0.042 0.517 -0.162
-0.042 0.545 -0.163
-0.071 0.639 -0.134
-0.061 0.645 -0.104
-0.405 0.606 -0.153
-0.141 0.816 -0.181
-0.060 0.812 -0.151
-0.075 0.762 -0.185
-0.156 0.826 -0.165
-0.157 0.847 -0.126
-0.115 0.831 -0.128
-0.074 0.820 -0.119
-0.080 0.819 -0.153
-0.062 0.793 -0.172
-0.125 0.823 -0.159
-0.091 -0.000 -0.244
-0.107 0.025 -0.250
-0.142 0.536 -0.267
-0.173 0.793 -0.218
-0.026 0.010 -0.218
-0.114 0.123 -0.252
-0.062 0.685 -0.135
-0.078 0.002 -0.238
-0.165 0.712 -0.256
-0.054 0.734 -0.170
-0.049 0.675 -0.177
-0.127 0.278 -0.254
-0.119 0.200 -0.254
-0.139 0.439 -0.261
-0.083 0.086 -0.235
-0.076 0.136 -0.229
-0.102 0.773 -0.200
-0.088 0.253 -0.230
-0.097 0.305 -0.232
-0.045 0.267 -0.210
-0.026 0.324 -0.191
-0.050 0.440 -0.201
-0.046 0.580 -0.161
-0.117 0.614 -0.245
-0.138 0.649 -0.274
-0.113 0.718 -0.231
-0.149 0.757 -0.226
-0.133 0.795 -0.199
-0.062 0.333 -0.214
-0.036 0.214 -0.209
-0.044 0.388 -0.201
-0.075 0.489 -0.213
-0.065 0.046 -0.230
-0.081 0.188 -0.230
-0.097 0.392 -0.228
-0.107 0.567 -0.231
-0.043 0.506 -0.190
-0.130 0.348 -0.252
-0.026 0.109 -0.211
-0.061 0.544 -0.203
-0.118 0.498 -0.241
-0.048 0.624 -0.162
-0.104 0.444 -0.230
-0.071 0.708 -0.195
-0.093 0.652 -0.220
-0.032 0.167 -0.210
-0.055 0.604 -0.195
-0.266 0.737 -0.243
-0.261 0.797 -0.215
-0.260 0.752 -0.237
-0.271 0.728 -0.247
-0.392 0.712 -0.158
-0.375 0.767 -0.179
-0.340 0.825 -0.129
-0.307 0.810 -0.190
-0.360 0.808 -0.171
-0.368 0.728 -0.185
-0.344 0.746 -0.210
-0.298 0.738 -0.231
-0.349 0.697 -0.199
-0.272 0.752 -0.041
-0.250 0.720 -0.040
-0.158 0.730 -0.041
-0.113 0.730 -0.044
-0.373 0.755 -0.061
-0.286 0.848 -0.142
-0.348 0.744 -0.058
-0.366 0.813 -0.094
-0.311 0.836 -0.140
-0.326 0.776 -0.056
-0.106 0.823 -0.114
-0.314 0.817 -0.084
-0.189 0.736 -0.041
-0.097 0.799 -0.070
-0.247 0.872 -0.094
-0.144 0.778 -0.048
-0.162 0.813 -0.064
-0.225 0.745 -0.041
-0.286 0.797 -0.054
-0.255 0.832 -0.067
-0.215 0.790 -0.053
-0.194 0.865 -0.087
-0.141 0.840 -0.114
-0.279 0.834 -0.101
-0.424 0.032 -0.020
-0.432 0.052 -0.087
-0.313 0.723 -0.047
-0.227 0.045 -0.045
-0.403 0.682 -0.059
-0.188 0.008 -0.065
-0.103 0.064 -0.101
-0.058 0.619 -0.050
-0.132 0.692 -0.038
-0.436 0.147 -0.126
-0.389 0.036 0.000
-0.296 0.694 -0.042
-0.115 0.124 -0.081
-0.102 0.319 -0.084
-0.393 0.571 -0.096
-0.255 0.013 -0.044
-0.096 0.421 -0.078
-0.086 0.462 -0.043
-0.187 0.669 -0.038
-0.116 0.251 -0.049
-0.162 0.207 -0.037
-0.098 0.191 -0.083
-0.315 0.032 -0.039
-0.415 0.461 -0.044
-0.098 0.365 -0.059
-0.433 0.081 -0.090
-0.409 0.384 -0.033
-0.162 0.605 -0.035
-0.160 0.144 -0.047
-0.176 0.088 -0.052
-0.126 0.016 -0.095
-0.159 0.045 -0.070
-0.071 0.573 -0.037
-0.430 0.336 -0.061
-0.414 0.599 -0.078
-0.414 0.562 -0.055
-0.434 0.236 -0.081
-0.429 0.520 -0.085
-0.398 0.519 -0.038
-0.179 0.256 -0.029
-0.127 0.637 -0.032
-0.358 0.697 -0.055
-0.340 0.622 -0.053
-0.320 0.651 -0.049
-0.256 0.083 -0.036
-0.068 0.661 -0.031
-0.436 0.280 -0.094
-0.423 0.287 -0.046
-0.409 0.248 -0.023
-0.376 0.288 -0.022
-0.122 0.294 -0.038
-0.168 0.328 -0.028
-0.253 0.678 -0.037
-0.077 0.511 -0.045
-0.188 0.497 -0.034
-0.130 0.463 -0.027
-0.130 0.541 -0.029
-0.423 0.108 -0.025
-0.333 0.171 -0.040
-0.386 0.156 -0.008
-0.375 0.093 -0.009
-0.324 0.106 -0.040
-0.254 0.149 -0.032
-0.435 0.173 -0.091
-0.432 0.414 -0.076
-0.397 0.328 -0.023
-0.337 0.313 -0.044
-0.372 0.387 -0.030
-0.325 0.470 -0.048
-0.329 0.417 -0.048
-0.378 0.457 -0.032
-0.385 0.589 -0.041
-0.221 0.193 -0.033
-0.425 0.179 -0.037
-0.098 0.418 -0.036
-0.121 0.365 -0.030
-0.382 0.211 -0.014
-0.332 0.238 -0.042
-0.268 0.507 -0.030
-0.262 0.452 -0.029
-0.338 0.529 -0.050
-0.280 0.214 -0.031
-0.241 0.628 -0.035
-0.320 0.565 -0.049
-0.212 0.334 -0.030
-0.305 0.350 -0.040
-0.269 0.380 -0.029
-0.220 0.400 -0.031
-0.275 0.290 -0.029
-0.214 0.574 -0.035
-0.278 0.580 -0.033
-0.173 0.419 -0.031
-0.231 0.275 -0.029
-0.396 0.699 -0.070
-0.403 0.631 -0.051
