-0.444 0.041 -0.198
-0.447 0.081 -0.196
-0.441 0.120 -0.205
-0.445 0.155 -0.206
-0.440 0.178 -0.210
-0.447 0.243 -0.213
-0.426 0.263 -0.221
-0.452 0.420 -0.224
-0.448 0.522 -0.230
-0.381 0.511 -0.341
-0.358 0.380 -0.311
-0.352 0.034 -0.232
-0.353 0.251 -0.282
-0.393 0.664 -0.364
-0.425 0.675 -0.214
-0.426 0.680 -0.242
-0.346 0.090 -0.256
-0.368 0.441 -0.321
-0.384 0.507 -0.301
-0.438 0.563 -0.241
-0.433 0.075 -0.205
-0.408 0.676 -0.263
-0.351 0.173 -0.275
-0.375 0.204 -0.255
-0.354 0.309 -0.292
-0.406 0.406 -0.247
-0.399 0.591 -0.355
-0.393 0.590 -0.313
-0.400 0.682 -0.331
-0.436 0.621 -0.239
-0.384 0.086 -0.216
-0.365 0.135 -0.248
-0.400 0.208 -0.224
-0.399 0.151 -0.216
-0.391 0.279 -0.245
-0.374 0.356 -0.277
-0.381 0.422 -0.285
-0.404 0.557 -0.267
-0.408 0.320 -0.233
-0.411 0.485 -0.253
-0.396 0.642 -0.288
-0.046 0.681 -0.117
-0.053 0.646 -0.126
-0.061 0.611 -0.124
-0.070 0.563 -0.124
-0.084 0.491 -0.112
-0.080 0.396 -0.121
-0.079 0.256 -0.088
-0.077 0.173 -0.091
-0.040 0.031 -0.100
0.017 0.030 -0.124
-0.006 0.056 -0.113
0.014 0.080 -0.128
0.014 0.136 -0.138
0.009 0.244 -0.149
0.009 0.300 -0.157
0.000 0.380 -0.159
-0.002 0.484 -0.176
-0.044 0.595 -0.174
-0.069 0.457 -0.139
-0.053 0.623 -0.170
-0.031 0.438 -0.159
-0.079 0.047 -0.092
-0.027 0.093 -0.115
-0.078 0.138 -0.092
-0.039 0.264 -0.139
-0.028 0.300 -0.147
-0.042 0.405 -0.152
-0.040 0.355 -0.147
-0.042 0.502 -0.164
-0.076 0.511 -0.133
-0.065 0.556 -0.153
-0.064 0.101 -0.107
-0.050 0.209 -0.126
-0.006 0.209 -0.135
-0.037 0.145 -0.123
-0.065 0.293 -0.109
-0.370 0.679 -0.178
-0.388 0.649 -0.159
-0.394 0.626 -0.161
-0.426 0.532 -0.149
-0.454 0.476 -0.146
-0.454 0.394 -0.135
-0.453 0.348 -0.127
-0.441 0.157 -0.077
-0.442 0.131 -0.087
-0.447 0.101 -0.198
-0.449 0.202 -0.209
-0.439 0.224 -0.215
-0.449 0.276 -0.214
-0.446 0.305 -0.219
-0.447 0.327 -0.220
-0.451 0.348 -0.220
-0.453 0.366 -0.220
-0.449 0.386 -0.223
-0.439 0.448 -0.233
-0.443 0.479 -0.233
-0.456 0.491 -0.219
-0.447 0.565 -0.223
-0.440 0.599 -0.209
-0.394 0.678 -0.195
-0.454 0.470 -0.199
-0.383 0.664 -0.186
-0.440 0.052 -0.095
-0.445 0.101 -0.118
-0.454 0.179 -0.167
-0.433 0.507 -0.168
-0.437 0.555 -0.182
-0.444 0.051 -0.132
-0.458 0.275 -0.166
-0.451 0.230 -0.122
-0.459 0.318 -0.178
-0.411 0.575 -0.168
-0.458 0.431 -0.150
-0.460 0.369 -0.168
-0.450 0.092 -0.166
-0.456 0.225 -0.176
-0.460 0.413 -0.201
-0.451 0.139 -0.148
-0.403 0.626 -0.187
0.017 0.060 -0.152
0.015 0.109 -0.135
0.013 0.158 -0.139
0.012 0.184 -0.144
0.011 0.211 -0.147
0.009 0.271 -0.152
0.005 0.348 -0.159
0.004 0.405 -0.169
0.001 0.442 -0.171
-0.009 0.470 -0.169
-0.012 0.507 -0.173
-0.012 0.535 -0.177
-0.012 0.563 -0.182
-0.048 0.659 -0.177
-0.048 0.669 -0.147
-0.434 0.623 -0.204
-0.118 0.810 -0.262
-0.051 0.829 -0.212
-0.044 0.772 -0.240
-0.140 0.819 -0.252
-0.157 0.847 -0.216
-0.112 0.838 -0.208
-0.073 0.839 -0.189
-0.070 0.829 -0.221
-0.043 0.806 -0.227
-0.112 0.823 -0.238
-0.055 0.011 -0.210
-0.066 0.036 -0.223
-0.053 0.539 -0.320
-0.128 0.780 -0.309
0.001 0.024 -0.167
-0.068 0.133 -0.239
-0.040 0.705 -0.181
-0.044 0.014 -0.200
-0.075 0.712 -0.346
-0.024 0.750 -0.216
-0.013 0.692 -0.214
-0.069 0.287 -0.265
-0.067 0.209 -0.252
-0.062 0.444 -0.299
-0.045 0.098 -0.209
-0.038 0.148 -0.207
-0.065 0.777 -0.264
-0.042 0.264 -0.226
-0.047 0.316 -0.238
-0.007 0.280 -0.194
0.007 0.339 -0.176
-0.007 0.453 -0.208
-0.016 0.598 -0.186
-0.038 0.620 -0.299
-0.040 0.651 -0.338
-0.048 0.724 -0.295
-0.091 0.753 -0.308
-0.099 0.791 -0.275
-0.019 0.346 -0.212
-0.001 0.228 -0.185
-0.004 0.401 -0.199
-0.022 0.501 -0.234
-0.032 0.059 -0.194
-0.039 0.200 -0.216
-0.042 0.402 -0.245
-0.038 0.575 -0.275
-0.003 0.520 -0.202
-0.066 0.355 -0.275
0.003 0.123 -0.172
-0.012 0.556 -0.226
-0.047 0.505 -0.281
-0.017 0.642 -0.194
-0.044 0.454 -0.258
-0.027 0.721 -0.243
-0.030 0.661 -0.269
0.000 0.181 -0.180
-0.009 0.617 -0.223
-0.324 0.726 -0.342
-0.290 0.777 -0.307
-0.312 0.738 -0.336
-0.333 0.719 -0.346
-0.418 0.727 -0.223
-0.399 0.780 -0.252
-0.344 0.836 -0.213
-0.324 0.803 -0.274
-0.373 0.816 -0.247
-0.404 0.740 -0.258
-0.384 0.753 -0.290
-0.349 0.734 -0.322
-0.397 0.706 -0.277
-0.276 0.779 -0.117
-0.254 0.747 -0.113
-0.162 0.759 -0.109
-0.117 0.760 -0.108
-0.377 0.780 -0.138
-0.287 0.848 -0.232
-0.352 0.769 -0.133
-0.369 0.836 -0.175
-0.314 0.839 -0.228
-0.330 0.801 -0.134
-0.105 0.836 -0.191
-0.317 0.837 -0.168
-0.193 0.764 -0.112
-0.100 0.824 -0.142
-0.249 0.884 -0.192
-0.149 0.805 -0.122
-0.166 0.834 -0.148
-0.229 0.772 -0.116
-0.289 0.822 -0.135
-0.257 0.852 -0.156
-0.219 0.814 -0.133
-0.197 0.874 -0.188
-0.141 0.846 -0.201
-0.282 0.846 -0.189
-0.423 0.070 0.003
-0.437 0.081 -0.065
-0.317 0.749 -0.121
-0.226 0.080 -0.028
-0.407 0.708 -0.126
-0.186 0.040 -0.039
-0.098 0.092 -0.075
-0.060 0.650 -0.091
-0.137 0.722 -0.099
-0.448 0.170 -0.115
-0.387 0.076 0.020
-0.300 0.721 -0.113
-0.112 0.154 -0.065
-0.095 0.347 -0.094
-0.407 0.592 -0.150
-0.254 0.047 -0.022
-0.089 0.449 -0.101
-0.088 0.495 -0.071
-0.191 0.698 -0.102
-0.116 0.284 -0.052
-0.163 0.241 -0.039
-0.093 0.221 -0.074
-0.314 0.066 -0.021
-0.418 0.491 -0.079
-0.096 0.396 -0.075
-0.439 0.108 -0.072
-0.411 0.416 -0.059
-0.166 0.635 -0.091
-0.160 0.178 -0.040
-0.175 0.122 -0.038
-0.122 0.045 -0.066
-0.157 0.076 -0.048
-0.075 0.605 -0.077
-0.436 0.365 -0.077
-0.423 0.624 -0.131
-0.419 0.590 -0.104
-0.442 0.264 -0.083
-0.440 0.545 -0.124
-0.400 0.549 -0.084
-0.181 0.291 -0.041
-0.132 0.668 -0.087
-0.362 0.723 -0.127
-0.344 0.648 -0.118
-0.323 0.678 -0.117
-0.256 0.118 -0.025
-0.074 0.694 -0.080
-0.447 0.306 -0.101
-0.427 0.318 -0.056
-0.410 0.283 -0.030
-0.376 0.322 -0.038
-0.123 0.328 -0.049
-0.170 0.362 -0.050
-0.257 0.706 -0.106
-0.079 0.543 -0.077
-0.191 0.528 -0.080
-0.134 0.497 -0.063
-0.134 0.573 -0.073
-0.423 0.144 -0.012
-0.334 0.204 -0.041
-0.385 0.193 -0.005
-0.374 0.131 0.003
-0.325 0.140 -0.032
-0.255 0.183 -0.031
-0.444 0.200 -0.084
-0.441 0.440 -0.101
-0.398 0.362 -0.043
-0.339 0.343 -0.066
-0.374 0.419 -0.060
-0.329 0.499 -0.094
-0.333 0.446 -0.086
-0.380 0.488 -0.072
-0.388 0.618 -0.098
-0.222 0.228 -0.037
-0.426 0.212 -0.033
-0.101 0.452 -0.061
-0.124 0.400 -0.051
-0.382 0.247 -0.018
-0.333 0.270 -0.054
-0.271 0.537 -0.082
-0.265 0.483 -0.073
-0.342 0.556 -0.103
-0.281 0.248 -0.040
-0.245 0.657 -0.099
-0.324 0.592 -0.107
-0.215 0.367 -0.055
-0.308 0.380 -0.069
-0.272 0.412 -0.063
-0.222 0.432 -0.066
-0.277 0.323 -0.049
-0.218 0.603 -0.092
-0.282 0.609 -0.094
-0.176 0.452 -0.066
-0.233 0.309 -0.046
-0.401 0.724 -0.140
-0.406 0.658 -0.111
