-0.538 0.073 -0.996
-0.534 0.112 -0.999
-0.530 0.150 -1.015
-0.529 0.185 -1.018
-0.525 0.207 -1.027
-0.523 0.271 -1.034
-0.508 0.286 -1.055
-0.514 0.446 -1.064
-0.505 0.545 -1.082
-0.504 0.520 -1.210
-0.484 0.388 -1.181
-0.484 0.049 -1.075
-0.483 0.260 -1.144
-0.492 0.665 -1.263
-0.472 0.692 -1.091
-0.487 0.699 -1.113
-0.485 0.101 -1.105
-0.489 0.450 -1.192
-0.487 0.519 -1.174
-0.500 0.584 -1.101
-0.528 0.105 -1.014
-0.486 0.695 -1.142
-0.489 0.183 -1.129
-0.493 0.219 -1.104
-0.481 0.318 -1.158
-0.487 0.424 -1.105
-0.509 0.598 -1.234
-0.499 0.603 -1.192
-0.492 0.695 -1.223
-0.496 0.641 -1.106
-0.494 0.106 -1.051
-0.490 0.150 -1.095
-0.495 0.228 -1.065
-0.498 0.173 -1.051
-0.490 0.296 -1.096
-0.483 0.368 -1.141
-0.484 0.435 -1.152
-0.486 0.575 -1.142
-0.493 0.340 -1.082
-0.487 0.504 -1.117
-0.493 0.660 -1.172
-0.046 0.698 -1.008
-0.051 0.662 -1.015
-0.059 0.628 -1.012
-0.064 0.579 -1.007
-0.079 0.509 -0.988
-0.071 0.415 -0.979
-0.079 0.283 -0.923
-0.072 0.204 -0.904
-0.031 0.066 -0.870
0.030 0.066 -0.875
0.004 0.092 -0.877
0.028 0.114 -0.891
0.029 0.167 -0.911
0.026 0.270 -0.946
0.026 0.324 -0.965
0.017 0.400 -0.986
0.018 0.499 -1.021
-0.023 0.606 -1.050
-0.057 0.472 -1.005
-0.033 0.634 -1.052
-0.015 0.454 -1.007
-0.071 0.080 -0.877
-0.015 0.125 -0.893
-0.072 0.168 -0.897
-0.024 0.286 -0.957
-0.011 0.321 -0.968
-0.026 0.422 -0.999
-0.024 0.374 -0.983
-0.025 0.516 -1.027
-0.067 0.526 -1.010
-0.051 0.569 -1.032
-0.053 0.131 -0.899
-0.037 0.234 -0.936
0.008 0.236 -0.931
-0.024 0.173 -0.915
-0.059 0.317 -0.945
-0.406 0.694 -1.078
-0.415 0.670 -1.051
-0.423 0.648 -1.049
-0.450 0.558 -1.018
-0.476 0.505 -0.999
-0.473 0.425 -0.983
-0.472 0.380 -0.972
-0.458 0.192 -0.910
-0.466 0.167 -0.915
-0.533 0.132 -1.003
-0.528 0.232 -1.025
-0.520 0.251 -1.038
-0.522 0.303 -1.038
-0.519 0.332 -1.048
-0.518 0.353 -1.052
-0.519 0.374 -1.052
-0.519 0.393 -1.053
-0.515 0.412 -1.060
-0.505 0.471 -1.081
-0.505 0.502 -1.083
-0.508 0.516 -1.066
-0.499 0.587 -1.081
-0.486 0.621 -1.075
-0.435 0.695 -1.084
-0.499 0.496 -1.047
-0.422 0.681 -1.079
-0.478 0.088 -0.913
-0.487 0.136 -0.937
-0.512 0.211 -0.984
-0.466 0.533 -1.030
-0.473 0.580 -1.046
-0.500 0.085 -0.942
-0.503 0.306 -0.994
-0.476 0.263 -0.957
-0.508 0.348 -1.008
-0.443 0.599 -1.044
-0.482 0.460 -0.998
-0.498 0.399 -1.006
-0.519 0.125 -0.974
-0.512 0.257 -0.997
-0.510 0.441 -1.040
-0.503 0.173 -0.964
-0.442 0.646 -1.069
0.039 0.090 -0.907
0.031 0.141 -0.902
0.029 0.188 -0.917
0.029 0.213 -0.927
0.028 0.238 -0.936
0.026 0.296 -0.955
0.022 0.370 -0.978
0.023 0.423 -0.999
0.019 0.459 -1.009
0.009 0.486 -1.015
0.006 0.521 -1.026
0.007 0.548 -1.034
0.009 0.575 -1.042
-0.024 0.669 -1.061
-0.036 0.683 -1.034
-0.477 0.644 -1.074
-0.085 0.796 -1.130
-0.033 0.823 -1.069
-0.003 0.775 -1.111
-0.108 0.810 -1.129
-0.156 0.846 -1.115
-0.105 0.836 -1.084
-0.067 0.855 -1.071
-0.054 0.822 -1.077
-0.019 0.802 -1.088
-0.088 0.811 -1.098
-0.009 0.025 -0.974
-0.016 0.047 -0.995
0.019 0.532 -1.182
-0.073 0.774 -1.193
0.029 0.051 -0.919
-0.009 0.137 -1.032
-0.012 0.714 -1.064
-0.002 0.031 -0.962
0.025 0.712 -1.245
0.020 0.755 -1.089
0.024 0.698 -1.085
-0.003 0.284 -1.089
-0.005 0.210 -1.061
0.008 0.437 -1.150
0.000 0.111 -0.988
0.006 0.161 -0.996
-0.022 0.776 -1.137
0.007 0.271 -1.039
0.006 0.320 -1.063
0.026 0.296 -1.001
0.030 0.358 -0.992
0.026 0.464 -1.047
0.007 0.609 -1.051
0.026 0.619 -1.168
0.033 0.647 -1.210
0.018 0.728 -1.176
-0.024 0.753 -1.195
-0.057 0.783 -1.149
0.020 0.356 -1.035
0.030 0.247 -0.979
0.027 0.414 -1.029
0.020 0.506 -1.085
0.006 0.077 -0.961
0.007 0.210 -1.015
0.009 0.405 -1.085
0.019 0.575 -1.140
0.026 0.531 -1.052
0.000 0.351 -1.111
0.031 0.147 -0.944
0.025 0.563 -1.082
0.013 0.503 -1.138
0.011 0.651 -1.064
0.010 0.454 -1.106
0.024 0.726 -1.117
0.025 0.664 -1.142
0.030 0.202 -0.964
0.027 0.624 -1.086
-0.401 0.723 -1.197
-0.371 0.766 -1.140
-0.387 0.732 -1.183
-0.409 0.717 -1.205
-0.469 0.746 -1.094
-0.451 0.805 -1.120
-0.353 0.863 -1.099
-0.377 0.797 -1.089
-0.403 0.837 -1.110
-0.473 0.764 -1.129
-0.450 0.769 -1.153
-0.424 0.739 -1.184
-0.484 0.728 -1.157
-0.281 0.800 -0.996
-0.259 0.768 -0.992
-0.165 0.778 -0.984
-0.120 0.779 -0.981
-0.378 0.806 -1.034
-0.289 0.848 -1.130
-0.354 0.794 -1.026
-0.365 0.873 -1.057
-0.325 0.848 -1.112
-0.333 0.825 -1.020
-0.099 0.849 -1.077
-0.316 0.861 -1.054
-0.196 0.784 -0.986
-0.099 0.839 -1.025
-0.243 0.875 -1.076
-0.150 0.819 -1.006
-0.166 0.841 -1.036
-0.233 0.792 -0.990
-0.291 0.840 -1.018
-0.256 0.847 -1.047
-0.219 0.833 -1.007
-0.197 0.867 -1.078
-0.140 0.847 -1.095
-0.285 0.850 -1.076
-0.427 0.110 -0.828
-0.459 0.118 -0.891
-0.320 0.772 -1.011
-0.232 0.113 -0.867
-0.409 0.732 -1.018
-0.190 0.075 -0.857
-0.096 0.125 -0.878
-0.062 0.668 -0.982
-0.140 0.741 -0.977
-0.482 0.205 -0.941
-0.388 0.115 -0.819
-0.304 0.743 -1.005
-0.113 0.187 -0.886
-0.093 0.371 -0.948
-0.431 0.617 -1.031
-0.261 0.083 -0.853
-0.087 0.469 -0.973
-0.094 0.518 -0.950
-0.195 0.718 -0.983
-0.123 0.316 -0.902
-0.171 0.273 -0.893
-0.094 0.251 -0.903
-0.321 0.099 -0.866
-0.418 0.522 -0.950
-0.100 0.422 -0.941
-0.460 0.145 -0.900
-0.410 0.449 -0.924
-0.169 0.655 -0.983
-0.168 0.212 -0.880
-0.181 0.156 -0.871
-0.120 0.079 -0.865
-0.160 0.111 -0.865
-0.079 0.625 -0.966
-0.441 0.399 -0.929
-0.434 0.650 -1.009
-0.422 0.618 -0.983
-0.455 0.298 -0.924
-0.452 0.573 -0.990
-0.400 0.577 -0.966
-0.189 0.319 -0.911
-0.135 0.687 -0.980
-0.364 0.746 -1.026
-0.347 0.671 -1.017
-0.326 0.700 -1.017
-0.262 0.147 -0.883
-0.076 0.712 -0.974
-0.462 0.339 -0.944
-0.430 0.353 -0.908
-0.409 0.319 -0.883
-0.376 0.355 -0.902
-0.131 0.359 -0.909
-0.177 0.388 -0.929
-0.261 0.726 -0.992
-0.083 0.565 -0.962
-0.194 0.549 -0.978
-0.140 0.520 -0.951
-0.139 0.595 -0.966
-0.426 0.183 -0.850
-0.339 0.234 -0.899
-0.385 0.230 -0.854
-0.375 0.168 -0.843
-0.330 0.171 -0.884
-0.260 0.211 -0.901
-0.460 0.235 -0.919
-0.449 0.472 -0.958
-0.396 0.396 -0.906
-0.346 0.371 -0.939
-0.374 0.449 -0.934
-0.334 0.522 -0.986
-0.339 0.471 -0.971
-0.380 0.516 -0.953
-0.389 0.643 -0.989
-0.229 0.256 -0.906
-0.430 0.250 -0.875
-0.108 0.477 -0.937
-0.132 0.428 -0.925
-0.381 0.282 -0.874
-0.340 0.298 -0.921
-0.273 0.556 -0.996
-0.268 0.502 -0.984
-0.347 0.579 -0.997
-0.287 0.274 -0.917
-0.248 0.677 -0.996
-0.328 0.614 -1.007
-0.221 0.393 -0.937
-0.314 0.405 -0.955
-0.276 0.433 -0.964
-0.227 0.455 -0.959
-0.282 0.347 -0.938
-0.221 0.624 -0.993
-0.283 0.629 -1.007
-0.181 0.475 -0.957
-0.240 0.335 -0.925
-0.406 0.748 -1.033
-0.407 0.684 -1.000
