-0.533 0.081 -0.981
-0.529 0.121 -0.985
-0.525 0.158 -1.002
-0.524 0.193 -1.006
-0.520 0.214 -1.017
-0.520 0.278 -1.026
-0.504 0.293 -1.047
-0.512 0.452 -1.062
-0.503 0.551 -1.083
-0.496 0.522 -1.210
-0.476 0.391 -1.175
-0.474 0.055 -1.055
-0.474 0.264 -1.133
-0.480 0.665 -1.263
-0.475 0.700 -1.094
-0.489 0.705 -1.117
-0.474 0.106 -1.088
-0.482 0.452 -1.188
-0.481 0.522 -1.173
-0.498 0.589 -1.102
-0.523 0.112 -0.999
-0.486 0.700 -1.145
-0.478 0.187 -1.115
-0.485 0.224 -1.092
-0.473 0.322 -1.150
-0.484 0.430 -1.101
-0.500 0.599 -1.235
-0.493 0.605 -1.193
-0.483 0.696 -1.225
-0.495 0.646 -1.108
-0.486 0.113 -1.035
-0.481 0.155 -1.080
-0.489 0.235 -1.053
-0.491 0.180 -1.038
-0.485 0.301 -1.087
-0.476 0.372 -1.135
-0.478 0.438 -1.148
-0.482 0.579 -1.142
-0.488 0.346 -1.075
-0.484 0.508 -1.115
-0.490 0.663 -1.174
-0.048 0.705 -1.010
-0.054 0.669 -1.017
-0.063 0.635 -1.012
-0.068 0.587 -1.007
-0.085 0.517 -0.986
-0.078 0.423 -0.973
-0.084 0.296 -0.908
-0.077 0.218 -0.884
-0.036 0.082 -0.845
0.025 0.080 -0.854
-0.000 0.106 -0.856
0.022 0.127 -0.872
0.024 0.179 -0.895
0.019 0.280 -0.935
0.020 0.333 -0.957
0.010 0.408 -0.981
0.011 0.506 -1.019
-0.028 0.612 -1.051
-0.063 0.480 -1.002
-0.038 0.640 -1.054
-0.021 0.461 -1.004
-0.075 0.096 -0.850
-0.021 0.139 -0.872
-0.077 0.183 -0.875
-0.030 0.296 -0.945
-0.018 0.330 -0.958
-0.033 0.430 -0.994
-0.031 0.382 -0.976
-0.032 0.522 -1.025
-0.073 0.533 -1.008
-0.056 0.576 -1.032
-0.058 0.145 -0.876
-0.043 0.245 -0.920
0.002 0.248 -0.917
-0.030 0.186 -0.896
-0.065 0.328 -0.933
-0.410 0.708 -1.085
-0.414 0.680 -1.057
-0.421 0.657 -1.054
-0.449 0.567 -1.019
-0.477 0.514 -0.998
-0.475 0.435 -0.978
-0.473 0.390 -0.965
-0.460 0.206 -0.895
-0.468 0.180 -0.899
-0.528 0.140 -0.990
-0.525 0.239 -1.015
-0.516 0.258 -1.029
-0.519 0.310 -1.031
-0.516 0.338 -1.042
-0.515 0.360 -1.046
-0.517 0.381 -1.048
-0.516 0.399 -1.049
-0.512 0.418 -1.057
-0.502 0.477 -1.080
-0.504 0.508 -1.082
-0.507 0.523 -1.066
-0.498 0.593 -1.082
-0.485 0.628 -1.077
-0.439 0.705 -1.088
-0.498 0.503 -1.046
-0.424 0.693 -1.084
-0.479 0.101 -0.895
-0.487 0.148 -0.921
-0.510 0.220 -0.973
-0.465 0.541 -1.030
-0.471 0.587 -1.048
-0.499 0.097 -0.925
-0.502 0.315 -0.986
-0.477 0.274 -0.945
-0.507 0.356 -1.002
-0.441 0.607 -1.047
-0.483 0.469 -0.995
-0.498 0.407 -1.001
-0.516 0.135 -0.959
-0.510 0.266 -0.988
-0.509 0.448 -1.037
-0.502 0.183 -0.951
-0.442 0.655 -1.073
0.031 0.102 -0.888
0.025 0.153 -0.885
0.023 0.200 -0.902
0.023 0.224 -0.913
0.022 0.249 -0.923
0.019 0.306 -0.945
0.015 0.378 -0.971
0.016 0.431 -0.995
0.013 0.466 -1.006
0.002 0.492 -1.012
-0.000 0.527 -1.025
0.001 0.554 -1.034
0.004 0.580 -1.042
-0.029 0.675 -1.063
-0.039 0.689 -1.036
-0.477 0.651 -1.077
-0.086 0.796 -1.130
-0.030 0.833 -1.080
-0.003 0.780 -1.116
-0.108 0.809 -1.129
-0.156 0.846 -1.115
-0.101 0.841 -1.090
-0.067 0.857 -1.069
-0.052 0.828 -1.084
-0.017 0.811 -1.095
-0.087 0.811 -1.098
-0.023 0.036 -0.948
-0.030 0.056 -0.969
0.011 0.534 -1.180
-0.079 0.770 -1.190
0.020 0.063 -0.898
-0.023 0.144 -1.012
-0.016 0.720 -1.068
-0.015 0.042 -0.937
0.012 0.712 -1.245
0.018 0.760 -1.093
0.020 0.702 -1.088
-0.014 0.288 -1.078
-0.017 0.215 -1.045
-0.000 0.439 -1.146
-0.012 0.121 -0.968
-0.005 0.170 -0.978
-0.023 0.780 -1.141
-0.003 0.277 -1.028
-0.003 0.325 -1.053
0.018 0.304 -0.991
0.024 0.366 -0.985
0.019 0.470 -1.044
0.002 0.614 -1.052
0.018 0.621 -1.169
0.027 0.649 -1.211
0.014 0.731 -1.179
-0.031 0.752 -1.195
-0.060 0.783 -1.149
0.012 0.362 -1.028
0.022 0.255 -0.967
0.020 0.421 -1.024
0.013 0.511 -1.083
-0.005 0.088 -0.939
-0.003 0.218 -1.000
0.002 0.409 -1.080
0.011 0.578 -1.140
0.019 0.537 -1.051
-0.009 0.354 -1.103
0.023 0.157 -0.927
0.019 0.568 -1.082
0.006 0.506 -1.136
0.006 0.656 -1.065
0.003 0.458 -1.103
0.021 0.730 -1.120
0.018 0.667 -1.143
0.022 0.211 -0.949
0.021 0.628 -1.088
-0.395 0.722 -1.195
-0.371 0.766 -1.140
-0.383 0.732 -1.182
-0.403 0.717 -1.203
-0.475 0.753 -1.100
-0.452 0.808 -1.127
-0.352 0.864 -1.103
-0.377 0.797 -1.089
-0.403 0.838 -1.113
-0.476 0.768 -1.135
-0.447 0.767 -1.153
-0.420 0.737 -1.183
-0.484 0.731 -1.161
-0.281 0.808 -0.994
-0.259 0.776 -0.989
-0.166 0.785 -0.979
-0.121 0.786 -0.977
-0.377 0.815 -1.035
-0.288 0.848 -1.130
-0.354 0.802 -1.026
-0.360 0.879 -1.063
-0.325 0.848 -1.115
-0.331 0.833 -1.021
-0.099 0.849 -1.077
-0.313 0.860 -1.061
-0.197 0.791 -0.981
-0.100 0.841 -1.025
-0.243 0.875 -1.077
-0.150 0.825 -1.004
-0.166 0.844 -1.036
-0.234 0.800 -0.986
-0.289 0.841 -1.025
-0.254 0.838 -1.055
-0.219 0.836 -1.010
-0.197 0.867 -1.078
-0.139 0.849 -1.096
-0.283 0.844 -1.085
-0.434 0.128 -0.808
-0.461 0.132 -0.873
-0.321 0.780 -1.008
-0.236 0.130 -0.837
-0.410 0.741 -1.022
-0.194 0.093 -0.826
-0.100 0.141 -0.852
-0.064 0.675 -0.983
-0.141 0.749 -0.975
-0.483 0.216 -0.927
-0.396 0.134 -0.795
-0.305 0.751 -1.002
-0.117 0.203 -0.863
-0.098 0.381 -0.939
-0.430 0.625 -1.035
-0.265 0.101 -0.822
-0.092 0.478 -0.969
-0.097 0.528 -0.947
-0.196 0.726 -0.981
-0.126 0.330 -0.887
-0.175 0.289 -0.874
-0.098 0.265 -0.885
-0.325 0.116 -0.837
-0.422 0.533 -0.947
-0.104 0.432 -0.933
-0.462 0.159 -0.883
-0.414 0.462 -0.917
-0.170 0.663 -0.986
-0.171 0.228 -0.858
-0.185 0.173 -0.845
-0.124 0.097 -0.835
-0.163 0.128 -0.836
-0.081 0.633 -0.966
-0.445 0.412 -0.922
-0.434 0.660 -1.014
-0.424 0.628 -0.985
-0.458 0.311 -0.913
-0.452 0.583 -0.992
-0.403 0.588 -0.965
-0.192 0.333 -0.895
-0.136 0.695 -0.982
-0.364 0.756 -1.026
-0.348 0.680 -1.017
-0.327 0.709 -1.016
-0.265 0.164 -0.855
-0.077 0.720 -0.975
-0.464 0.351 -0.936
-0.435 0.367 -0.898
-0.415 0.334 -0.871
-0.381 0.369 -0.890
-0.135 0.372 -0.897
-0.181 0.401 -0.917
-0.263 0.734 -0.989
-0.086 0.574 -0.960
-0.197 0.558 -0.976
-0.143 0.530 -0.948
-0.140 0.603 -0.967
-0.432 0.199 -0.833
-0.343 0.249 -0.879
-0.391 0.247 -0.836
-0.382 0.185 -0.821
-0.335 0.187 -0.859
-0.264 0.226 -0.877
-0.463 0.248 -0.906
-0.452 0.483 -0.954
-0.401 0.409 -0.897
-0.350 0.383 -0.927
-0.378 0.461 -0.927
-0.337 0.532 -0.981
-0.342 0.481 -0.964
-0.383 0.528 -0.949
-0.391 0.653 -0.990
-0.232 0.271 -0.885
-0.435 0.265 -0.861
-0.111 0.488 -0.932
-0.136 0.440 -0.916
-0.387 0.297 -0.858
-0.344 0.311 -0.905
-0.275 0.565 -0.993
-0.271 0.512 -0.978
-0.349 0.589 -0.995
-0.291 0.289 -0.898
-0.250 0.685 -0.995
-0.330 0.623 -1.006
-0.225 0.406 -0.924
-0.318 0.416 -0.944
-0.279 0.444 -0.955
-0.231 0.465 -0.951
-0.286 0.360 -0.923
-0.222 0.632 -0.993
-0.285 0.637 -1.007
-0.184 0.485 -0.950
-0.244 0.348 -0.909
-0.404 0.757 -1.036
-0.409 0.694 -1.004
