-0.526 0.088 -0.967
-0.524 0.127 -0.972
-0.519 0.164 -0.990
-0.519 0.199 -0.996
-0.515 0.220 -1.006
-0.516 0.284 -1.018
-0.499 0.298 -1.038
-0.510 0.456 -1.058
-0.502 0.555 -1.082
-0.486 0.523 -1.208
-0.467 0.393 -1.168
-0.463 0.061 -1.038
-0.464 0.268 -1.122
-0.467 0.665 -1.263
-0.476 0.703 -1.095
-0.488 0.707 -1.120
-0.463 0.111 -1.072
-0.473 0.453 -1.183
-0.474 0.524 -1.170
-0.497 0.592 -1.102
-0.516 0.119 -0.986
-0.483 0.701 -1.148
-0.468 0.191 -1.102
-0.477 0.229 -1.080
-0.464 0.324 -1.140
-0.479 0.433 -1.096
-0.489 0.599 -1.235
-0.486 0.606 -1.193
-0.474 0.696 -1.226
-0.495 0.649 -1.110
-0.478 0.119 -1.019
-0.471 0.160 -1.066
-0.483 0.240 -1.042
-0.484 0.186 -1.025
-0.478 0.306 -1.078
-0.469 0.375 -1.127
-0.472 0.441 -1.143
-0.479 0.581 -1.141
-0.484 0.350 -1.067
-0.481 0.512 -1.112
-0.485 0.664 -1.175
-0.051 0.709 -1.012
-0.057 0.673 -1.017
-0.066 0.639 -1.012
-0.071 0.591 -1.005
-0.088 0.522 -0.982
-0.083 0.429 -0.966
-0.089 0.305 -0.896
-0.082 0.228 -0.869
-0.041 0.093 -0.826
0.019 0.089 -0.840
-0.006 0.116 -0.840
0.016 0.136 -0.859
0.018 0.186 -0.884
0.014 0.286 -0.926
0.014 0.338 -0.950
0.005 0.412 -0.976
0.006 0.508 -1.017
-0.032 0.614 -1.050
-0.068 0.484 -0.997
-0.041 0.643 -1.053
-0.026 0.465 -1.000
-0.080 0.108 -0.830
-0.026 0.149 -0.856
-0.082 0.194 -0.858
-0.036 0.303 -0.935
-0.024 0.336 -0.950
-0.038 0.434 -0.989
-0.037 0.387 -0.969
-0.036 0.525 -1.023
-0.077 0.538 -1.005
-0.060 0.579 -1.030
-0.064 0.155 -0.858
-0.049 0.253 -0.907
-0.004 0.255 -0.907
-0.035 0.195 -0.881
-0.070 0.336 -0.923
-0.411 0.709 -1.085
-0.416 0.684 -1.057
-0.423 0.662 -1.053
-0.451 0.573 -1.016
-0.478 0.521 -0.995
-0.476 0.442 -0.973
-0.474 0.398 -0.958
-0.462 0.217 -0.881
-0.468 0.191 -0.885
-0.523 0.147 -0.978
-0.520 0.245 -1.006
-0.512 0.263 -1.019
-0.515 0.316 -1.024
-0.513 0.343 -1.035
-0.512 0.365 -1.040
-0.514 0.386 -1.042
-0.514 0.404 -1.044
-0.510 0.423 -1.052
-0.500 0.481 -1.076
-0.502 0.511 -1.080
-0.506 0.527 -1.064
-0.497 0.597 -1.082
-0.486 0.631 -1.078
-0.439 0.707 -1.089
-0.498 0.508 -1.043
-0.425 0.695 -1.084
-0.478 0.112 -0.879
-0.485 0.157 -0.907
-0.507 0.228 -0.962
-0.466 0.547 -1.027
-0.473 0.592 -1.047
-0.496 0.106 -0.910
-0.501 0.322 -0.978
-0.477 0.283 -0.935
-0.506 0.363 -0.996
-0.443 0.612 -1.045
-0.484 0.476 -0.991
-0.498 0.414 -0.996
-0.512 0.142 -0.946
-0.508 0.273 -0.979
-0.508 0.453 -1.033
-0.500 0.192 -0.939
-0.443 0.658 -1.073
0.024 0.110 -0.875
0.019 0.161 -0.873
0.017 0.207 -0.891
0.017 0.231 -0.903
0.016 0.255 -0.914
0.014 0.311 -0.937
0.009 0.383 -0.966
0.011 0.434 -0.990
0.008 0.469 -1.002
-0.003 0.495 -1.009
-0.005 0.530 -1.023
-0.003 0.556 -1.032
-0.000 0.582 -1.041
-0.031 0.677 -1.063
-0.041 0.692 -1.037
-0.478 0.655 -1.078
-0.089 0.797 -1.133
-0.031 0.833 -1.084
-0.007 0.780 -1.119
-0.111 0.810 -1.131
-0.156 0.846 -1.115
-0.102 0.841 -1.091
-0.068 0.855 -1.069
-0.052 0.829 -1.087
-0.019 0.811 -1.099
-0.088 0.813 -1.103
-0.036 0.044 -0.929
-0.044 0.063 -0.951
0.001 0.533 -1.179
-0.085 0.772 -1.192
0.011 0.071 -0.882
-0.036 0.150 -0.997
-0.016 0.720 -1.067
-0.028 0.050 -0.918
-0.001 0.712 -1.245
0.015 0.760 -1.096
0.018 0.702 -1.090
-0.025 0.290 -1.068
-0.029 0.219 -1.033
-0.010 0.439 -1.141
-0.024 0.127 -0.952
-0.016 0.176 -0.965
-0.028 0.781 -1.144
-0.012 0.281 -1.018
-0.013 0.328 -1.046
0.011 0.308 -0.983
0.017 0.370 -0.979
0.013 0.472 -1.041
-0.001 0.616 -1.052
0.009 0.620 -1.169
0.015 0.648 -1.213
0.006 0.730 -1.181
-0.039 0.752 -1.196
-0.064 0.785 -1.152
0.005 0.365 -1.021
0.014 0.260 -0.958
0.013 0.424 -1.020
0.007 0.512 -1.081
-0.017 0.095 -0.923
-0.013 0.223 -0.989
-0.007 0.411 -1.075
0.003 0.578 -1.139
0.014 0.538 -1.050
-0.019 0.356 -1.096
0.014 0.164 -0.914
0.013 0.568 -1.081
-0.003 0.506 -1.133
0.003 0.657 -1.066
-0.005 0.459 -1.099
0.016 0.729 -1.123
0.011 0.666 -1.144
0.014 0.217 -0.939
0.017 0.629 -1.089
-0.390 0.723 -1.194
-0.371 0.766 -1.140
-0.379 0.733 -1.181
-0.397 0.717 -1.202
-0.474 0.756 -1.103
-0.450 0.809 -1.131
-0.351 0.864 -1.105
-0.377 0.797 -1.089
-0.402 0.838 -1.114
-0.474 0.770 -1.139
-0.443 0.767 -1.153
-0.415 0.737 -1.183
-0.481 0.732 -1.164
-0.283 0.813 -0.992
-0.261 0.781 -0.986
-0.168 0.790 -0.974
-0.123 0.791 -0.971
-0.378 0.820 -1.036
-0.288 0.848 -1.131
-0.355 0.807 -1.026
-0.360 0.883 -1.065
-0.325 0.848 -1.116
-0.332 0.838 -1.021
-0.100 0.848 -1.076
-0.313 0.862 -1.062
-0.199 0.796 -0.977
-0.101 0.841 -1.024
-0.243 0.876 -1.075
-0.152 0.827 -1.002
-0.166 0.843 -1.036
-0.236 0.804 -0.983
-0.289 0.843 -1.026
-0.254 0.838 -1.055
-0.220 0.837 -1.010
-0.197 0.867 -1.078
-0.139 0.849 -1.096
-0.283 0.845 -1.085
-0.439 0.142 -0.790
-0.463 0.144 -0.857
-0.323 0.785 -1.007
-0.240 0.145 -0.813
-0.411 0.747 -1.024
-0.198 0.108 -0.801
-0.104 0.154 -0.832
-0.066 0.680 -0.984
-0.143 0.753 -0.968
-0.482 0.225 -0.915
-0.402 0.149 -0.776
-0.307 0.756 -1.000
-0.121 0.215 -0.845
-0.103 0.389 -0.930
-0.431 0.631 -1.033
-0.269 0.117 -0.797
-0.096 0.484 -0.963
-0.099 0.534 -0.943
-0.199 0.730 -0.973
-0.130 0.340 -0.875
-0.178 0.301 -0.859
-0.102 0.276 -0.871
-0.329 0.131 -0.813
-0.424 0.542 -0.944
-0.107 0.440 -0.926
-0.463 0.170 -0.868
-0.417 0.472 -0.911
-0.172 0.669 -0.984
-0.175 0.241 -0.839
-0.188 0.187 -0.823
-0.129 0.110 -0.813
-0.167 0.142 -0.814
-0.083 0.638 -0.966
-0.448 0.421 -0.915
-0.436 0.665 -1.014
-0.426 0.635 -0.984
-0.460 0.321 -0.903
-0.455 0.590 -0.990
-0.405 0.596 -0.963
-0.196 0.345 -0.881
-0.138 0.700 -0.975
-0.365 0.761 -1.027
-0.350 0.685 -1.017
-0.328 0.714 -1.015
-0.269 0.178 -0.832
-0.079 0.725 -0.975
-0.466 0.360 -0.927
-0.438 0.378 -0.889
-0.419 0.346 -0.860
-0.385 0.380 -0.879
-0.138 0.383 -0.886
-0.184 0.411 -0.907
-0.265 0.739 -0.985
-0.087 0.579 -0.958
-0.199 0.563 -0.976
-0.145 0.537 -0.944
-0.141 0.607 -0.972
-0.437 0.213 -0.818
-0.347 0.261 -0.862
-0.397 0.260 -0.821
-0.387 0.200 -0.802
-0.338 0.201 -0.839
-0.268 0.239 -0.858
-0.464 0.258 -0.894
-0.454 0.492 -0.950
-0.404 0.420 -0.889
-0.353 0.392 -0.917
-0.381 0.470 -0.920
-0.340 0.538 -0.978
-0.345 0.489 -0.958
-0.385 0.536 -0.944
-0.393 0.660 -0.990
-0.236 0.283 -0.868
-0.439 0.277 -0.848
-0.114 0.496 -0.927
-0.139 0.449 -0.908
-0.392 0.310 -0.845
-0.348 0.322 -0.890
-0.278 0.571 -0.991
-0.273 0.518 -0.974
-0.351 0.595 -0.993
-0.294 0.300 -0.882
-0.252 0.690 -0.992
-0.332 0.629 -1.005
-0.228 0.415 -0.914
-0.321 0.425 -0.935
-0.282 0.452 -0.947
-0.233 0.473 -0.944
-0.289 0.370 -0.911
-0.224 0.637 -0.994
-0.287 0.643 -1.005
-0.187 0.493 -0.945
-0.247 0.359 -0.896
-0.405 0.762 -1.039
-0.410 0.699 -1.004
