-0.519 0.092 -0.955
-0.517 0.131 -0.961
-0.513 0.167 -0.980
-0.514 0.202 -0.986
-0.510 0.223 -0.997
-0.511 0.286 -1.010
-0.494 0.301 -1.030
-0.507 0.458 -1.055
-0.500 0.556 -1.081
-0.475 0.521 -1.206
-0.457 0.392 -1.161
-0.452 0.065 -1.021
-0.454 0.269 -1.111
-0.454 0.665 -1.263
-0.475 0.703 -1.097
-0.486 0.707 -1.122
-0.451 0.114 -1.057
-0.462 0.453 -1.178
-0.466 0.523 -1.166
-0.494 0.592 -1.102
-0.509 0.122 -0.974
-0.479 0.701 -1.149
-0.457 0.193 -1.089
-0.468 0.231 -1.069
-0.454 0.325 -1.131
-0.474 0.435 -1.090
-0.475 0.598 -1.235
-0.476 0.605 -1.193
-0.465 0.695 -1.227
-0.493 0.649 -1.111
-0.469 0.123 -1.005
-0.461 0.163 -1.052
-0.476 0.243 -1.032
-0.477 0.189 -1.013
-0.471 0.308 -1.069
-0.461 0.376 -1.120
-0.464 0.441 -1.137
-0.474 0.581 -1.139
-0.478 0.352 -1.060
-0.476 0.512 -1.109
-0.478 0.664 -1.176
-0.055 0.712 -1.012
-0.061 0.676 -1.017
-0.068 0.642 -1.010
-0.074 0.594 -1.003
-0.091 0.526 -0.978
-0.086 0.434 -0.960
-0.092 0.311 -0.886
-0.086 0.235 -0.858
-0.047 0.099 -0.815
0.012 0.093 -0.832
-0.011 0.121 -0.832
0.010 0.139 -0.852
0.012 0.190 -0.877
0.008 0.289 -0.921
0.009 0.341 -0.945
0.001 0.415 -0.972
0.002 0.511 -1.015
-0.036 0.617 -1.049
-0.072 0.488 -0.993
-0.045 0.645 -1.053
-0.031 0.467 -0.996
-0.086 0.115 -0.817
-0.032 0.154 -0.847
-0.086 0.200 -0.847
-0.041 0.307 -0.927
-0.029 0.340 -0.944
-0.042 0.437 -0.984
-0.041 0.391 -0.963
-0.040 0.528 -1.020
-0.080 0.541 -1.002
-0.064 0.582 -1.028
-0.069 0.162 -0.847
-0.054 0.258 -0.898
-0.009 0.258 -0.900
-0.041 0.200 -0.872
-0.073 0.341 -0.914
-0.411 0.708 -1.085
-0.417 0.685 -1.056
-0.424 0.663 -1.051
-0.453 0.576 -1.013
-0.480 0.524 -0.992
-0.477 0.446 -0.968
-0.475 0.403 -0.952
-0.462 0.224 -0.869
-0.468 0.198 -0.873
-0.517 0.150 -0.967
-0.515 0.248 -0.997
-0.506 0.266 -1.011
-0.511 0.318 -1.017
-0.509 0.346 -1.029
-0.508 0.367 -1.034
-0.510 0.388 -1.037
-0.511 0.406 -1.040
-0.507 0.425 -1.048
-0.497 0.482 -1.073
-0.499 0.512 -1.078
-0.505 0.528 -1.063
-0.496 0.598 -1.083
-0.486 0.632 -1.078
-0.439 0.707 -1.090
-0.497 0.510 -1.041
-0.425 0.695 -1.084
-0.477 0.119 -0.865
-0.483 0.164 -0.895
-0.504 0.232 -0.953
-0.467 0.550 -1.025
-0.474 0.594 -1.045
-0.492 0.112 -0.897
-0.499 0.326 -0.971
-0.476 0.288 -0.926
-0.504 0.366 -0.990
-0.444 0.614 -1.043
-0.485 0.480 -0.987
-0.497 0.417 -0.991
-0.507 0.147 -0.935
-0.505 0.276 -0.971
-0.507 0.455 -1.030
-0.497 0.197 -0.928
-0.444 0.659 -1.071
0.016 0.113 -0.867
0.013 0.165 -0.866
0.011 0.211 -0.884
0.011 0.234 -0.897
0.011 0.258 -0.908
0.009 0.314 -0.932
0.005 0.385 -0.961
0.007 0.437 -0.987
0.004 0.472 -1.000
-0.007 0.498 -1.007
-0.009 0.533 -1.021
-0.007 0.559 -1.031
-0.004 0.585 -1.040
-0.035 0.679 -1.063
-0.045 0.695 -1.037
-0.478 0.656 -1.078
-0.090 0.797 -1.133
-0.031 0.834 -1.086
-0.009 0.781 -1.122
-0.113 0.810 -1.130
-0.156 0.846 -1.115
-0.102 0.841 -1.091
-0.068 0.854 -1.069
-0.052 0.830 -1.090
-0.019 0.812 -1.103
-0.088 0.813 -1.104
-0.049 0.049 -0.917
-0.058 0.068 -0.939
-0.010 0.533 -1.177
-0.091 0.772 -1.190
0.001 0.074 -0.874
-0.049 0.153 -0.987
-0.021 0.724 -1.070
-0.040 0.055 -0.907
-0.014 0.712 -1.245
0.012 0.761 -1.100
0.013 0.704 -1.092
-0.037 0.292 -1.061
-0.042 0.222 -1.024
-0.021 0.440 -1.137
-0.035 0.131 -0.942
-0.026 0.179 -0.956
-0.031 0.782 -1.146
-0.022 0.284 -1.011
-0.022 0.330 -1.039
0.004 0.310 -0.978
0.012 0.372 -0.975
0.007 0.474 -1.038
-0.006 0.618 -1.052
-0.001 0.620 -1.169
0.003 0.647 -1.214
-0.001 0.729 -1.183
-0.046 0.753 -1.196
-0.067 0.786 -1.153
-0.003 0.367 -1.017
0.007 0.263 -0.952
0.008 0.426 -1.016
-0.000 0.513 -1.079
-0.028 0.100 -0.913
-0.023 0.226 -0.981
-0.015 0.413 -1.070
-0.005 0.578 -1.138
0.009 0.540 -1.048
-0.030 0.357 -1.090
0.006 0.167 -0.907
0.008 0.570 -1.081
-0.012 0.507 -1.130
-0.001 0.659 -1.067
-0.014 0.460 -1.095
0.011 0.730 -1.126
0.004 0.667 -1.145
0.006 0.220 -0.932
0.011 0.630 -1.089
-0.384 0.724 -1.193
-0.371 0.766 -1.140
-0.375 0.734 -1.180
-0.390 0.719 -1.201
-0.473 0.756 -1.106
-0.448 0.809 -1.133
-0.351 0.865 -1.105
-0.377 0.798 -1.089
-0.401 0.838 -1.115
-0.471 0.770 -1.142
-0.440 0.767 -1.155
-0.410 0.738 -1.183
-0.476 0.732 -1.166
-0.284 0.816 -0.990
-0.263 0.784 -0.983
-0.170 0.793 -0.971
-0.125 0.794 -0.967
-0.378 0.822 -1.036
-0.288 0.848 -1.131
-0.355 0.810 -1.026
-0.360 0.884 -1.067
-0.324 0.848 -1.116
-0.333 0.841 -1.021
-0.100 0.847 -1.076
-0.313 0.864 -1.063
-0.201 0.799 -0.974
-0.102 0.841 -1.023
-0.243 0.876 -1.075
-0.153 0.828 -1.001
-0.167 0.843 -1.036
-0.237 0.807 -0.981
-0.290 0.845 -1.026
-0.254 0.839 -1.055
-0.221 0.838 -1.010
-0.196 0.867 -1.078
-0.139 0.848 -1.096
-0.283 0.845 -1.085
-0.443 0.153 -0.775
-0.463 0.152 -0.843
-0.324 0.788 -1.005
-0.244 0.155 -0.795
-0.412 0.749 -1.026
-0.202 0.118 -0.784
-0.108 0.161 -0.819
-0.069 0.684 -0.983
-0.145 0.757 -0.963
-0.481 0.232 -0.905
-0.407 0.161 -0.759
-0.309 0.759 -0.997
-0.125 0.223 -0.833
-0.106 0.395 -0.922
-0.433 0.633 -1.031
-0.272 0.128 -0.779
-0.099 0.489 -0.958
-0.101 0.539 -0.940
-0.201 0.734 -0.968
-0.132 0.348 -0.866
-0.181 0.309 -0.847
-0.105 0.283 -0.860
-0.332 0.142 -0.794
-0.427 0.547 -0.941
-0.110 0.446 -0.920
-0.463 0.178 -0.855
-0.420 0.478 -0.906
-0.174 0.672 -0.981
-0.177 0.250 -0.826
-0.192 0.196 -0.808
-0.133 0.119 -0.798
-0.171 0.152 -0.798
-0.084 0.642 -0.964
-0.450 0.428 -0.909
-0.438 0.669 -1.013
-0.428 0.639 -0.982
-0.461 0.328 -0.894
-0.457 0.594 -0.988
-0.407 0.600 -0.961
-0.198 0.352 -0.870
-0.140 0.703 -0.971
-0.366 0.764 -1.026
-0.351 0.689 -1.014
-0.330 0.717 -1.012
-0.273 0.188 -0.815
-0.082 0.728 -0.974
-0.467 0.366 -0.919
-0.441 0.385 -0.881
-0.422 0.354 -0.850
-0.388 0.388 -0.870
-0.141 0.389 -0.878
-0.187 0.417 -0.899
-0.267 0.742 -0.981
-0.089 0.584 -0.955
-0.200 0.567 -0.973
-0.147 0.542 -0.941
-0.142 0.611 -0.972
-0.440 0.223 -0.805
-0.350 0.270 -0.848
-0.400 0.271 -0.808
-0.391 0.211 -0.787
-0.342 0.210 -0.823
-0.271 0.248 -0.843
-0.465 0.265 -0.883
-0.456 0.497 -0.945
-0.407 0.428 -0.881
-0.355 0.399 -0.908
-0.384 0.477 -0.914
-0.342 0.543 -0.973
-0.347 0.494 -0.952
-0.388 0.542 -0.941
-0.395 0.663 -0.989
-0.239 0.291 -0.855
-0.443 0.286 -0.837
-0.116 0.501 -0.922
-0.141 0.455 -0.902
-0.395 0.320 -0.833
-0.350 0.330 -0.879
-0.280 0.574 -0.989
-0.275 0.522 -0.970
-0.353 0.598 -0.992
-0.297 0.308 -0.869
-0.254 0.694 -0.987
-0.334 0.633 -1.002
-0.231 0.422 -0.906
-0.323 0.431 -0.927
-0.284 0.457 -0.940
-0.236 0.478 -0.938
-0.292 0.376 -0.901
-0.226 0.641 -0.991
-0.289 0.646 -1.002
-0.189 0.498 -0.940
-0.250 0.366 -0.886
-0.405 0.764 -1.040
-0.412 0.703 -1.004
