-0.512 0.093 -0.945
-0.511 0.132 -0.952
-0.506 0.168 -0.971
-0.507 0.203 -0.978
-0.503 0.223 -0.990
-0.506 0.286 -1.004
-0.487 0.301 -1.024
-0.503 0.457 -1.053
-0.496 0.554 -1.082
-0.460 0.519 -1.204
-0.445 0.391 -1.155
-0.440 0.066 -1.007
-0.442 0.268 -1.102
-0.441 0.665 -1.263
-0.474 0.702 -1.098
-0.483 0.706 -1.124
-0.439 0.115 -1.043
-0.450 0.450 -1.173
-0.455 0.521 -1.164
-0.489 0.591 -1.103
-0.501 0.123 -0.964
-0.474 0.699 -1.151
-0.445 0.193 -1.078
-0.458 0.231 -1.059
-0.442 0.324 -1.123
-0.467 0.434 -1.086
-0.459 0.595 -1.235
-0.464 0.603 -1.192
-0.455 0.694 -1.228
-0.489 0.648 -1.113
-0.460 0.124 -0.993
-0.450 0.163 -1.041
-0.468 0.243 -1.023
-0.469 0.190 -1.003
-0.463 0.308 -1.061
-0.451 0.375 -1.113
-0.454 0.440 -1.132
-0.465 0.580 -1.138
-0.471 0.352 -1.054
-0.469 0.511 -1.107
-0.468 0.662 -1.177
-0.056 0.713 -1.012
-0.062 0.678 -1.016
-0.070 0.643 -1.009
-0.076 0.596 -1.001
-0.094 0.528 -0.974
-0.089 0.436 -0.955
-0.092 0.315 -0.877
-0.089 0.238 -0.851
-0.051 0.101 -0.810
0.006 0.093 -0.830
-0.016 0.122 -0.828
0.005 0.140 -0.850
0.006 0.190 -0.876
0.004 0.289 -0.919
0.005 0.341 -0.944
-0.003 0.415 -0.971
-0.001 0.511 -1.015
-0.039 0.617 -1.049
-0.075 0.489 -0.989
-0.048 0.646 -1.052
-0.034 0.468 -0.994
-0.090 0.119 -0.810
-0.036 0.155 -0.843
-0.089 0.204 -0.840
-0.045 0.309 -0.923
-0.033 0.341 -0.940
-0.046 0.439 -0.980
-0.045 0.392 -0.959
-0.044 0.529 -1.018
-0.083 0.542 -0.999
-0.067 0.583 -1.026
-0.074 0.164 -0.841
-0.058 0.260 -0.893
-0.013 0.259 -0.897
-0.045 0.202 -0.867
-0.075 0.344 -0.908
-0.410 0.708 -1.085
-0.417 0.685 -1.055
-0.424 0.664 -1.050
-0.453 0.577 -1.012
-0.480 0.525 -0.990
-0.476 0.448 -0.965
-0.474 0.405 -0.948
-0.462 0.228 -0.860
-0.467 0.202 -0.863
-0.510 0.151 -0.958
-0.509 0.248 -0.991
-0.500 0.266 -1.005
-0.506 0.318 -1.012
-0.503 0.345 -1.024
-0.502 0.367 -1.031
-0.505 0.387 -1.034
-0.506 0.405 -1.037
-0.502 0.424 -1.045
-0.492 0.481 -1.072
-0.494 0.511 -1.077
-0.501 0.527 -1.063
-0.493 0.597 -1.084
-0.484 0.631 -1.079
-0.438 0.707 -1.090
-0.495 0.510 -1.040
-0.425 0.695 -1.084
-0.474 0.123 -0.854
-0.481 0.167 -0.885
-0.500 0.234 -0.945
-0.466 0.550 -1.023
-0.473 0.594 -1.045
-0.488 0.115 -0.886
-0.496 0.327 -0.966
-0.474 0.291 -0.918
-0.501 0.367 -0.986
-0.443 0.615 -1.042
-0.484 0.481 -0.985
-0.495 0.418 -0.988
-0.503 0.149 -0.926
-0.501 0.278 -0.964
-0.503 0.455 -1.028
-0.493 0.199 -0.920
-0.443 0.659 -1.071
0.008 0.113 -0.866
0.007 0.165 -0.864
0.006 0.211 -0.883
0.006 0.234 -0.896
0.006 0.258 -0.907
0.004 0.314 -0.931
0.001 0.386 -0.960
0.003 0.437 -0.986
-0.000 0.472 -0.999
-0.010 0.498 -1.006
-0.012 0.533 -1.020
-0.011 0.559 -1.031
-0.008 0.585 -1.041
-0.037 0.680 -1.063
-0.047 0.696 -1.037
-0.477 0.655 -1.079
-0.091 0.797 -1.133
-0.030 0.834 -1.088
-0.011 0.780 -1.125
-0.113 0.809 -1.130
-0.156 0.846 -1.115
-0.101 0.841 -1.092
-0.068 0.853 -1.069
-0.052 0.830 -1.091
-0.019 0.812 -1.105
-0.087 0.814 -1.104
-0.062 0.051 -0.911
-0.071 0.071 -0.932
-0.024 0.532 -1.176
-0.096 0.773 -1.189
-0.008 0.075 -0.871
-0.063 0.155 -0.981
-0.021 0.724 -1.070
-0.051 0.056 -0.902
-0.027 0.712 -1.245
0.011 0.760 -1.103
0.010 0.702 -1.094
-0.050 0.294 -1.056
-0.055 0.224 -1.019
-0.035 0.440 -1.134
-0.047 0.133 -0.938
-0.037 0.181 -0.952
-0.033 0.782 -1.148
-0.032 0.284 -1.008
-0.033 0.331 -1.036
-0.004 0.311 -0.976
0.007 0.372 -0.974
0.001 0.473 -1.038
-0.009 0.618 -1.053
-0.011 0.619 -1.170
-0.010 0.645 -1.215
-0.008 0.728 -1.184
-0.053 0.753 -1.196
-0.069 0.786 -1.153
-0.011 0.368 -1.015
-0.001 0.263 -0.950
0.002 0.425 -1.015
-0.007 0.513 -1.079
-0.038 0.101 -0.908
-0.034 0.227 -0.977
-0.025 0.413 -1.068
-0.015 0.578 -1.138
0.004 0.540 -1.049
-0.043 0.358 -1.086
-0.002 0.167 -0.905
0.002 0.569 -1.082
-0.024 0.506 -1.129
-0.004 0.659 -1.068
-0.024 0.460 -1.093
0.007 0.729 -1.128
-0.004 0.666 -1.147
-0.001 0.220 -0.931
0.006 0.629 -1.091
-0.379 0.726 -1.193
-0.371 0.766 -1.140
-0.371 0.736 -1.179
-0.384 0.721 -1.201
-0.472 0.755 -1.107
-0.446 0.809 -1.133
-0.351 0.865 -1.105
-0.377 0.798 -1.089
-0.400 0.839 -1.115
-0.466 0.768 -1.142
-0.437 0.770 -1.159
-0.406 0.741 -1.186
-0.468 0.730 -1.167
-0.284 0.818 -0.990
-0.264 0.786 -0.982
-0.170 0.795 -0.969
-0.125 0.796 -0.966
-0.379 0.824 -1.036
-0.288 0.848 -1.131
-0.356 0.811 -1.025
-0.359 0.885 -1.067
-0.324 0.849 -1.116
-0.333 0.842 -1.021
-0.100 0.846 -1.076
-0.313 0.864 -1.063
-0.201 0.801 -0.973
-0.101 0.841 -1.023
-0.243 0.876 -1.075
-0.153 0.829 -1.001
-0.167 0.843 -1.036
-0.237 0.809 -0.980
-0.290 0.846 -1.026
-0.254 0.839 -1.055
-0.221 0.839 -1.010
-0.196 0.867 -1.078
-0.139 0.848 -1.096
-0.283 0.845 -1.085
-0.445 0.160 -0.763
-0.462 0.157 -0.832
-0.324 0.790 -1.004
-0.246 0.161 -0.784
-0.412 0.750 -1.026
-0.204 0.123 -0.773
-0.111 0.165 -0.811
-0.070 0.686 -0.982
-0.145 0.759 -0.962
-0.480 0.235 -0.896
-0.409 0.168 -0.747
-0.309 0.761 -0.995
-0.127 0.226 -0.825
-0.108 0.397 -0.916
-0.433 0.634 -1.030
-0.274 0.134 -0.767
-0.101 0.491 -0.954
-0.102 0.542 -0.936
-0.202 0.736 -0.965
-0.134 0.351 -0.858
-0.182 0.313 -0.839
-0.108 0.286 -0.854
-0.335 0.148 -0.781
-0.428 0.550 -0.938
-0.112 0.449 -0.914
-0.463 0.182 -0.845
-0.422 0.482 -0.901
-0.175 0.674 -0.978
-0.179 0.254 -0.817
-0.194 0.201 -0.798
-0.136 0.123 -0.789
-0.174 0.156 -0.789
-0.085 0.644 -0.963
-0.452 0.431 -0.904
-0.439 0.670 -1.012
-0.430 0.641 -0.981
-0.462 0.332 -0.887
-0.458 0.596 -0.987
-0.409 0.602 -0.959
-0.200 0.356 -0.863
-0.141 0.705 -0.969
-0.366 0.765 -1.024
-0.352 0.690 -1.012
-0.331 0.719 -1.009
-0.275 0.194 -0.804
-0.082 0.730 -0.974
-0.467 0.369 -0.914
-0.443 0.389 -0.875
-0.425 0.360 -0.843
-0.390 0.393 -0.863
-0.142 0.393 -0.871
-0.188 0.421 -0.892
-0.268 0.744 -0.979
-0.090 0.586 -0.952
-0.202 0.569 -0.969
-0.148 0.545 -0.937
-0.143 0.613 -0.969
-0.443 0.229 -0.794
-0.352 0.276 -0.838
-0.403 0.277 -0.798
-0.394 0.218 -0.776
-0.344 0.217 -0.811
-0.273 0.253 -0.833
-0.465 0.269 -0.875
-0.458 0.499 -0.943
-0.410 0.432 -0.875
-0.357 0.403 -0.900
-0.386 0.481 -0.909
-0.343 0.545 -0.969
-0.348 0.497 -0.947
-0.389 0.545 -0.937
-0.397 0.665 -0.987
-0.241 0.296 -0.846
-0.445 0.292 -0.828
-0.117 0.504 -0.917
-0.142 0.459 -0.896
-0.397 0.326 -0.825
-0.352 0.335 -0.870
-0.281 0.576 -0.985
-0.277 0.525 -0.966
-0.354 0.600 -0.989
-0.299 0.313 -0.859
-0.255 0.696 -0.984
-0.335 0.634 -0.999
-0.232 0.425 -0.899
-0.325 0.434 -0.920
-0.286 0.460 -0.934
-0.237 0.481 -0.933
-0.294 0.381 -0.893
-0.227 0.643 -0.987
-0.290 0.648 -0.998
-0.191 0.500 -0.934
-0.251 0.370 -0.878
-0.405 0.765 -1.041
-0.413 0.704 -1.004
