-0.504 0.092 -0.940
-0.504 0.132 -0.947
-0.499 0.167 -0.967
-0.500 0.202 -0.975
-0.496 0.222 -0.986
-0.498 0.285 -1.002
-0.479 0.299 -1.021
-0.496 0.455 -1.054
-0.490 0.552 -1.084
-0.444 0.516 -1.202
-0.430 0.388 -1.151
-0.428 0.066 -0.996
-0.429 0.266 -1.095
-0.428 0.665 -1.263
-0.473 0.701 -1.100
-0.479 0.704 -1.126
-0.426 0.114 -1.034
-0.435 0.448 -1.170
-0.442 0.519 -1.162
-0.483 0.588 -1.105
-0.493 0.123 -0.958
-0.469 0.697 -1.153
-0.431 0.191 -1.070
-0.446 0.229 -1.053
-0.429 0.322 -1.118
-0.458 0.432 -1.084
-0.443 0.593 -1.234
-0.450 0.601 -1.192
-0.446 0.693 -1.229
-0.483 0.645 -1.116
-0.450 0.124 -0.985
-0.438 0.162 -1.032
-0.459 0.242 -1.017
-0.460 0.189 -0.997
-0.453 0.306 -1.057
-0.439 0.373 -1.110
-0.442 0.438 -1.130
-0.456 0.578 -1.138
-0.462 0.351 -1.051
-0.460 0.509 -1.106
-0.457 0.660 -1.177
-0.055 0.714 -1.011
-0.062 0.678 -1.014
-0.070 0.644 -1.007
-0.077 0.596 -0.998
-0.095 0.529 -0.971
-0.092 0.436 -0.953
-0.094 0.315 -0.876
-0.091 0.237 -0.850
-0.055 0.099 -0.812
0.002 0.091 -0.835
-0.020 0.119 -0.831
-0.000 0.137 -0.854
0.001 0.187 -0.879
-0.001 0.287 -0.922
0.000 0.339 -0.947
-0.007 0.414 -0.973
-0.005 0.509 -1.017
-0.042 0.617 -1.048
-0.078 0.490 -0.987
-0.050 0.646 -1.051
-0.038 0.468 -0.994
-0.093 0.118 -0.810
-0.040 0.154 -0.844
-0.092 0.203 -0.839
-0.050 0.308 -0.923
-0.037 0.340 -0.941
-0.050 0.438 -0.980
-0.049 0.392 -0.959
-0.047 0.529 -1.017
-0.085 0.543 -0.996
-0.069 0.583 -1.024
-0.077 0.164 -0.841
-0.062 0.260 -0.894
-0.018 0.258 -0.900
-0.049 0.201 -0.868
-0.078 0.344 -0.906
-0.410 0.708 -1.085
-0.416 0.685 -1.055
-0.423 0.663 -1.050
-0.451 0.577 -1.012
-0.478 0.525 -0.991
-0.474 0.448 -0.964
-0.472 0.405 -0.946
-0.461 0.230 -0.855
-0.466 0.204 -0.858
-0.503 0.151 -0.954
-0.502 0.247 -0.988
-0.493 0.265 -1.002
-0.499 0.317 -1.010
-0.496 0.344 -1.023
-0.495 0.365 -1.030
-0.498 0.385 -1.034
-0.499 0.403 -1.037
-0.495 0.422 -1.045
-0.484 0.479 -1.072
-0.487 0.509 -1.078
-0.495 0.525 -1.064
-0.488 0.594 -1.086
-0.480 0.629 -1.081
-0.437 0.706 -1.091
-0.489 0.508 -1.041
-0.424 0.694 -1.084
-0.472 0.125 -0.847
-0.478 0.168 -0.879
-0.495 0.233 -0.942
-0.463 0.550 -1.023
-0.470 0.593 -1.046
-0.484 0.116 -0.880
-0.492 0.326 -0.964
-0.472 0.292 -0.915
-0.496 0.366 -0.985
-0.441 0.614 -1.042
-0.481 0.480 -0.985
-0.491 0.417 -0.987
-0.497 0.149 -0.921
-0.496 0.277 -0.962
-0.498 0.453 -1.029
-0.489 0.199 -0.915
-0.441 0.659 -1.071
0.002 0.111 -0.870
0.002 0.162 -0.868
0.001 0.208 -0.886
0.001 0.232 -0.899
0.001 0.256 -0.910
-0.001 0.312 -0.934
-0.003 0.384 -0.963
-0.002 0.435 -0.989
-0.004 0.470 -1.001
-0.014 0.497 -1.008
-0.016 0.532 -1.022
-0.014 0.558 -1.032
-0.011 0.583 -1.042
-0.039 0.680 -1.062
-0.047 0.696 -1.036
-0.474 0.653 -1.081
-0.091 0.797 -1.133
-0.029 0.834 -1.090
-0.012 0.780 -1.127
-0.113 0.809 -1.129
-0.156 0.846 -1.115
-0.101 0.841 -1.092
-0.067 0.853 -1.070
-0.051 0.830 -1.093
-0.019 0.812 -1.107
-0.087 0.814 -1.105
-0.073 0.051 -0.911
-0.083 0.071 -0.931
-0.039 0.532 -1.176
-0.100 0.775 -1.187
-0.016 0.073 -0.874
-0.075 0.156 -0.980
-0.021 0.724 -1.070
-0.062 0.056 -0.902
-0.040 0.712 -1.245
0.009 0.758 -1.106
0.007 0.701 -1.097
-0.064 0.294 -1.055
-0.068 0.224 -1.018
-0.050 0.440 -1.133
-0.057 0.132 -0.938
-0.047 0.180 -0.953
-0.035 0.782 -1.150
-0.043 0.284 -1.008
-0.044 0.330 -1.036
-0.012 0.309 -0.978
0.001 0.370 -0.977
-0.005 0.472 -1.040
-0.012 0.617 -1.054
-0.023 0.618 -1.171
-0.024 0.644 -1.216
-0.016 0.727 -1.187
-0.059 0.754 -1.196
-0.071 0.787 -1.154
-0.019 0.367 -1.016
-0.008 0.261 -0.953
-0.005 0.424 -1.018
-0.016 0.512 -1.080
-0.048 0.100 -0.910
-0.044 0.226 -0.978
-0.036 0.412 -1.068
-0.025 0.577 -1.139
-0.001 0.538 -1.051
-0.057 0.358 -1.085
-0.010 0.165 -0.908
-0.005 0.568 -1.084
-0.036 0.506 -1.129
-0.007 0.658 -1.070
-0.035 0.460 -1.093
0.003 0.727 -1.131
-0.012 0.665 -1.149
-0.009 0.218 -0.933
0.001 0.628 -1.093
-0.373 0.730 -1.194
-0.371 0.766 -1.140
-0.366 0.739 -1.179
-0.378 0.725 -1.202
-0.470 0.753 -1.108
-0.443 0.808 -1.132
-0.350 0.865 -1.105
-0.377 0.797 -1.089
-0.400 0.839 -1.114
-0.461 0.766 -1.143
-0.434 0.772 -1.162
-0.401 0.744 -1.188
-0.459 0.728 -1.168
-0.284 0.818 -0.989
-0.263 0.787 -0.981
-0.169 0.796 -0.969
-0.124 0.797 -0.966
-0.378 0.824 -1.035
-0.288 0.848 -1.131
-0.355 0.812 -1.025
-0.359 0.885 -1.067
-0.324 0.849 -1.116
-0.332 0.842 -1.021
-0.099 0.846 -1.077
-0.312 0.864 -1.063
-0.201 0.801 -0.973
-0.101 0.841 -1.024
-0.243 0.876 -1.075
-0.152 0.829 -1.001
-0.166 0.844 -1.036
-0.237 0.810 -0.980
-0.290 0.846 -1.026
-0.254 0.838 -1.055
-0.220 0.839 -1.010
-0.196 0.867 -1.078
-0.139 0.848 -1.096
-0.283 0.845 -1.085
-0.446 0.163 -0.756
-0.461 0.159 -0.825
-0.324 0.790 -1.003
-0.248 0.163 -0.779
-0.412 0.750 -1.026
-0.206 0.124 -0.770
-0.114 0.165 -0.810
-0.069 0.686 -0.981
-0.145 0.760 -0.961
-0.477 0.235 -0.892
-0.411 0.172 -0.740
-0.309 0.762 -0.994
-0.129 0.226 -0.823
-0.110 0.398 -0.913
-0.432 0.634 -1.030
-0.276 0.136 -0.761
-0.103 0.492 -0.951
-0.102 0.543 -0.932
-0.201 0.737 -0.964
-0.135 0.352 -0.855
-0.183 0.314 -0.833
-0.110 0.286 -0.852
-0.337 0.152 -0.773
-0.429 0.550 -0.937
-0.113 0.450 -0.911
-0.462 0.184 -0.838
-0.422 0.483 -0.899
-0.175 0.675 -0.976
-0.181 0.255 -0.813
-0.195 0.202 -0.794
-0.138 0.123 -0.787
-0.175 0.157 -0.786
-0.084 0.645 -0.960
-0.452 0.432 -0.902
-0.438 0.670 -1.012
-0.429 0.641 -0.981
-0.461 0.333 -0.884
-0.457 0.595 -0.987
-0.409 0.603 -0.958
-0.201 0.359 -0.853
-0.140 0.706 -0.968
-0.366 0.765 -1.024
-0.351 0.691 -1.010
-0.330 0.720 -1.007
-0.277 0.196 -0.798
-0.081 0.731 -0.973
-0.466 0.370 -0.911
-0.443 0.391 -0.872
-0.426 0.362 -0.839
-0.391 0.395 -0.859
-0.142 0.394 -0.867
-0.189 0.424 -0.882
-0.267 0.745 -0.977
-0.089 0.587 -0.949
-0.201 0.570 -0.964
-0.148 0.546 -0.932
-0.143 0.614 -0.966
-0.444 0.232 -0.788
-0.354 0.278 -0.832
-0.404 0.280 -0.792
-0.395 0.221 -0.769
-0.346 0.219 -0.804
-0.275 0.256 -0.824
-0.463 0.271 -0.871
-0.457 0.499 -0.942
-0.410 0.434 -0.872
-0.357 0.405 -0.896
-0.386 0.482 -0.906
-0.342 0.546 -0.966
-0.348 0.498 -0.944
-0.390 0.545 -0.935
-0.397 0.665 -0.986
-0.242 0.299 -0.836
-0.446 0.294 -0.824
-0.117 0.505 -0.913
-0.142 0.460 -0.891
-0.399 0.328 -0.820
-0.353 0.337 -0.864
-0.280 0.577 -0.982
-0.276 0.526 -0.961
-0.354 0.601 -0.986
-0.300 0.315 -0.853
-0.254 0.696 -0.982
-0.334 0.635 -0.997
-0.232 0.427 -0.894
-0.325 0.435 -0.916
-0.286 0.461 -0.929
-0.237 0.483 -0.928
-0.294 0.382 -0.888
-0.226 0.643 -0.984
-0.289 0.649 -0.995
-0.190 0.502 -0.929
-0.252 0.372 -0.871
-0.404 0.765 -1.041
-0.413 0.704 -1.004
