-0.495 0.090 -0.940
-0.495 0.129 -0.947
-0.489 0.165 -0.967
-0.491 0.199 -0.976
-0.486 0.220 -0.987
-0.489 0.283 -1.004
-0.469 0.297 -1.021
-0.487 0.452 -1.057
-0.482 0.549 -1.087
-0.428 0.515 -1.202
-0.415 0.386 -1.149
-0.415 0.065 -0.992
-0.414 0.264 -1.092
-0.415 0.665 -1.263
-0.471 0.698 -1.102
-0.475 0.701 -1.129
-0.412 0.113 -1.029
-0.419 0.446 -1.169
-0.429 0.518 -1.162
-0.475 0.586 -1.108
-0.484 0.121 -0.958
-0.462 0.695 -1.155
-0.416 0.190 -1.067
-0.433 0.227 -1.051
-0.414 0.320 -1.115
-0.447 0.430 -1.085
-0.428 0.592 -1.235
-0.438 0.600 -1.193
-0.436 0.692 -1.230
-0.477 0.642 -1.119
-0.439 0.123 -0.982
-0.425 0.161 -1.029
-0.448 0.241 -1.016
-0.449 0.188 -0.995
-0.441 0.304 -1.056
-0.426 0.371 -1.108
-0.429 0.436 -1.129
-0.446 0.576 -1.139
-0.452 0.349 -1.051
-0.450 0.507 -1.107
-0.448 0.658 -1.179
-0.053 0.714 -1.009
-0.061 0.678 -1.013
-0.068 0.644 -1.005
-0.076 0.596 -0.996
-0.095 0.529 -0.969
-0.094 0.436 -0.952
-0.096 0.313 -0.878
-0.094 0.234 -0.854
-0.059 0.095 -0.820
-0.003 0.086 -0.845
-0.025 0.115 -0.841
-0.005 0.133 -0.864
-0.004 0.183 -0.889
-0.006 0.283 -0.930
-0.005 0.335 -0.954
-0.011 0.411 -0.978
-0.009 0.507 -1.021
-0.044 0.617 -1.048
-0.080 0.490 -0.986
-0.052 0.646 -1.050
-0.042 0.466 -0.996
-0.096 0.114 -0.816
-0.044 0.150 -0.852
-0.095 0.200 -0.844
-0.054 0.306 -0.928
-0.042 0.338 -0.945
-0.054 0.437 -0.982
-0.053 0.390 -0.962
-0.051 0.528 -1.018
-0.086 0.543 -0.994
-0.071 0.584 -1.022
-0.081 0.160 -0.847
-0.066 0.257 -0.899
-0.022 0.254 -0.907
-0.054 0.197 -0.875
-0.080 0.342 -0.909
-0.409 0.707 -1.085
-0.414 0.684 -1.056
-0.421 0.663 -1.051
-0.448 0.575 -1.013
-0.474 0.523 -0.993
-0.470 0.446 -0.965
-0.468 0.403 -0.947
-0.459 0.229 -0.854
-0.463 0.203 -0.857
-0.494 0.148 -0.955
-0.493 0.244 -0.990
-0.483 0.262 -1.003
-0.490 0.314 -1.012
-0.487 0.341 -1.025
-0.486 0.362 -1.032
-0.489 0.383 -1.036
-0.490 0.401 -1.039
-0.486 0.419 -1.048
-0.475 0.477 -1.074
-0.478 0.506 -1.081
-0.488 0.522 -1.068
-0.481 0.591 -1.089
-0.476 0.627 -1.084
-0.436 0.705 -1.092
-0.483 0.506 -1.044
-0.422 0.693 -1.084
-0.468 0.124 -0.846
-0.473 0.167 -0.879
-0.489 0.231 -0.943
-0.458 0.548 -1.025
-0.466 0.591 -1.049
-0.479 0.114 -0.880
-0.485 0.324 -0.965
-0.468 0.290 -0.915
-0.490 0.363 -0.987
-0.438 0.613 -1.043
-0.477 0.478 -0.987
-0.485 0.415 -0.990
-0.490 0.147 -0.921
-0.489 0.275 -0.963
-0.490 0.450 -1.032
-0.483 0.198 -0.916
-0.439 0.657 -1.072
-0.004 0.106 -0.880
-0.003 0.158 -0.878
-0.004 0.204 -0.895
-0.004 0.228 -0.908
-0.005 0.252 -0.918
-0.006 0.309 -0.941
-0.008 0.381 -0.969
-0.006 0.432 -0.994
-0.009 0.468 -1.006
-0.018 0.495 -1.011
-0.019 0.530 -1.025
-0.018 0.556 -1.035
-0.014 0.582 -1.045
-0.040 0.680 -1.062
-0.046 0.696 -1.035
-0.471 0.650 -1.084
-0.092 0.797 -1.133
-0.029 0.834 -1.093
-0.014 0.779 -1.131
-0.113 0.809 -1.129
-0.156 0.846 -1.115
-0.101 0.842 -1.093
-0.066 0.853 -1.071
-0.050 0.830 -1.095
-0.019 0.812 -1.110
-0.086 0.814 -1.105
-0.083 0.049 -0.917
-0.094 0.070 -0.936
-0.054 0.533 -1.176
-0.105 0.776 -1.185
-0.023 0.069 -0.884
-0.088 0.155 -0.984
-0.021 0.724 -1.070
-0.071 0.054 -0.909
-0.053 0.712 -1.245
0.007 0.757 -1.110
0.003 0.700 -1.100
-0.078 0.295 -1.057
-0.082 0.224 -1.021
-0.065 0.441 -1.134
-0.067 0.130 -0.944
-0.057 0.178 -0.959
-0.038 0.782 -1.153
-0.054 0.283 -1.012
-0.056 0.330 -1.039
-0.020 0.307 -0.985
-0.005 0.367 -0.983
-0.013 0.470 -1.044
-0.015 0.616 -1.056
-0.034 0.618 -1.172
-0.037 0.644 -1.217
-0.023 0.726 -1.189
-0.066 0.754 -1.197
-0.073 0.787 -1.155
-0.028 0.365 -1.021
-0.016 0.258 -0.960
-0.012 0.422 -1.023
-0.025 0.511 -1.083
-0.057 0.098 -0.917
-0.055 0.225 -0.983
-0.047 0.412 -1.070
-0.036 0.577 -1.140
-0.007 0.536 -1.055
-0.072 0.359 -1.087
-0.017 0.162 -0.917
-0.012 0.566 -1.087
-0.048 0.506 -1.131
-0.010 0.657 -1.072
-0.047 0.460 -1.095
-0.002 0.726 -1.134
-0.020 0.664 -1.151
-0.017 0.215 -0.941
-0.005 0.626 -1.096
-0.367 0.733 -1.194
-0.371 0.766 -1.140
-0.362 0.742 -1.179
-0.371 0.728 -1.203
-0.468 0.751 -1.110
-0.441 0.806 -1.133
-0.350 0.865 -1.104
-0.377 0.797 -1.088
-0.399 0.839 -1.115
-0.457 0.764 -1.145
-0.430 0.773 -1.165
-0.396 0.747 -1.190
-0.452 0.726 -1.169
-0.283 0.818 -0.989
-0.262 0.786 -0.981
-0.168 0.796 -0.970
-0.123 0.797 -0.967
-0.378 0.823 -1.035
-0.288 0.848 -1.130
-0.354 0.811 -1.024
-0.359 0.884 -1.066
-0.324 0.849 -1.116
-0.332 0.841 -1.020
-0.099 0.847 -1.078
-0.312 0.864 -1.062
-0.200 0.801 -0.973
-0.100 0.842 -1.025
-0.243 0.876 -1.075
-0.151 0.830 -1.001
-0.166 0.844 -1.037
-0.236 0.810 -0.980
-0.289 0.845 -1.026
-0.254 0.838 -1.055
-0.220 0.839 -1.010
-0.196 0.867 -1.078
-0.139 0.849 -1.097
-0.283 0.845 -1.085
-0.447 0.163 -0.755
-0.459 0.158 -0.824
-0.323 0.790 -1.003
-0.248 0.161 -0.779
-0.410 0.749 -1.026
-0.208 0.121 -0.772
-0.116 0.161 -0.814
-0.067 0.686 -0.979
-0.143 0.760 -0.961
-0.473 0.234 -0.892
-0.412 0.172 -0.738
-0.308 0.761 -0.994
-0.130 0.224 -0.825
-0.111 0.397 -0.912
-0.430 0.633 -1.031
-0.277 0.134 -0.761
-0.103 0.492 -0.948
-0.100 0.542 -0.930
-0.199 0.737 -0.964
-0.134 0.350 -0.854
-0.182 0.313 -0.831
-0.111 0.284 -0.854
-0.337 0.152 -0.771
-0.427 0.549 -0.938
-0.112 0.449 -0.909
-0.459 0.184 -0.838
-0.422 0.483 -0.899
-0.173 0.675 -0.974
-0.180 0.254 -0.812
-0.196 0.200 -0.795
-0.140 0.120 -0.791
-0.177 0.154 -0.788
-0.083 0.645 -0.958
-0.450 0.431 -0.903
-0.437 0.669 -1.013
-0.428 0.639 -0.982
-0.459 0.332 -0.884
-0.455 0.593 -0.989
-0.408 0.602 -0.958
-0.200 0.359 -0.849
-0.139 0.706 -0.966
-0.365 0.764 -1.023
-0.350 0.690 -1.010
-0.329 0.719 -1.007
-0.277 0.195 -0.797
-0.080 0.731 -0.971
-0.463 0.368 -0.912
-0.442 0.390 -0.872
-0.426 0.362 -0.838
-0.391 0.395 -0.857
-0.141 0.393 -0.865
-0.188 0.424 -0.878
-0.266 0.745 -0.977
-0.087 0.586 -0.947
-0.200 0.570 -0.961
-0.146 0.546 -0.928
-0.141 0.614 -0.962
-0.444 0.232 -0.787
-0.354 0.278 -0.829
-0.405 0.280 -0.791
-0.396 0.221 -0.767
-0.346 0.219 -0.802
-0.275 0.256 -0.821
-0.461 0.270 -0.871
-0.455 0.498 -0.943
-0.410 0.434 -0.871
-0.356 0.405 -0.893
-0.385 0.481 -0.905
-0.341 0.545 -0.964
-0.346 0.497 -0.942
-0.388 0.545 -0.934
-0.395 0.664 -0.987
-0.242 0.300 -0.831
-0.445 0.294 -0.823
-0.115 0.505 -0.910
-0.140 0.460 -0.887
-0.399 0.328 -0.818
-0.352 0.337 -0.862
-0.278 0.576 -0.979
-0.275 0.525 -0.958
-0.352 0.600 -0.985
-0.300 0.316 -0.849
-0.253 0.696 -0.981
-0.332 0.634 -0.996
-0.231 0.427 -0.889
-0.323 0.435 -0.913
-0.284 0.461 -0.926
-0.236 0.483 -0.923
-0.293 0.382 -0.883
-0.224 0.643 -0.982
-0.287 0.648 -0.994
-0.189 0.502 -0.924
-0.251 0.373 -0.867
-0.403 0.764 -1.041
-0.411 0.703 -1.004
