-0.484 0.086 -0.947
-0.484 0.126 -0.954
-0.478 0.162 -0.973
-0.480 0.196 -0.982
-0.475 0.217 -0.992
-0.478 0.279 -1.009
-0.458 0.295 -1.025
-0.478 0.449 -1.061
-0.474 0.546 -1.091
-0.413 0.514 -1.203
-0.398 0.386 -1.149
-0.401 0.064 -0.994
-0.398 0.263 -1.093
-0.402 0.665 -1.263
-0.468 0.696 -1.105
-0.470 0.699 -1.133
-0.396 0.112 -1.031
-0.403 0.446 -1.170
-0.416 0.517 -1.163
-0.467 0.583 -1.112
-0.472 0.117 -0.964
-0.455 0.693 -1.157
-0.399 0.188 -1.068
-0.418 0.226 -1.053
-0.397 0.319 -1.116
-0.436 0.428 -1.087
-0.413 0.592 -1.235
-0.426 0.599 -1.195
-0.426 0.691 -1.231
-0.471 0.640 -1.122
-0.426 0.121 -0.986
-0.410 0.159 -1.031
-0.436 0.238 -1.020
-0.437 0.185 -0.999
-0.428 0.302 -1.058
-0.411 0.370 -1.110
-0.415 0.435 -1.130
-0.436 0.574 -1.141
-0.440 0.346 -1.054
-0.440 0.505 -1.109
-0.439 0.657 -1.180
-0.051 0.713 -1.007
-0.060 0.677 -1.011
-0.067 0.643 -1.003
-0.076 0.596 -0.995
-0.095 0.528 -0.968
-0.095 0.435 -0.953
-0.097 0.309 -0.883
-0.095 0.230 -0.862
-0.062 0.089 -0.834
-0.008 0.079 -0.862
-0.029 0.108 -0.856
-0.010 0.126 -0.879
-0.009 0.177 -0.903
-0.011 0.279 -0.941
-0.010 0.331 -0.964
-0.016 0.408 -0.986
-0.013 0.505 -1.026
-0.047 0.617 -1.049
-0.082 0.489 -0.987
-0.053 0.646 -1.050
-0.045 0.464 -1.000
-0.099 0.109 -0.827
-0.048 0.144 -0.865
-0.097 0.195 -0.852
-0.058 0.302 -0.936
-0.046 0.335 -0.953
-0.057 0.435 -0.986
-0.056 0.388 -0.967
-0.053 0.527 -1.020
-0.087 0.543 -0.993
-0.072 0.583 -1.022
-0.084 0.155 -0.857
-0.070 0.253 -0.907
-0.027 0.249 -0.918
-0.057 0.192 -0.886
-0.082 0.339 -0.914
-0.409 0.707 -1.085
-0.413 0.683 -1.056
-0.419 0.661 -1.052
-0.444 0.573 -1.016
-0.469 0.519 -0.997
-0.465 0.443 -0.969
-0.463 0.400 -0.951
-0.455 0.226 -0.858
-0.458 0.199 -0.862
-0.483 0.145 -0.961
-0.482 0.241 -0.995
-0.472 0.259 -1.008
-0.479 0.311 -1.018
-0.476 0.338 -1.030
-0.475 0.359 -1.037
-0.479 0.379 -1.041
-0.480 0.397 -1.044
-0.476 0.416 -1.052
-0.465 0.474 -1.078
-0.469 0.503 -1.085
-0.480 0.519 -1.072
-0.475 0.588 -1.093
-0.471 0.624 -1.088
-0.435 0.703 -1.093
-0.476 0.503 -1.048
-0.421 0.692 -1.085
-0.463 0.121 -0.851
-0.467 0.163 -0.884
-0.480 0.228 -0.948
-0.453 0.545 -1.028
-0.461 0.588 -1.052
-0.472 0.111 -0.886
-0.478 0.321 -0.970
-0.462 0.287 -0.920
-0.481 0.360 -0.992
-0.434 0.611 -1.046
-0.471 0.475 -0.991
-0.478 0.411 -0.994
-0.481 0.144 -0.927
-0.480 0.271 -0.969
-0.482 0.447 -1.037
-0.476 0.194 -0.921
-0.437 0.656 -1.074
-0.011 0.100 -0.897
-0.008 0.152 -0.893
-0.009 0.198 -0.909
-0.009 0.222 -0.921
-0.010 0.247 -0.931
-0.011 0.304 -0.952
-0.012 0.377 -0.977
-0.011 0.429 -1.002
-0.013 0.465 -1.012
-0.022 0.493 -1.016
-0.023 0.528 -1.029
-0.021 0.554 -1.039
-0.018 0.580 -1.049
-0.041 0.680 -1.061
-0.045 0.696 -1.034
-0.468 0.648 -1.087
-0.092 0.797 -1.133
-0.028 0.835 -1.097
-0.016 0.779 -1.134
-0.113 0.808 -1.129
-0.156 0.846 -1.115
-0.100 0.842 -1.094
-0.066 0.854 -1.073
-0.050 0.831 -1.097
-0.019 0.812 -1.114
-0.086 0.814 -1.105
-0.093 0.046 -0.930
-0.105 0.067 -0.948
-0.068 0.534 -1.177
-0.109 0.778 -1.184
-0.031 0.063 -0.900
-0.100 0.154 -0.993
-0.021 0.724 -1.070
-0.081 0.050 -0.923
-0.066 0.712 -1.245
0.004 0.755 -1.114
-0.001 0.699 -1.103
-0.092 0.295 -1.063
-0.095 0.224 -1.028
-0.080 0.443 -1.136
-0.077 0.128 -0.955
-0.067 0.176 -0.969
-0.040 0.782 -1.156
-0.065 0.282 -1.020
-0.067 0.329 -1.045
-0.028 0.304 -0.994
-0.011 0.364 -0.992
-0.020 0.468 -1.050
-0.018 0.615 -1.059
-0.045 0.619 -1.174
-0.049 0.644 -1.218
-0.031 0.725 -1.192
-0.072 0.755 -1.197
-0.075 0.788 -1.156
-0.037 0.363 -1.028
-0.024 0.255 -0.972
-0.020 0.419 -1.030
-0.033 0.510 -1.087
-0.066 0.094 -0.930
-0.065 0.223 -0.992
-0.059 0.412 -1.075
-0.046 0.577 -1.142
-0.012 0.535 -1.060
-0.086 0.360 -1.090
-0.024 0.157 -0.931
-0.019 0.566 -1.091
-0.061 0.507 -1.133
-0.013 0.655 -1.075
-0.058 0.460 -1.099
-0.007 0.725 -1.138
-0.028 0.664 -1.153
-0.024 0.211 -0.954
-0.011 0.625 -1.100
-0.362 0.736 -1.194
-0.371 0.766 -1.140
-0.358 0.744 -1.179
-0.365 0.731 -1.203
-0.467 0.748 -1.113
-0.438 0.804 -1.134
-0.350 0.865 -1.104
-0.377 0.797 -1.089
-0.398 0.839 -1.115
-0.452 0.762 -1.146
-0.427 0.774 -1.167
-0.391 0.749 -1.192
-0.444 0.724 -1.171
-0.282 0.816 -0.989
-0.260 0.785 -0.981
-0.166 0.795 -0.971
-0.121 0.796 -0.968
-0.377 0.821 -1.034
-0.288 0.848 -1.130
-0.353 0.809 -1.024
-0.359 0.883 -1.065
-0.324 0.849 -1.116
-0.331 0.840 -1.020
-0.098 0.847 -1.079
-0.312 0.863 -1.062
-0.198 0.800 -0.974
-0.099 0.842 -1.026
-0.243 0.876 -1.075
-0.150 0.829 -1.002
-0.165 0.844 -1.037
-0.234 0.808 -0.980
-0.288 0.845 -1.026
-0.253 0.838 -1.055
-0.219 0.838 -1.011
-0.196 0.867 -1.078
-0.138 0.849 -1.097
-0.283 0.845 -1.085
-0.446 0.159 -0.759
-0.455 0.155 -0.829
-0.321 0.788 -1.003
-0.248 0.157 -0.783
-0.409 0.747 -1.026
-0.208 0.117 -0.778
-0.117 0.156 -0.823
-0.065 0.685 -0.977
-0.142 0.759 -0.962
-0.467 0.231 -0.897
-0.412 0.169 -0.741
-0.306 0.760 -0.995
-0.131 0.219 -0.831
-0.111 0.395 -0.914
-0.427 0.631 -1.033
-0.276 0.130 -0.765
-0.103 0.490 -0.948
-0.098 0.541 -0.928
-0.197 0.736 -0.965
-0.133 0.347 -0.856
-0.181 0.310 -0.833
-0.111 0.280 -0.859
-0.337 0.149 -0.774
-0.426 0.547 -0.940
-0.111 0.447 -0.909
-0.455 0.180 -0.842
-0.420 0.480 -0.901
-0.171 0.674 -0.973
-0.179 0.250 -0.815
-0.195 0.196 -0.799
-0.142 0.114 -0.800
-0.177 0.149 -0.794
-0.080 0.644 -0.956
-0.448 0.428 -0.906
-0.435 0.666 -1.014
-0.426 0.637 -0.984
-0.456 0.329 -0.888
-0.452 0.591 -0.992
-0.406 0.599 -0.960
-0.199 0.357 -0.849
-0.137 0.705 -0.965
-0.363 0.762 -1.023
-0.348 0.688 -1.010
-0.327 0.717 -1.008
-0.277 0.192 -0.799
-0.078 0.730 -0.970
-0.459 0.365 -0.916
-0.440 0.387 -0.874
-0.425 0.359 -0.840
-0.390 0.393 -0.858
-0.139 0.390 -0.865
-0.186 0.423 -0.876
-0.264 0.743 -0.978
-0.085 0.585 -0.945
-0.197 0.569 -0.957
-0.144 0.545 -0.926
-0.139 0.613 -0.959
-0.443 0.228 -0.791
-0.353 0.276 -0.831
-0.404 0.277 -0.793
-0.395 0.218 -0.770
-0.345 0.217 -0.804
-0.274 0.254 -0.822
-0.457 0.266 -0.875
-0.452 0.495 -0.946
-0.409 0.431 -0.873
-0.354 0.403 -0.893
-0.384 0.479 -0.905
-0.338 0.544 -0.964
-0.344 0.496 -0.941
-0.387 0.543 -0.935
-0.393 0.662 -0.988
-0.241 0.297 -0.831
-0.444 0.290 -0.826
-0.113 0.503 -0.909
-0.138 0.457 -0.886
-0.398 0.326 -0.819
-0.351 0.335 -0.862
-0.276 0.575 -0.978
-0.272 0.524 -0.956
-0.350 0.598 -0.986
-0.298 0.314 -0.848
-0.251 0.695 -0.981
-0.330 0.632 -0.996
-0.229 0.426 -0.887
-0.321 0.434 -0.912
-0.282 0.460 -0.924
-0.234 0.482 -0.920
-0.291 0.381 -0.882
-0.222 0.642 -0.981
-0.285 0.646 -0.994
-0.187 0.502 -0.921
-0.249 0.371 -0.865
-0.402 0.762 -1.040
-0.409 0.701 -1.005
