-0.469 0.081 -0.959
-0.470 0.121 -0.966
-0.464 0.157 -0.984
-0.467 0.191 -0.992
-0.462 0.212 -1.002
-0.466 0.275 -1.018
-0.445 0.291 -1.033
-0.468 0.445 -1.068
-0.466 0.543 -1.096
-0.398 0.514 -1.205
-0.381 0.386 -1.152
-0.383 0.062 -1.002
-0.380 0.263 -1.098
-0.390 0.665 -1.263
-0.466 0.693 -1.109
-0.465 0.696 -1.137
-0.377 0.110 -1.038
-0.388 0.446 -1.172
-0.403 0.517 -1.165
-0.459 0.580 -1.116
-0.457 0.113 -0.975
-0.448 0.692 -1.160
-0.381 0.188 -1.074
-0.401 0.224 -1.060
-0.380 0.319 -1.120
-0.424 0.426 -1.091
-0.400 0.592 -1.237
-0.414 0.598 -1.196
-0.415 0.690 -1.233
-0.465 0.637 -1.127
-0.410 0.118 -0.994
-0.393 0.157 -1.038
-0.422 0.236 -1.027
-0.422 0.182 -1.007
-0.413 0.301 -1.064
-0.396 0.370 -1.113
-0.401 0.434 -1.133
-0.426 0.573 -1.144
-0.427 0.344 -1.060
-0.429 0.504 -1.113
-0.430 0.655 -1.183
-0.049 0.712 -1.006
-0.058 0.676 -1.010
-0.066 0.642 -1.003
-0.076 0.594 -0.995
-0.094 0.526 -0.969
-0.096 0.432 -0.957
-0.097 0.304 -0.891
-0.096 0.224 -0.873
-0.065 0.081 -0.852
-0.014 0.071 -0.884
-0.033 0.101 -0.875
-0.015 0.119 -0.900
-0.014 0.171 -0.921
-0.016 0.273 -0.956
-0.014 0.327 -0.976
-0.019 0.404 -0.995
-0.017 0.503 -1.033
-0.049 0.616 -1.050
-0.083 0.487 -0.989
-0.054 0.646 -1.050
-0.048 0.462 -1.006
-0.101 0.102 -0.842
-0.052 0.137 -0.882
-0.098 0.189 -0.865
-0.062 0.298 -0.946
-0.050 0.331 -0.963
-0.060 0.433 -0.991
-0.059 0.385 -0.975
-0.056 0.526 -1.023
-0.087 0.542 -0.994
-0.073 0.583 -1.022
-0.086 0.149 -0.872
-0.073 0.248 -0.919
-0.031 0.243 -0.933
-0.061 0.187 -0.901
-0.083 0.335 -0.922
-0.409 0.707 -1.085
-0.411 0.682 -1.058
-0.417 0.660 -1.054
-0.440 0.570 -1.020
-0.465 0.515 -1.003
-0.461 0.438 -0.975
-0.458 0.396 -0.958
-0.449 0.220 -0.867
-0.452 0.194 -0.871
-0.469 0.140 -0.972
-0.469 0.236 -1.005
-0.459 0.256 -1.017
-0.467 0.307 -1.026
-0.464 0.334 -1.038
-0.464 0.356 -1.044
-0.467 0.376 -1.048
-0.469 0.394 -1.052
-0.465 0.413 -1.059
-0.455 0.471 -1.084
-0.460 0.500 -1.090
-0.472 0.515 -1.078
-0.468 0.585 -1.098
-0.466 0.621 -1.092
-0.434 0.702 -1.095
-0.468 0.499 -1.054
-0.420 0.692 -1.086
-0.455 0.115 -0.862
-0.458 0.158 -0.895
-0.470 0.223 -0.958
-0.448 0.542 -1.033
-0.456 0.585 -1.056
-0.461 0.105 -0.897
-0.468 0.316 -0.979
-0.454 0.282 -0.928
-0.472 0.355 -1.000
-0.431 0.609 -1.049
-0.467 0.471 -0.997
-0.470 0.407 -1.002
-0.469 0.138 -0.939
-0.470 0.267 -0.978
-0.474 0.443 -1.043
-0.466 0.189 -0.932
-0.434 0.654 -1.077
-0.018 0.094 -0.918
-0.013 0.145 -0.913
-0.013 0.192 -0.927
-0.014 0.216 -0.937
-0.015 0.242 -0.946
-0.015 0.299 -0.965
-0.016 0.373 -0.988
-0.015 0.426 -1.011
-0.017 0.462 -1.020
-0.025 0.490 -1.023
-0.026 0.526 -1.034
-0.024 0.553 -1.043
-0.021 0.579 -1.053
-0.042 0.680 -1.061
-0.045 0.695 -1.033
-0.464 0.645 -1.091
-0.092 0.797 -1.133
-0.028 0.835 -1.101
-0.019 0.779 -1.138
-0.114 0.808 -1.128
-0.156 0.846 -1.115
-0.100 0.843 -1.095
-0.065 0.854 -1.075
-0.050 0.831 -1.100
-0.020 0.812 -1.118
-0.086 0.814 -1.105
-0.103 0.042 -0.947
-0.116 0.065 -0.964
-0.082 0.537 -1.178
-0.113 0.780 -1.182
-0.039 0.057 -0.921
-0.111 0.153 -1.006
-0.022 0.724 -1.071
-0.090 0.046 -0.941
-0.078 0.712 -1.245
0.000 0.755 -1.117
-0.006 0.698 -1.106
-0.105 0.297 -1.070
-0.107 0.224 -1.038
-0.094 0.446 -1.139
-0.087 0.125 -0.971
-0.076 0.173 -0.983
-0.043 0.783 -1.159
-0.075 0.281 -1.030
-0.078 0.330 -1.053
-0.036 0.301 -1.006
-0.017 0.360 -1.004
-0.026 0.467 -1.057
-0.021 0.614 -1.063
-0.055 0.620 -1.176
-0.062 0.645 -1.220
-0.038 0.725 -1.195
-0.079 0.756 -1.198
-0.077 0.788 -1.157
-0.046 0.362 -1.037
-0.031 0.251 -0.986
-0.026 0.417 -1.038
-0.041 0.510 -1.092
-0.075 0.090 -0.947
-0.075 0.221 -1.004
-0.069 0.413 -1.080
-0.056 0.578 -1.144
-0.018 0.533 -1.066
-0.099 0.363 -1.095
-0.032 0.152 -0.949
-0.026 0.565 -1.095
-0.073 0.509 -1.135
-0.017 0.655 -1.078
-0.069 0.462 -1.102
-0.013 0.724 -1.141
-0.036 0.664 -1.156
-0.032 0.206 -0.970
-0.017 0.625 -1.104
-0.356 0.738 -1.194
-0.371 0.766 -1.140
-0.354 0.746 -1.178
-0.358 0.734 -1.203
-0.464 0.746 -1.117
-0.436 0.803 -1.135
-0.349 0.865 -1.104
-0.377 0.797 -1.089
-0.397 0.839 -1.116
-0.447 0.760 -1.149
-0.423 0.774 -1.170
-0.385 0.751 -1.193
-0.436 0.723 -1.173
-0.280 0.814 -0.990
-0.259 0.783 -0.982
-0.165 0.793 -0.972
-0.120 0.795 -0.970
-0.376 0.819 -1.033
-0.288 0.848 -1.130
-0.352 0.807 -1.024
-0.359 0.881 -1.064
-0.324 0.849 -1.115
-0.330 0.838 -1.020
-0.097 0.848 -1.080
-0.312 0.863 -1.061
-0.196 0.798 -0.975
-0.098 0.842 -1.027
-0.243 0.876 -1.075
-0.149 0.828 -1.003
-0.164 0.844 -1.037
-0.233 0.807 -0.981
-0.288 0.844 -1.025
-0.253 0.838 -1.056
-0.218 0.837 -1.011
-0.196 0.867 -1.078
-0.138 0.849 -1.098
-0.283 0.845 -1.085
-0.444 0.153 -0.768
-0.449 0.149 -0.839
-0.320 0.786 -1.004
-0.247 0.151 -0.791
-0.407 0.745 -1.025
-0.207 0.110 -0.789
-0.117 0.150 -0.835
-0.063 0.684 -0.976
-0.140 0.757 -0.963
-0.459 0.225 -0.907
-0.411 0.163 -0.749
-0.304 0.757 -0.995
-0.130 0.213 -0.841
-0.111 0.392 -0.918
-0.425 0.629 -1.035
-0.275 0.124 -0.774
-0.102 0.488 -0.949
-0.096 0.538 -0.929
-0.196 0.734 -0.966
-0.131 0.341 -0.862
-0.179 0.305 -0.838
-0.111 0.274 -0.868
-0.336 0.143 -0.782
-0.424 0.543 -0.943
-0.109 0.443 -0.912
-0.449 0.174 -0.852
-0.419 0.476 -0.905
-0.169 0.672 -0.971
-0.178 0.244 -0.822
-0.194 0.190 -0.807
-0.142 0.107 -0.813
-0.176 0.143 -0.805
-0.078 0.642 -0.955
-0.445 0.423 -0.911
-0.433 0.663 -1.016
-0.424 0.633 -0.986
-0.451 0.323 -0.896
-0.450 0.587 -0.995
-0.404 0.596 -0.962
-0.196 0.352 -0.852
-0.135 0.703 -0.964
-0.362 0.760 -1.023
-0.346 0.685 -1.011
-0.325 0.715 -1.008
-0.275 0.187 -0.806
-0.076 0.728 -0.968
-0.454 0.360 -0.923
-0.438 0.382 -0.880
-0.423 0.354 -0.846
-0.388 0.389 -0.862
-0.137 0.385 -0.869
-0.183 0.419 -0.878
-0.262 0.741 -0.979
-0.083 0.583 -0.945
-0.195 0.567 -0.956
-0.141 0.542 -0.925
-0.137 0.611 -0.957
-0.441 0.222 -0.799
-0.351 0.271 -0.836
-0.403 0.272 -0.799
-0.394 0.213 -0.776
-0.344 0.212 -0.810
-0.272 0.249 -0.828
-0.451 0.261 -0.883
-0.448 0.490 -0.952
-0.408 0.427 -0.877
-0.352 0.400 -0.896
-0.382 0.476 -0.908
-0.336 0.541 -0.965
-0.342 0.493 -0.943
-0.385 0.539 -0.937
-0.391 0.659 -0.989
-0.239 0.292 -0.836
-0.442 0.285 -0.834
-0.111 0.500 -0.910
-0.135 0.453 -0.888
-0.397 0.321 -0.825
-0.349 0.331 -0.866
-0.273 0.573 -0.977
-0.270 0.522 -0.956
-0.347 0.595 -0.987
-0.296 0.310 -0.852
-0.249 0.693 -0.982
-0.328 0.630 -0.996
-0.227 0.422 -0.888
-0.319 0.431 -0.913
-0.280 0.457 -0.924
-0.231 0.480 -0.920
-0.289 0.378 -0.884
-0.220 0.640 -0.980
-0.283 0.644 -0.994
-0.185 0.499 -0.920
-0.247 0.367 -0.868
-0.401 0.760 -1.039
-0.408 0.698 -1.005
