-0.452 0.076 -0.976
-0.454 0.115 -0.981
-0.448 0.152 -0.999
-0.452 0.186 -1.006
-0.447 0.208 -1.015
-0.452 0.271 -1.030
-0.431 0.288 -1.043
-0.458 0.442 -1.076
-0.458 0.540 -1.103
-0.383 0.515 -1.208
-0.364 0.388 -1.156
-0.363 0.060 -1.014
-0.362 0.264 -1.105
-0.377 0.665 -1.263
-0.462 0.691 -1.114
-0.459 0.694 -1.141
-0.357 0.109 -1.049
-0.372 0.447 -1.176
-0.390 0.517 -1.168
-0.452 0.578 -1.122
-0.441 0.108 -0.990
-0.440 0.690 -1.163
-0.362 0.187 -1.083
-0.384 0.223 -1.069
-0.362 0.320 -1.125
-0.412 0.425 -1.097
-0.387 0.592 -1.238
-0.403 0.598 -1.199
-0.405 0.690 -1.234
-0.458 0.635 -1.132
-0.393 0.115 -1.007
-0.375 0.156 -1.049
-0.406 0.233 -1.037
-0.406 0.179 -1.019
-0.398 0.299 -1.072
-0.381 0.370 -1.119
-0.387 0.435 -1.138
-0.417 0.572 -1.147
-0.414 0.342 -1.068
-0.419 0.502 -1.118
-0.420 0.655 -1.185
-0.047 0.710 -1.005
-0.057 0.674 -1.009
-0.065 0.640 -1.003
-0.075 0.592 -0.996
-0.094 0.523 -0.971
-0.096 0.429 -0.963
-0.097 0.298 -0.902
-0.097 0.217 -0.887
-0.067 0.073 -0.874
-0.018 0.063 -0.909
-0.036 0.093 -0.898
-0.019 0.111 -0.922
-0.018 0.164 -0.942
-0.020 0.268 -0.972
-0.018 0.322 -0.990
-0.022 0.401 -1.006
-0.020 0.500 -1.040
-0.050 0.615 -1.052
-0.084 0.485 -0.993
-0.055 0.645 -1.050
-0.050 0.460 -1.013
-0.102 0.094 -0.861
-0.054 0.130 -0.902
-0.098 0.182 -0.880
-0.064 0.294 -0.959
-0.052 0.327 -0.975
-0.062 0.430 -0.999
-0.061 0.381 -0.984
-0.057 0.524 -1.027
-0.087 0.539 -0.996
-0.074 0.581 -1.023
-0.088 0.142 -0.889
-0.075 0.243 -0.933
-0.034 0.238 -0.949
-0.064 0.180 -0.918
-0.084 0.330 -0.932
-0.409 0.706 -1.086
-0.410 0.680 -1.059
-0.415 0.658 -1.057
-0.436 0.566 -1.025
-0.460 0.511 -1.010
-0.456 0.433 -0.984
-0.452 0.390 -0.967
-0.443 0.213 -0.880
-0.444 0.186 -0.885
-0.454 0.135 -0.988
-0.455 0.232 -1.018
-0.445 0.251 -1.029
-0.454 0.302 -1.038
-0.452 0.330 -1.049
-0.452 0.352 -1.054
-0.456 0.372 -1.058
-0.458 0.390 -1.061
-0.455 0.409 -1.068
-0.446 0.468 -1.091
-0.451 0.497 -1.097
-0.464 0.512 -1.085
-0.461 0.582 -1.104
-0.461 0.618 -1.098
-0.432 0.701 -1.097
-0.461 0.495 -1.062
-0.418 0.691 -1.088
-0.445 0.107 -0.877
-0.448 0.151 -0.909
-0.458 0.217 -0.972
-0.443 0.538 -1.039
-0.452 0.582 -1.062
-0.449 0.098 -0.913
-0.459 0.311 -0.990
-0.446 0.276 -0.939
-0.463 0.350 -1.011
-0.427 0.606 -1.053
-0.462 0.466 -1.005
-0.463 0.402 -1.011
-0.455 0.132 -0.954
-0.458 0.261 -0.991
-0.465 0.439 -1.052
-0.454 0.182 -0.946
-0.431 0.652 -1.080
-0.024 0.087 -0.941
-0.018 0.138 -0.935
-0.018 0.186 -0.947
-0.019 0.210 -0.956
-0.019 0.236 -0.964
-0.019 0.295 -0.980
-0.020 0.369 -1.000
-0.019 0.423 -1.021
-0.020 0.460 -1.029
-0.027 0.488 -1.030
-0.028 0.524 -1.040
-0.027 0.551 -1.049
-0.024 0.578 -1.058
-0.043 0.680 -1.061
-0.044 0.694 -1.033
-0.460 0.642 -1.096
-0.092 0.797 -1.133
-0.028 0.836 -1.105
-0.021 0.779 -1.142
-0.114 0.808 -1.128
-0.156 0.846 -1.115
-0.100 0.843 -1.096
-0.064 0.854 -1.076
-0.050 0.832 -1.103
-0.021 0.813 -1.123
-0.086 0.814 -1.106
-0.112 0.038 -0.968
-0.125 0.062 -0.983
-0.095 0.540 -1.179
-0.117 0.782 -1.180
-0.046 0.051 -0.945
-0.121 0.152 -1.021
-0.022 0.724 -1.071
-0.099 0.042 -0.963
-0.091 0.712 -1.245
-0.004 0.754 -1.121
-0.011 0.698 -1.109
-0.116 0.299 -1.078
-0.118 0.225 -1.050
-0.107 0.449 -1.141
-0.095 0.122 -0.989
-0.084 0.170 -1.000
-0.046 0.784 -1.163
-0.084 0.280 -1.041
-0.087 0.330 -1.062
-0.042 0.298 -1.020
-0.021 0.357 -1.016
-0.032 0.466 -1.065
-0.024 0.613 -1.067
-0.066 0.621 -1.177
-0.073 0.646 -1.220
-0.047 0.725 -1.197
-0.086 0.757 -1.199
-0.080 0.789 -1.158
-0.053 0.361 -1.047
-0.038 0.247 -1.002
-0.032 0.416 -1.048
-0.048 0.510 -1.097
-0.082 0.085 -0.968
-0.084 0.219 -1.018
-0.078 0.414 -1.086
-0.066 0.580 -1.146
-0.022 0.532 -1.072
-0.111 0.365 -1.101
-0.038 0.147 -0.970
-0.032 0.565 -1.100
-0.083 0.511 -1.137
-0.020 0.654 -1.081
-0.078 0.463 -1.106
-0.019 0.724 -1.144
-0.044 0.664 -1.158
-0.039 0.202 -0.988
-0.022 0.625 -1.107
-0.350 0.740 -1.192
-0.371 0.766 -1.140
-0.350 0.748 -1.176
-0.351 0.736 -1.202
-0.461 0.744 -1.122
-0.432 0.802 -1.137
-0.349 0.865 -1.103
-0.377 0.797 -1.089
-0.396 0.838 -1.117
-0.441 0.759 -1.152
-0.419 0.775 -1.173
-0.379 0.752 -1.195
-0.429 0.722 -1.175
-0.279 0.812 -0.991
-0.257 0.780 -0.983
-0.163 0.791 -0.975
-0.118 0.792 -0.973
-0.375 0.816 -1.032
-0.288 0.848 -1.130
-0.351 0.804 -1.023
-0.360 0.879 -1.063
-0.324 0.849 -1.115
-0.329 0.835 -1.020
-0.097 0.848 -1.081
-0.312 0.862 -1.061
-0.195 0.796 -0.977
-0.097 0.840 -1.029
-0.243 0.876 -1.075
-0.148 0.827 -1.005
-0.163 0.843 -1.038
-0.231 0.804 -0.983
-0.287 0.842 -1.025
-0.253 0.838 -1.056
-0.217 0.835 -1.012
-0.196 0.867 -1.078
-0.138 0.850 -1.098
-0.283 0.845 -1.085
-0.441 0.143 -0.782
-0.442 0.141 -0.853
-0.319 0.783 -1.004
-0.245 0.143 -0.804
-0.407 0.742 -1.024
-0.206 0.102 -0.804
-0.117 0.142 -0.851
-0.061 0.681 -0.975
-0.138 0.755 -0.965
-0.450 0.219 -0.920
-0.409 0.154 -0.761
-0.303 0.755 -0.996
-0.129 0.206 -0.854
-0.110 0.387 -0.925
-0.422 0.626 -1.038
-0.274 0.116 -0.787
-0.101 0.485 -0.953
-0.094 0.534 -0.931
-0.194 0.731 -0.967
-0.129 0.335 -0.870
-0.177 0.298 -0.846
-0.110 0.268 -0.879
-0.334 0.135 -0.794
-0.422 0.537 -0.948
-0.108 0.439 -0.916
-0.442 0.167 -0.865
-0.417 0.470 -0.911
-0.167 0.669 -0.971
-0.176 0.236 -0.833
-0.192 0.182 -0.819
-0.141 0.099 -0.829
-0.175 0.135 -0.819
-0.077 0.639 -0.955
-0.443 0.417 -0.919
-0.432 0.660 -1.018
-0.423 0.629 -0.989
-0.446 0.316 -0.906
-0.447 0.582 -1.000
-0.403 0.591 -0.966
-0.194 0.346 -0.859
-0.133 0.701 -0.964
-0.361 0.757 -1.022
-0.344 0.682 -1.012
-0.324 0.712 -1.008
-0.274 0.179 -0.817
-0.074 0.726 -0.967
-0.449 0.354 -0.933
-0.436 0.375 -0.889
-0.422 0.346 -0.854
-0.387 0.382 -0.869
-0.135 0.379 -0.875
-0.181 0.413 -0.883
-0.260 0.739 -0.980
-0.081 0.579 -0.946
-0.194 0.564 -0.956
-0.139 0.538 -0.926
-0.136 0.608 -0.957
-0.439 0.213 -0.812
-0.349 0.265 -0.845
-0.402 0.264 -0.809
-0.392 0.204 -0.787
-0.342 0.205 -0.820
-0.270 0.242 -0.837
-0.445 0.254 -0.895
-0.445 0.485 -0.959
-0.406 0.421 -0.884
-0.350 0.394 -0.902
-0.380 0.470 -0.913
-0.334 0.537 -0.968
-0.339 0.488 -0.947
-0.383 0.534 -0.941
-0.390 0.655 -0.991
-0.237 0.286 -0.844
-0.439 0.277 -0.845
-0.108 0.495 -0.913
-0.133 0.448 -0.892
-0.396 0.313 -0.833
-0.347 0.325 -0.873
-0.272 0.570 -0.978
-0.268 0.518 -0.958
-0.345 0.592 -0.989
-0.294 0.304 -0.860
-0.247 0.690 -0.982
-0.326 0.626 -0.998
-0.225 0.417 -0.893
-0.317 0.426 -0.918
-0.278 0.453 -0.928
-0.229 0.475 -0.923
-0.287 0.373 -0.890
-0.219 0.637 -0.979
-0.281 0.641 -0.994
-0.183 0.495 -0.922
-0.245 0.361 -0.874
-0.401 0.758 -1.038
-0.407 0.694 -1.006
