-0.454 0.044 -0.196
-0.456 0.084 -0.194
-0.450 0.123 -0.204
-0.453 0.158 -0.205
-0.449 0.181 -0.210
-0.454 0.246 -0.213
-0.433 0.265 -0.223
-0.458 0.423 -0.227
-0.452 0.525 -0.234
-0.392 0.512 -0.349
-0.369 0.380 -0.319
-0.364 0.035 -0.235
-0.364 0.251 -0.287
-0.403 0.664 -0.374
-0.428 0.677 -0.222
-0.430 0.682 -0.249
-0.358 0.090 -0.260
-0.379 0.441 -0.329
-0.393 0.507 -0.308
-0.443 0.565 -0.246
-0.442 0.078 -0.204
-0.413 0.677 -0.271
-0.363 0.173 -0.279
-0.386 0.205 -0.259
-0.365 0.310 -0.298
-0.413 0.408 -0.252
-0.410 0.591 -0.364
-0.402 0.590 -0.322
-0.408 0.683 -0.341
-0.440 0.623 -0.246
-0.394 0.088 -0.218
-0.376 0.136 -0.252
-0.408 0.210 -0.226
-0.408 0.153 -0.218
-0.400 0.280 -0.249
-0.383 0.357 -0.283
-0.390 0.423 -0.292
-0.411 0.559 -0.275
-0.415 0.322 -0.237
-0.418 0.487 -0.259
-0.403 0.643 -0.297
-0.046 0.684 -0.124
-0.053 0.649 -0.132
-0.060 0.615 -0.129
-0.069 0.567 -0.129
-0.082 0.494 -0.116
-0.078 0.400 -0.123
-0.078 0.260 -0.089
-0.075 0.178 -0.090
-0.037 0.035 -0.095
0.021 0.035 -0.115
-0.003 0.061 -0.106
0.018 0.085 -0.121
0.018 0.140 -0.132
0.013 0.247 -0.145
0.013 0.304 -0.155
0.003 0.383 -0.159
0.001 0.487 -0.177
-0.042 0.598 -0.179
-0.067 0.460 -0.143
-0.052 0.626 -0.175
-0.028 0.441 -0.160
-0.076 0.051 -0.089
-0.023 0.097 -0.110
-0.075 0.142 -0.090
-0.036 0.268 -0.138
-0.024 0.304 -0.146
-0.039 0.409 -0.154
-0.037 0.358 -0.147
-0.040 0.505 -0.167
-0.075 0.514 -0.137
-0.063 0.559 -0.157
-0.061 0.105 -0.105
-0.047 0.212 -0.125
-0.003 0.213 -0.132
-0.034 0.149 -0.119
-0.063 0.297 -0.110
-0.372 0.681 -0.187
-0.389 0.652 -0.167
-0.395 0.629 -0.168
-0.427 0.535 -0.154
-0.456 0.479 -0.149
-0.456 0.398 -0.137
-0.455 0.352 -0.129
-0.443 0.161 -0.077
-0.445 0.136 -0.086
-0.456 0.104 -0.197
-0.457 0.205 -0.209
-0.447 0.226 -0.215
-0.456 0.278 -0.214
-0.453 0.307 -0.220
-0.453 0.330 -0.222
-0.457 0.350 -0.222
-0.459 0.369 -0.222
-0.455 0.389 -0.225
-0.445 0.451 -0.237
-0.449 0.481 -0.237
-0.460 0.494 -0.223
-0.451 0.567 -0.228
-0.443 0.602 -0.215
-0.396 0.680 -0.203
-0.458 0.473 -0.203
-0.385 0.666 -0.194
-0.445 0.056 -0.094
-0.450 0.105 -0.117
-0.460 0.182 -0.166
-0.436 0.510 -0.172
-0.440 0.558 -0.187
-0.451 0.054 -0.130
-0.463 0.278 -0.167
-0.455 0.234 -0.122
-0.464 0.321 -0.180
-0.412 0.578 -0.174
-0.460 0.434 -0.153
-0.463 0.372 -0.170
-0.458 0.095 -0.165
-0.462 0.229 -0.176
-0.465 0.416 -0.204
-0.457 0.143 -0.147
-0.405 0.628 -0.195
0.022 0.064 -0.144
0.020 0.113 -0.128
0.017 0.162 -0.133
0.016 0.188 -0.139
0.016 0.214 -0.143
0.013 0.275 -0.149
0.008 0.352 -0.157
0.007 0.408 -0.169
0.004 0.445 -0.172
-0.006 0.473 -0.170
-0.010 0.510 -0.175
-0.010 0.538 -0.180
-0.009 0.566 -0.185
-0.047 0.662 -0.183
-0.047 0.672 -0.153
-0.436 0.626 -0.210
-0.116 0.809 -0.272
-0.051 0.830 -0.221
-0.042 0.773 -0.248
-0.139 0.818 -0.263
-0.157 0.847 -0.226
-0.112 0.839 -0.218
-0.073 0.841 -0.198
-0.070 0.830 -0.230
-0.042 0.807 -0.235
-0.111 0.822 -0.247
-0.045 0.013 -0.205
-0.056 0.038 -0.219
-0.043 0.539 -0.325
-0.123 0.779 -0.320
0.008 0.028 -0.160
-0.058 0.134 -0.237
-0.039 0.708 -0.187
-0.035 0.016 -0.195
-0.065 0.712 -0.356
-0.022 0.752 -0.223
-0.010 0.694 -0.219
-0.059 0.287 -0.266
-0.058 0.210 -0.252
-0.053 0.444 -0.303
-0.036 0.100 -0.205
-0.030 0.151 -0.204
-0.062 0.778 -0.273
-0.034 0.266 -0.225
-0.039 0.317 -0.239
-0.002 0.283 -0.192
0.011 0.342 -0.175
-0.003 0.456 -0.209
-0.014 0.601 -0.190
-0.030 0.620 -0.305
-0.030 0.651 -0.344
-0.042 0.725 -0.303
-0.085 0.753 -0.317
-0.096 0.790 -0.285
-0.013 0.348 -0.211
0.004 0.231 -0.182
0.000 0.404 -0.199
-0.018 0.503 -0.237
-0.024 0.062 -0.188
-0.032 0.202 -0.214
-0.036 0.404 -0.247
-0.030 0.576 -0.280
0.001 0.523 -0.205
-0.057 0.356 -0.277
0.009 0.126 -0.167
-0.008 0.558 -0.229
-0.039 0.506 -0.285
-0.014 0.645 -0.198
-0.037 0.455 -0.260
-0.023 0.723 -0.250
-0.024 0.662 -0.275
0.006 0.184 -0.175
-0.006 0.620 -0.227
-0.331 0.725 -0.353
-0.293 0.775 -0.318
-0.317 0.737 -0.347
-0.339 0.719 -0.356
-0.420 0.729 -0.231
-0.402 0.781 -0.261
-0.344 0.836 -0.222
-0.326 0.803 -0.283
-0.374 0.816 -0.256
-0.407 0.742 -0.267
-0.388 0.754 -0.299
-0.355 0.734 -0.332
-0.402 0.708 -0.286
-0.276 0.782 -0.125
-0.254 0.751 -0.121
-0.162 0.762 -0.117
-0.117 0.763 -0.115
-0.377 0.783 -0.146
-0.287 0.848 -0.242
-0.352 0.773 -0.142
-0.369 0.838 -0.184
-0.314 0.839 -0.238
-0.330 0.805 -0.143
-0.105 0.837 -0.201
-0.317 0.839 -0.178
-0.193 0.767 -0.120
-0.100 0.827 -0.151
-0.249 0.885 -0.204
-0.149 0.808 -0.131
-0.166 0.836 -0.158
-0.229 0.775 -0.124
-0.289 0.825 -0.145
-0.257 0.855 -0.166
-0.219 0.817 -0.142
-0.197 0.876 -0.199
-0.141 0.846 -0.211
-0.282 0.848 -0.199
-0.422 0.075 0.003
-0.440 0.085 -0.064
-0.317 0.752 -0.129
-0.226 0.084 -0.029
-0.406 0.711 -0.134
-0.185 0.045 -0.039
-0.096 0.096 -0.074
-0.060 0.654 -0.097
-0.137 0.726 -0.107
-0.452 0.174 -0.115
-0.386 0.081 0.019
-0.300 0.725 -0.121
-0.111 0.159 -0.065
-0.093 0.351 -0.096
-0.408 0.595 -0.157
-0.254 0.052 -0.023
-0.088 0.453 -0.105
-0.088 0.499 -0.075
-0.191 0.702 -0.109
-0.115 0.289 -0.054
-0.162 0.246 -0.041
-0.092 0.225 -0.074
-0.314 0.071 -0.023
-0.418 0.495 -0.084
-0.096 0.401 -0.078
-0.442 0.113 -0.071
-0.411 0.420 -0.063
-0.166 0.639 -0.097
-0.160 0.183 -0.041
-0.175 0.127 -0.039
-0.121 0.049 -0.065
-0.156 0.081 -0.048
-0.075 0.609 -0.082
-0.436 0.370 -0.079
-0.423 0.627 -0.138
-0.419 0.594 -0.110
-0.444 0.268 -0.084
-0.441 0.548 -0.129
-0.400 0.553 -0.090
-0.181 0.295 -0.044
-0.132 0.672 -0.093
-0.362 0.726 -0.135
-0.344 0.651 -0.125
-0.323 0.681 -0.125
-0.255 0.122 -0.028
-0.074 0.698 -0.087
-0.448 0.310 -0.103
-0.427 0.323 -0.059
-0.409 0.287 -0.033
-0.376 0.327 -0.041
-0.123 0.333 -0.051
-0.170 0.367 -0.054
-0.257 0.709 -0.114
-0.078 0.548 -0.082
-0.190 0.532 -0.085
-0.133 0.501 -0.068
-0.134 0.578 -0.079
-0.423 0.149 -0.013
-0.333 0.208 -0.044
-0.384 0.198 -0.007
-0.373 0.136 0.001
-0.324 0.144 -0.035
-0.254 0.188 -0.034
-0.446 0.204 -0.084
-0.441 0.444 -0.104
-0.397 0.366 -0.047
-0.339 0.348 -0.070
-0.374 0.423 -0.064
-0.329 0.502 -0.099
-0.332 0.450 -0.091
-0.379 0.492 -0.078
-0.388 0.621 -0.105
-0.222 0.232 -0.040
-0.426 0.217 -0.034
-0.101 0.456 -0.065
-0.123 0.404 -0.054
-0.381 0.251 -0.021
-0.333 0.274 -0.057
-0.271 0.541 -0.088
-0.265 0.487 -0.078
-0.342 0.560 -0.110
-0.281 0.253 -0.043
-0.245 0.660 -0.107
-0.324 0.596 -0.114
-0.214 0.372 -0.059
-0.308 0.384 -0.074
-0.271 0.416 -0.067
-0.222 0.436 -0.071
-0.277 0.328 -0.053
-0.218 0.607 -0.098
-0.282 0.613 -0.101
-0.176 0.456 -0.071
-0.233 0.313 -0.050
-0.401 0.727 -0.148
-0.406 0.662 -0.119
