-0.434 0.070 -0.996
-0.437 0.109 -1.000
-0.432 0.147 -1.016
-0.436 0.181 -1.023
-0.431 0.203 -1.032
-0.439 0.266 -1.045
-0.418 0.285 -1.056
-0.448 0.438 -1.086
-0.450 0.537 -1.111
-0.369 0.517 -1.211
-0.348 0.390 -1.161
-0.342 0.058 -1.029
-0.343 0.265 -1.114
-0.364 0.665 -1.263
-0.458 0.689 -1.120
-0.453 0.693 -1.147
-0.336 0.109 -1.062
-0.356 0.449 -1.180
-0.378 0.518 -1.172
-0.444 0.576 -1.128
-0.423 0.103 -1.009
-0.432 0.690 -1.167
-0.341 0.188 -1.094
-0.366 0.222 -1.080
-0.345 0.322 -1.132
-0.400 0.424 -1.105
-0.374 0.593 -1.241
-0.392 0.598 -1.202
-0.394 0.690 -1.237
-0.451 0.633 -1.137
-0.374 0.112 -1.022
-0.355 0.155 -1.062
-0.391 0.231 -1.050
-0.390 0.176 -1.033
-0.383 0.298 -1.082
-0.365 0.370 -1.125
-0.373 0.435 -1.143
-0.407 0.572 -1.152
-0.401 0.340 -1.078
-0.409 0.501 -1.124
-0.411 0.654 -1.189
-0.041 0.706 -1.002
-0.051 0.671 -1.008
-0.063 0.637 -1.003
-0.074 0.589 -0.997
-0.093 0.520 -0.975
-0.096 0.425 -0.970
-0.096 0.292 -0.915
-0.096 0.210 -0.903
-0.069 0.065 -0.897
-0.022 0.056 -0.936
-0.038 0.085 -0.922
-0.023 0.105 -0.947
-0.022 0.158 -0.964
-0.022 0.263 -0.989
-0.021 0.318 -1.005
-0.024 0.397 -1.018
-0.022 0.498 -1.048
-0.051 0.614 -1.053
-0.084 0.482 -0.999
-0.055 0.644 -1.050
-0.051 0.457 -1.021
-0.102 0.086 -0.882
-0.056 0.123 -0.924
-0.098 0.175 -0.897
-0.066 0.289 -0.973
-0.054 0.323 -0.988
-0.062 0.427 -1.007
-0.062 0.378 -0.994
-0.058 0.522 -1.032
-0.087 0.537 -0.999
-0.074 0.579 -1.025
-0.089 0.135 -0.909
-0.076 0.237 -0.948
-0.036 0.232 -0.967
-0.065 0.174 -0.937
-0.084 0.324 -0.944
-0.408 0.706 -1.086
-0.408 0.679 -1.061
-0.413 0.656 -1.059
-0.433 0.562 -1.031
-0.456 0.505 -1.018
-0.450 0.427 -0.994
-0.446 0.384 -0.979
-0.436 0.205 -0.896
-0.436 0.178 -0.901
-0.437 0.129 -1.006
-0.441 0.227 -1.034
-0.431 0.247 -1.044
-0.441 0.298 -1.052
-0.439 0.326 -1.062
-0.440 0.348 -1.067
-0.445 0.368 -1.070
-0.448 0.386 -1.073
-0.444 0.406 -1.079
-0.436 0.465 -1.100
-0.442 0.495 -1.105
-0.456 0.508 -1.094
-0.455 0.580 -1.111
-0.456 0.615 -1.104
-0.430 0.700 -1.099
-0.454 0.491 -1.071
-0.416 0.690 -1.089
-0.434 0.099 -0.896
-0.436 0.143 -0.927
-0.445 0.210 -0.989
-0.438 0.535 -1.046
-0.447 0.578 -1.068
-0.435 0.091 -0.932
-0.449 0.305 -1.004
-0.438 0.269 -0.954
-0.454 0.345 -1.024
-0.424 0.604 -1.057
-0.456 0.460 -1.015
-0.455 0.396 -1.023
-0.441 0.125 -0.973
-0.447 0.255 -1.006
-0.457 0.434 -1.063
-0.442 0.175 -0.963
-0.427 0.650 -1.084
-0.028 0.081 -0.966
-0.021 0.131 -0.958
-0.021 0.180 -0.968
-0.022 0.205 -0.976
-0.022 0.231 -0.983
-0.021 0.290 -0.996
-0.022 0.366 -1.013
-0.021 0.420 -1.032
-0.022 0.457 -1.038
-0.029 0.486 -1.038
-0.030 0.522 -1.047
-0.028 0.550 -1.055
-0.026 0.576 -1.063
-0.043 0.679 -1.061
-0.041 0.692 -1.032
-0.455 0.640 -1.102
-0.092 0.797 -1.133
-0.029 0.837 -1.110
-0.025 0.779 -1.147
-0.113 0.808 -1.128
-0.156 0.846 -1.115
-0.100 0.843 -1.098
-0.064 0.854 -1.078
-0.050 0.833 -1.106
-0.022 0.814 -1.128
-0.086 0.814 -1.106
-0.119 0.035 -0.991
-0.132 0.059 -1.003
-0.108 0.543 -1.178
-0.122 0.783 -1.178
-0.051 0.046 -0.971
-0.129 0.152 -1.037
-0.022 0.724 -1.071
-0.105 0.038 -0.985
-0.104 0.712 -1.245
-0.009 0.754 -1.124
-0.017 0.699 -1.112
-0.125 0.300 -1.086
-0.127 0.225 -1.062
-0.118 0.452 -1.143
-0.102 0.119 -1.008
-0.090 0.168 -1.017
-0.050 0.784 -1.166
-0.091 0.280 -1.053
-0.094 0.330 -1.071
-0.047 0.296 -1.034
-0.025 0.354 -1.029
-0.037 0.465 -1.073
-0.026 0.612 -1.071
-0.076 0.622 -1.178
-0.085 0.647 -1.220
-0.055 0.725 -1.200
-0.093 0.758 -1.200
-0.082 0.789 -1.158
-0.059 0.359 -1.058
-0.043 0.244 -1.019
-0.036 0.414 -1.058
-0.055 0.511 -1.102
-0.088 0.081 -0.990
-0.090 0.218 -1.033
-0.086 0.414 -1.092
-0.075 0.581 -1.147
-0.026 0.531 -1.079
-0.121 0.367 -1.106
-0.043 0.142 -0.991
-0.038 0.565 -1.104
-0.093 0.513 -1.139
-0.023 0.654 -1.084
-0.087 0.464 -1.110
-0.026 0.725 -1.146
-0.052 0.665 -1.159
-0.044 0.199 -1.006
-0.028 0.625 -1.111
-0.344 0.741 -1.190
-0.371 0.766 -1.140
-0.346 0.748 -1.174
-0.344 0.737 -1.200
-0.457 0.742 -1.127
-0.429 0.801 -1.140
-0.348 0.865 -1.103
-0.377 0.797 -1.089
-0.395 0.839 -1.118
-0.436 0.758 -1.156
-0.413 0.776 -1.177
-0.373 0.753 -1.195
-0.421 0.722 -1.179
-0.278 0.808 -0.992
-0.256 0.777 -0.985
-0.162 0.787 -0.978
-0.117 0.788 -0.977
-0.375 0.813 -1.031
-0.288 0.848 -1.130
-0.351 0.801 -1.023
-0.360 0.877 -1.061
-0.324 0.849 -1.115
-0.329 0.832 -1.020
-0.097 0.849 -1.083
-0.311 0.861 -1.060
-0.194 0.792 -0.980
-0.096 0.839 -1.030
-0.243 0.876 -1.075
-0.147 0.824 -1.006
-0.163 0.843 -1.039
-0.230 0.801 -0.985
-0.286 0.840 -1.025
-0.253 0.837 -1.056
-0.216 0.833 -1.012
-0.196 0.867 -1.078
-0.138 0.850 -1.099
-0.283 0.845 -1.085
-0.438 0.132 -0.800
-0.434 0.132 -0.871
-0.318 0.780 -1.005
-0.243 0.134 -0.819
-0.406 0.739 -1.023
-0.204 0.092 -0.822
-0.116 0.134 -0.869
-0.060 0.678 -0.975
-0.137 0.751 -0.967
-0.441 0.211 -0.936
-0.407 0.143 -0.777
-0.302 0.751 -0.997
-0.128 0.198 -0.870
-0.109 0.382 -0.934
-0.420 0.623 -1.043
-0.271 0.106 -0.804
-0.100 0.480 -0.958
-0.092 0.529 -0.934
-0.193 0.728 -0.969
-0.127 0.327 -0.880
-0.175 0.290 -0.857
-0.109 0.260 -0.892
-0.332 0.125 -0.810
-0.420 0.531 -0.955
-0.106 0.433 -0.923
-0.435 0.158 -0.883
-0.416 0.462 -0.919
-0.166 0.665 -0.972
-0.174 0.228 -0.846
-0.190 0.173 -0.834
-0.140 0.090 -0.848
-0.173 0.126 -0.836
-0.075 0.636 -0.955
-0.440 0.409 -0.930
-0.430 0.656 -1.022
-0.421 0.624 -0.993
-0.441 0.309 -0.920
-0.445 0.577 -1.007
-0.401 0.586 -0.970
-0.192 0.338 -0.868
-0.132 0.697 -0.965
-0.361 0.754 -1.021
-0.343 0.679 -1.013
-0.323 0.708 -1.009
-0.271 0.171 -0.832
-0.072 0.722 -0.968
-0.444 0.347 -0.945
-0.433 0.367 -0.900
-0.420 0.337 -0.866
-0.385 0.374 -0.879
-0.133 0.372 -0.884
-0.179 0.406 -0.890
-0.259 0.735 -0.981
-0.080 0.575 -0.948
-0.192 0.560 -0.957
-0.138 0.533 -0.929
-0.134 0.604 -0.957
-0.436 0.203 -0.828
-0.347 0.256 -0.857
-0.400 0.254 -0.822
-0.390 0.194 -0.802
-0.339 0.196 -0.834
-0.268 0.234 -0.850
-0.439 0.246 -0.910
-0.442 0.479 -0.967
-0.405 0.413 -0.893
-0.348 0.388 -0.911
-0.379 0.464 -0.920
-0.332 0.532 -0.972
-0.338 0.483 -0.953
-0.382 0.528 -0.947
-0.389 0.650 -0.994
-0.235 0.278 -0.855
-0.436 0.267 -0.859
-0.107 0.489 -0.917
-0.131 0.442 -0.898
-0.394 0.304 -0.845
-0.345 0.318 -0.884
-0.270 0.566 -0.981
-0.266 0.514 -0.961
-0.344 0.588 -0.992
-0.292 0.296 -0.871
-0.246 0.686 -0.984
-0.325 0.623 -1.000
-0.223 0.410 -0.900
-0.315 0.420 -0.925
-0.276 0.448 -0.934
-0.228 0.470 -0.928
-0.285 0.366 -0.899
-0.217 0.633 -0.980
-0.280 0.638 -0.996
-0.181 0.490 -0.926
-0.243 0.354 -0.883
-0.400 0.755 -1.037
-0.406 0.690 -1.007
