-0.415 0.065 -1.018
-0.420 0.104 -1.022
-0.415 0.142 -1.036
-0.420 0.177 -1.042
-0.416 0.199 -1.050
-0.425 0.263 -1.061
-0.404 0.282 -1.070
-0.438 0.436 -1.098
-0.442 0.536 -1.119
-0.355 0.519 -1.215
-0.331 0.393 -1.166
-0.321 0.058 -1.046
-0.325 0.267 -1.123
-0.351 0.665 -1.263
-0.452 0.688 -1.126
-0.445 0.692 -1.153
-0.315 0.111 -1.076
-0.341 0.452 -1.184
-0.366 0.519 -1.176
-0.435 0.575 -1.135
-0.405 0.099 -1.030
-0.423 0.690 -1.172
-0.321 0.190 -1.106
-0.348 0.223 -1.093
-0.328 0.325 -1.139
-0.388 0.424 -1.113
-0.362 0.594 -1.243
-0.382 0.599 -1.205
-0.382 0.690 -1.239
-0.443 0.632 -1.144
-0.356 0.110 -1.039
-0.336 0.156 -1.076
-0.376 0.229 -1.064
-0.373 0.174 -1.049
-0.368 0.298 -1.093
-0.350 0.372 -1.132
-0.359 0.437 -1.148
-0.397 0.572 -1.156
-0.388 0.339 -1.089
-0.399 0.501 -1.130
-0.401 0.655 -1.192
-0.040 0.703 -1.002
-0.049 0.668 -1.008
-0.062 0.634 -1.004
-0.074 0.586 -1.000
-0.092 0.516 -0.980
-0.095 0.421 -0.979
-0.095 0.285 -0.929
-0.095 0.203 -0.921
-0.068 0.057 -0.921
-0.023 0.049 -0.962
-0.039 0.078 -0.947
-0.023 0.099 -0.971
-0.023 0.153 -0.986
-0.023 0.259 -1.007
-0.022 0.315 -1.021
-0.025 0.394 -1.030
-0.023 0.496 -1.056
-0.050 0.613 -1.055
-0.083 0.479 -1.006
-0.053 0.643 -1.051
-0.052 0.455 -1.029
-0.101 0.078 -0.904
-0.056 0.116 -0.946
-0.097 0.167 -0.916
-0.066 0.285 -0.988
-0.054 0.319 -1.002
-0.063 0.424 -1.017
-0.062 0.374 -1.006
-0.058 0.520 -1.038
-0.086 0.534 -1.004
-0.073 0.577 -1.029
-0.089 0.128 -0.929
-0.076 0.232 -0.965
-0.036 0.227 -0.986
-0.065 0.168 -0.957
-0.083 0.319 -0.957
-0.408 0.706 -1.086
-0.407 0.677 -1.063
-0.411 0.654 -1.063
-0.429 0.558 -1.039
-0.452 0.501 -1.028
-0.448 0.421 -1.006
-0.445 0.377 -0.992
-0.429 0.196 -0.914
-0.428 0.170 -0.921
-0.420 0.124 -1.027
-0.426 0.222 -1.052
-0.416 0.244 -1.060
-0.429 0.295 -1.067
-0.427 0.323 -1.076
-0.428 0.345 -1.080
-0.433 0.365 -1.084
-0.437 0.383 -1.086
-0.434 0.403 -1.091
-0.426 0.464 -1.109
-0.433 0.493 -1.114
-0.449 0.506 -1.104
-0.448 0.578 -1.119
-0.450 0.614 -1.111
-0.427 0.700 -1.102
-0.448 0.488 -1.081
-0.414 0.690 -1.091
-0.423 0.090 -0.918
-0.425 0.136 -0.948
-0.433 0.205 -1.008
-0.434 0.531 -1.054
-0.444 0.576 -1.075
-0.422 0.083 -0.954
-0.440 0.299 -1.021
-0.431 0.262 -0.970
-0.445 0.340 -1.039
-0.421 0.601 -1.064
-0.453 0.455 -1.027
-0.449 0.391 -1.036
-0.426 0.119 -0.994
-0.435 0.250 -1.024
-0.448 0.431 -1.075
-0.430 0.169 -0.983
-0.426 0.650 -1.087
-0.030 0.076 -0.991
-0.022 0.126 -0.981
-0.022 0.175 -0.989
-0.023 0.200 -0.996
-0.023 0.226 -1.002
-0.022 0.286 -1.013
-0.023 0.362 -1.027
-0.022 0.418 -1.043
-0.023 0.455 -1.048
-0.030 0.483 -1.046
-0.031 0.520 -1.054
-0.029 0.548 -1.061
-0.027 0.575 -1.068
-0.042 0.678 -1.060
-0.040 0.690 -1.031
-0.450 0.639 -1.109
-0.093 0.797 -1.132
-0.030 0.838 -1.115
-0.029 0.780 -1.151
-0.113 0.808 -1.128
-0.156 0.846 -1.115
-0.100 0.844 -1.099
-0.063 0.855 -1.081
-0.051 0.833 -1.109
-0.024 0.815 -1.133
-0.086 0.814 -1.106
-0.122 0.032 -1.013
-0.136 0.057 -1.024
-0.120 0.546 -1.176
-0.126 0.783 -1.175
-0.053 0.041 -0.996
-0.134 0.150 -1.053
-0.021 0.724 -1.070
-0.108 0.034 -1.008
-0.117 0.712 -1.245
-0.014 0.755 -1.127
-0.022 0.699 -1.114
-0.132 0.301 -1.095
-0.132 0.225 -1.075
-0.128 0.455 -1.143
-0.105 0.116 -1.027
-0.094 0.165 -1.035
-0.054 0.785 -1.170
-0.095 0.279 -1.065
-0.099 0.330 -1.080
-0.050 0.294 -1.048
-0.027 0.351 -1.043
-0.040 0.464 -1.081
-0.028 0.611 -1.075
-0.087 0.624 -1.177
-0.099 0.648 -1.219
-0.064 0.725 -1.202
-0.100 0.758 -1.201
-0.085 0.789 -1.159
-0.062 0.358 -1.069
-0.046 0.241 -1.036
-0.039 0.413 -1.069
-0.060 0.511 -1.106
-0.091 0.078 -1.012
-0.094 0.216 -1.049
-0.091 0.415 -1.098
-0.084 0.583 -1.147
-0.029 0.530 -1.085
-0.128 0.369 -1.111
-0.046 0.138 -1.013
-0.043 0.565 -1.109
-0.102 0.515 -1.139
-0.026 0.653 -1.088
-0.093 0.465 -1.113
-0.034 0.725 -1.148
-0.061 0.667 -1.160
-0.046 0.195 -1.025
-0.033 0.625 -1.115
-0.338 0.740 -1.186
-0.371 0.766 -1.140
-0.342 0.747 -1.170
-0.337 0.736 -1.196
-0.452 0.742 -1.133
-0.424 0.801 -1.144
-0.348 0.865 -1.102
-0.377 0.797 -1.089
-0.393 0.839 -1.119
-0.429 0.758 -1.160
-0.406 0.778 -1.181
-0.365 0.754 -1.195
-0.412 0.723 -1.183
-0.276 0.804 -0.994
-0.254 0.773 -0.987
-0.160 0.783 -0.982
-0.115 0.784 -0.981
-0.374 0.810 -1.030
-0.288 0.848 -1.130
-0.350 0.798 -1.023
-0.360 0.874 -1.060
-0.323 0.849 -1.115
-0.328 0.829 -1.020
-0.096 0.849 -1.085
-0.311 0.859 -1.059
-0.192 0.788 -0.983
-0.095 0.837 -1.033
-0.243 0.876 -1.075
-0.145 0.822 -1.008
-0.162 0.842 -1.040
-0.229 0.797 -0.987
-0.286 0.838 -1.025
-0.252 0.837 -1.056
-0.215 0.831 -1.013
-0.196 0.867 -1.078
-0.138 0.850 -1.099
-0.283 0.845 -1.085
-0.435 0.120 -0.822
-0.426 0.122 -0.892
-0.316 0.776 -1.006
-0.241 0.124 -0.839
-0.405 0.735 -1.022
-0.202 0.082 -0.843
-0.115 0.125 -0.889
-0.058 0.674 -0.974
-0.135 0.747 -0.972
-0.432 0.203 -0.955
-0.405 0.131 -0.797
-0.300 0.747 -0.999
-0.126 0.189 -0.887
-0.108 0.376 -0.944
-0.417 0.620 -1.048
-0.269 0.095 -0.824
-0.098 0.476 -0.964
-0.091 0.523 -0.939
-0.191 0.724 -0.973
-0.126 0.319 -0.893
-0.173 0.281 -0.871
-0.107 0.253 -0.908
-0.329 0.115 -0.830
-0.419 0.524 -0.963
-0.105 0.427 -0.932
-0.427 0.149 -0.903
-0.414 0.455 -0.930
-0.165 0.661 -0.973
-0.172 0.218 -0.862
-0.188 0.163 -0.851
-0.138 0.081 -0.870
-0.171 0.116 -0.855
-0.074 0.631 -0.956
-0.437 0.402 -0.943
-0.428 0.652 -1.025
-0.419 0.619 -0.998
-0.438 0.300 -0.935
-0.442 0.572 -1.014
-0.400 0.580 -0.976
-0.190 0.330 -0.880
-0.130 0.693 -0.969
-0.360 0.751 -1.021
-0.342 0.675 -1.015
-0.321 0.704 -1.012
-0.269 0.161 -0.850
-0.071 0.718 -0.967
-0.442 0.339 -0.960
-0.431 0.359 -0.914
-0.418 0.328 -0.881
-0.383 0.365 -0.891
-0.131 0.364 -0.894
-0.178 0.399 -0.899
-0.257 0.731 -0.984
-0.080 0.570 -0.952
-0.192 0.557 -0.956
-0.136 0.527 -0.932
-0.134 0.601 -0.954
-0.434 0.192 -0.847
-0.345 0.247 -0.873
-0.399 0.243 -0.838
-0.388 0.183 -0.820
-0.337 0.186 -0.852
-0.266 0.224 -0.866
-0.433 0.237 -0.928
-0.440 0.472 -0.978
-0.403 0.404 -0.905
-0.346 0.380 -0.923
-0.377 0.456 -0.930
-0.330 0.527 -0.979
-0.335 0.477 -0.961
-0.380 0.522 -0.954
-0.387 0.645 -0.997
-0.233 0.268 -0.870
-0.434 0.257 -0.876
-0.105 0.483 -0.923
-0.130 0.434 -0.906
-0.392 0.294 -0.860
-0.342 0.309 -0.898
-0.268 0.562 -0.984
-0.264 0.509 -0.967
-0.342 0.583 -0.997
-0.290 0.287 -0.885
-0.244 0.682 -0.986
-0.323 0.618 -1.003
-0.221 0.403 -0.910
-0.313 0.413 -0.936
-0.274 0.441 -0.943
-0.226 0.464 -0.935
-0.283 0.358 -0.911
-0.216 0.629 -0.980
-0.278 0.634 -0.998
-0.180 0.484 -0.930
-0.241 0.346 -0.895
-0.400 0.752 -1.035
-0.405 0.685 -1.009
