-0.398 0.061 -1.043
-0.404 0.101 -1.045
-0.400 0.140 -1.058
-0.406 0.174 -1.063
-0.402 0.197 -1.069
-0.413 0.260 -1.080
-0.392 0.281 -1.086
-0.429 0.435 -1.110
-0.435 0.535 -1.129
-0.343 0.522 -1.219
-0.316 0.398 -1.171
-0.302 0.060 -1.063
-0.308 0.271 -1.132
-0.338 0.665 -1.263
-0.443 0.689 -1.133
-0.436 0.694 -1.159
-0.296 0.113 -1.091
-0.327 0.456 -1.188
-0.354 0.522 -1.180
-0.428 0.575 -1.143
-0.388 0.096 -1.052
-0.414 0.692 -1.177
-0.303 0.194 -1.118
-0.332 0.225 -1.106
-0.312 0.329 -1.146
-0.378 0.424 -1.121
-0.351 0.596 -1.247
-0.372 0.600 -1.210
-0.370 0.692 -1.243
-0.435 0.633 -1.151
-0.339 0.110 -1.057
-0.318 0.158 -1.091
-0.362 0.229 -1.079
-0.359 0.173 -1.066
-0.355 0.299 -1.105
-0.337 0.375 -1.139
-0.346 0.440 -1.154
-0.388 0.573 -1.162
-0.376 0.339 -1.101
-0.390 0.502 -1.138
-0.391 0.657 -1.197
-0.040 0.701 -1.001
-0.048 0.665 -1.008
-0.060 0.631 -1.005
-0.072 0.583 -1.003
-0.090 0.512 -0.986
-0.093 0.416 -0.988
-0.093 0.279 -0.944
-0.093 0.196 -0.939
-0.066 0.051 -0.946
-0.021 0.044 -0.986
-0.037 0.073 -0.970
-0.022 0.094 -0.994
-0.021 0.149 -1.007
-0.022 0.256 -1.024
-0.021 0.312 -1.036
-0.024 0.392 -1.041
-0.023 0.495 -1.065
-0.049 0.612 -1.057
-0.082 0.475 -1.013
-0.052 0.642 -1.052
-0.051 0.452 -1.038
-0.099 0.071 -0.927
-0.054 0.111 -0.968
-0.095 0.161 -0.936
-0.064 0.281 -1.003
-0.053 0.315 -1.016
-0.062 0.421 -1.027
-0.061 0.371 -1.017
-0.058 0.518 -1.044
-0.085 0.530 -1.009
-0.072 0.575 -1.032
-0.087 0.122 -0.951
-0.074 0.227 -0.983
-0.035 0.223 -1.004
-0.063 0.163 -0.977
-0.081 0.313 -0.971
-0.405 0.706 -1.087
-0.401 0.675 -1.067
-0.407 0.652 -1.068
-0.426 0.555 -1.048
-0.448 0.497 -1.040
-0.444 0.416 -1.021
-0.441 0.372 -1.008
-0.423 0.188 -0.936
-0.421 0.162 -0.943
-0.405 0.121 -1.050
-0.413 0.220 -1.072
-0.403 0.242 -1.078
-0.417 0.292 -1.084
-0.416 0.321 -1.092
-0.418 0.343 -1.096
-0.423 0.363 -1.099
-0.427 0.381 -1.101
-0.424 0.402 -1.105
-0.418 0.463 -1.120
-0.425 0.493 -1.125
-0.442 0.505 -1.115
-0.441 0.578 -1.128
-0.443 0.614 -1.119
-0.420 0.700 -1.107
-0.442 0.486 -1.093
-0.408 0.690 -1.096
-0.415 0.083 -0.943
-0.417 0.129 -0.971
-0.423 0.200 -1.029
-0.430 0.529 -1.064
-0.439 0.575 -1.084
-0.410 0.077 -0.979
-0.432 0.295 -1.039
-0.424 0.256 -0.989
-0.437 0.336 -1.056
-0.416 0.599 -1.071
-0.449 0.451 -1.040
-0.443 0.388 -1.052
-0.413 0.114 -1.018
-0.425 0.246 -1.043
-0.441 0.429 -1.089
-0.419 0.163 -1.005
-0.420 0.649 -1.093
-0.029 0.072 -1.015
-0.021 0.122 -1.003
-0.020 0.171 -1.009
-0.021 0.196 -1.015
-0.021 0.223 -1.020
-0.021 0.283 -1.029
-0.022 0.360 -1.040
-0.022 0.416 -1.054
-0.023 0.453 -1.058
-0.029 0.482 -1.055
-0.031 0.519 -1.061
-0.030 0.547 -1.067
-0.028 0.574 -1.074
-0.040 0.677 -1.061
-0.040 0.688 -1.031
-0.443 0.639 -1.116
-0.092 0.797 -1.132
-0.031 0.839 -1.121
-0.033 0.780 -1.155
-0.113 0.808 -1.128
-0.156 0.846 -1.115
-0.100 0.844 -1.101
-0.063 0.855 -1.084
-0.051 0.834 -1.113
-0.026 0.816 -1.139
-0.085 0.814 -1.106
-0.121 0.028 -1.037
-0.135 0.054 -1.046
-0.131 0.548 -1.172
-0.130 0.782 -1.171
-0.052 0.038 -1.021
-0.135 0.149 -1.069
-0.021 0.724 -1.070
-0.106 0.031 -1.033
-0.130 0.712 -1.245
-0.020 0.755 -1.130
-0.029 0.700 -1.115
-0.135 0.301 -1.103
-0.134 0.225 -1.087
-0.136 0.457 -1.143
-0.105 0.114 -1.047
-0.094 0.163 -1.053
-0.058 0.785 -1.174
-0.097 0.278 -1.077
-0.102 0.329 -1.090
-0.051 0.292 -1.063
-0.027 0.349 -1.056
-0.043 0.463 -1.089
-0.029 0.610 -1.080
-0.098 0.625 -1.174
-0.116 0.651 -1.213
-0.073 0.724 -1.204
-0.107 0.759 -1.201
-0.087 0.789 -1.160
-0.064 0.357 -1.079
-0.046 0.239 -1.052
-0.041 0.412 -1.079
-0.065 0.511 -1.111
-0.090 0.074 -1.035
-0.095 0.214 -1.064
-0.095 0.415 -1.103
-0.092 0.584 -1.146
-0.032 0.530 -1.092
-0.132 0.369 -1.116
-0.045 0.135 -1.034
-0.048 0.565 -1.113
-0.109 0.516 -1.139
-0.028 0.653 -1.091
-0.098 0.466 -1.116
-0.042 0.726 -1.149
-0.072 0.668 -1.158
-0.046 0.193 -1.044
-0.039 0.626 -1.118
-0.332 0.736 -1.180
-0.371 0.766 -1.140
-0.338 0.743 -1.165
-0.329 0.732 -1.190
-0.443 0.743 -1.140
-0.417 0.803 -1.150
-0.347 0.865 -1.101
-0.377 0.797 -1.089
-0.391 0.839 -1.120
-0.419 0.761 -1.167
-0.394 0.781 -1.185
-0.354 0.753 -1.193
-0.402 0.725 -1.188
-0.274 0.801 -0.996
-0.252 0.769 -0.990
-0.158 0.779 -0.988
-0.113 0.778 -0.989
-0.373 0.806 -1.030
-0.288 0.848 -1.130
-0.348 0.794 -1.023
-0.360 0.871 -1.059
-0.323 0.849 -1.114
-0.326 0.825 -1.021
-0.096 0.850 -1.087
-0.311 0.858 -1.058
-0.190 0.784 -0.987
-0.094 0.836 -1.036
-0.243 0.876 -1.075
-0.143 0.819 -1.011
-0.161 0.842 -1.041
-0.226 0.793 -0.991
-0.285 0.836 -1.025
-0.252 0.837 -1.057
-0.213 0.829 -1.014
-0.196 0.867 -1.078
-0.138 0.851 -1.100
-0.283 0.845 -1.085
-0.432 0.109 -0.846
-0.420 0.114 -0.916
-0.315 0.772 -1.007
-0.239 0.114 -0.861
-0.403 0.731 -1.023
-0.200 0.072 -0.866
-0.113 0.117 -0.911
-0.057 0.670 -0.974
-0.133 0.742 -0.978
-0.424 0.197 -0.976
-0.403 0.119 -0.821
-0.298 0.743 -1.002
-0.124 0.181 -0.906
-0.106 0.370 -0.955
-0.413 0.617 -1.054
-0.267 0.084 -0.848
-0.097 0.471 -0.972
-0.090 0.518 -0.945
-0.189 0.720 -0.978
-0.124 0.312 -0.906
-0.171 0.272 -0.887
-0.105 0.246 -0.924
-0.328 0.104 -0.853
-0.417 0.518 -0.973
-0.103 0.421 -0.941
-0.421 0.141 -0.926
-0.412 0.447 -0.943
-0.164 0.657 -0.971
-0.170 0.209 -0.880
-0.186 0.154 -0.872
-0.136 0.073 -0.893
-0.169 0.107 -0.877
-0.073 0.627 -0.958
-0.435 0.395 -0.957
-0.425 0.648 -1.031
-0.417 0.614 -1.005
-0.435 0.293 -0.953
-0.439 0.568 -1.023
-0.398 0.574 -0.983
-0.189 0.321 -0.895
-0.129 0.689 -0.968
-0.358 0.747 -1.022
-0.340 0.671 -1.018
-0.319 0.701 -1.014
-0.267 0.151 -0.871
-0.070 0.714 -0.965
-0.438 0.333 -0.977
-0.429 0.351 -0.930
-0.416 0.319 -0.897
-0.382 0.357 -0.907
-0.129 0.356 -0.906
-0.176 0.391 -0.910
-0.255 0.727 -0.987
-0.079 0.566 -0.955
-0.191 0.552 -0.958
-0.135 0.522 -0.936
-0.133 0.596 -0.953
-0.431 0.182 -0.868
-0.343 0.238 -0.892
-0.397 0.233 -0.858
-0.387 0.172 -0.841
-0.335 0.176 -0.873
-0.264 0.215 -0.885
-0.427 0.230 -0.948
-0.437 0.466 -0.990
-0.401 0.396 -0.919
-0.344 0.373 -0.937
-0.375 0.449 -0.942
-0.327 0.522 -0.987
-0.333 0.471 -0.971
-0.379 0.516 -0.964
-0.385 0.640 -1.002
-0.231 0.259 -0.887
-0.432 0.248 -0.896
-0.104 0.477 -0.930
-0.128 0.427 -0.915
-0.391 0.285 -0.877
-0.340 0.301 -0.914
-0.266 0.557 -0.988
-0.262 0.504 -0.973
-0.339 0.578 -1.003
-0.288 0.279 -0.902
-0.242 0.678 -0.990
-0.320 0.614 -1.008
-0.219 0.395 -0.921
-0.311 0.407 -0.948
-0.271 0.435 -0.953
-0.224 0.458 -0.943
-0.281 0.350 -0.925
-0.215 0.625 -0.980
-0.276 0.630 -1.002
-0.179 0.478 -0.936
-0.239 0.338 -0.909
-0.398 0.748 -1.035
-0.402 0.681 -1.012
