-0.387 0.056 -1.065
-0.393 0.095 -1.067
-0.389 0.134 -1.078
-0.395 0.169 -1.082
-0.392 0.192 -1.088
-0.403 0.255 -1.097
-0.382 0.276 -1.102
-0.419 0.430 -1.125
-0.420 0.531 -1.140
-0.330 0.514 -1.235
-0.304 0.392 -1.183
-0.289 0.056 -1.077
-0.295 0.268 -1.141
-0.324 0.665 -1.263
-0.409 0.686 -1.144
-0.390 0.687 -1.163
-0.282 0.111 -1.103
-0.317 0.448 -1.203
-0.344 0.512 -1.197
-0.410 0.571 -1.154
-0.376 0.091 -1.072
-0.364 0.679 -1.170
-0.289 0.192 -1.129
-0.320 0.221 -1.118
-0.298 0.325 -1.155
-0.368 0.419 -1.135
-0.341 0.593 -1.259
-0.351 0.592 -1.217
-0.312 0.678 -1.222
-0.404 0.628 -1.158
-0.328 0.106 -1.073
-0.305 0.154 -1.104
-0.352 0.224 -1.094
-0.348 0.169 -1.082
-0.344 0.294 -1.118
-0.325 0.370 -1.151
-0.336 0.433 -1.169
-0.373 0.563 -1.174
-0.366 0.334 -1.114
-0.379 0.494 -1.152
-0.347 0.643 -1.190
-0.039 0.698 -1.001
-0.047 0.663 -1.010
-0.058 0.628 -1.007
-0.070 0.580 -1.006
-0.088 0.508 -0.991
-0.091 0.412 -0.997
-0.090 0.273 -0.959
-0.089 0.190 -0.957
-0.061 0.045 -0.970
-0.015 0.041 -1.010
-0.032 0.069 -0.993
-0.017 0.091 -1.015
-0.017 0.146 -1.027
-0.019 0.254 -1.040
-0.018 0.310 -1.050
-0.022 0.390 -1.053
-0.023 0.494 -1.073
-0.049 0.610 -1.060
-0.080 0.472 -1.019
-0.051 0.640 -1.053
-0.049 0.450 -1.046
-0.094 0.064 -0.951
-0.050 0.106 -0.990
-0.091 0.154 -0.956
-0.061 0.277 -1.018
-0.050 0.313 -1.029
-0.059 0.419 -1.036
-0.058 0.368 -1.029
-0.056 0.516 -1.049
-0.083 0.527 -1.014
-0.071 0.573 -1.035
-0.082 0.116 -0.972
-0.070 0.223 -1.000
-0.031 0.220 -1.021
-0.059 0.158 -0.996
-0.078 0.309 -0.984
-0.402 0.705 -1.087
-0.397 0.673 -1.068
-0.399 0.650 -1.070
-0.417 0.550 -1.058
-0.440 0.491 -1.054
-0.438 0.410 -1.036
-0.435 0.365 -1.024
-0.422 0.179 -0.957
-0.419 0.153 -0.964
-0.394 0.115 -1.071
-0.403 0.214 -1.091
-0.393 0.236 -1.096
-0.408 0.287 -1.102
-0.406 0.316 -1.108
-0.408 0.338 -1.112
-0.414 0.358 -1.115
-0.417 0.376 -1.116
-0.414 0.396 -1.120
-0.407 0.458 -1.134
-0.414 0.488 -1.138
-0.429 0.501 -1.128
-0.423 0.575 -1.139
-0.420 0.611 -1.129
-0.401 0.697 -1.111
-0.430 0.482 -1.106
-0.395 0.689 -1.095
-0.410 0.074 -0.965
-0.412 0.121 -0.993
-0.414 0.194 -1.049
-0.420 0.524 -1.076
-0.425 0.571 -1.095
-0.403 0.070 -1.001
-0.426 0.289 -1.057
-0.422 0.249 -1.009
-0.430 0.330 -1.073
-0.406 0.596 -1.077
-0.441 0.445 -1.055
-0.435 0.382 -1.068
-0.404 0.108 -1.040
-0.418 0.239 -1.062
-0.431 0.423 -1.104
-0.412 0.156 -1.026
-0.405 0.647 -1.098
-0.023 0.070 -1.037
-0.016 0.119 -1.023
-0.016 0.168 -1.028
-0.017 0.194 -1.033
-0.018 0.220 -1.037
-0.018 0.281 -1.044
-0.020 0.358 -1.052
-0.021 0.414 -1.065
-0.022 0.452 -1.067
-0.028 0.480 -1.063
-0.030 0.518 -1.067
-0.029 0.546 -1.073
-0.027 0.573 -1.079
-0.038 0.676 -1.061
-0.038 0.687 -1.032
-0.421 0.636 -1.127
-0.092 0.797 -1.132
-0.032 0.839 -1.124
-0.036 0.779 -1.157
-0.113 0.808 -1.128
-0.156 0.846 -1.116
-0.100 0.845 -1.102
-0.063 0.855 -1.085
-0.052 0.834 -1.115
-0.028 0.815 -1.142
-0.085 0.814 -1.106
-0.115 0.025 -1.060
-0.129 0.051 -1.068
-0.141 0.551 -1.166
-0.132 0.784 -1.169
-0.046 0.035 -1.045
-0.132 0.147 -1.086
-0.021 0.723 -1.071
-0.101 0.028 -1.056
-0.143 0.712 -1.245
-0.022 0.755 -1.132
-0.030 0.700 -1.115
-0.135 0.301 -1.112
-0.133 0.224 -1.100
-0.141 0.458 -1.142
-0.100 0.111 -1.067
-0.090 0.161 -1.070
-0.061 0.785 -1.176
-0.095 0.277 -1.089
-0.101 0.328 -1.099
-0.049 0.291 -1.076
-0.025 0.348 -1.069
-0.043 0.463 -1.097
-0.029 0.609 -1.083
-0.108 0.628 -1.169
-0.130 0.654 -1.205
-0.081 0.724 -1.204
-0.114 0.760 -1.202
-0.089 0.789 -1.160
-0.063 0.356 -1.090
-0.043 0.238 -1.068
-0.040 0.411 -1.089
-0.067 0.511 -1.114
-0.085 0.072 -1.057
-0.092 0.213 -1.079
-0.096 0.414 -1.109
-0.099 0.585 -1.143
-0.033 0.530 -1.098
-0.134 0.370 -1.121
-0.040 0.133 -1.054
-0.051 0.566 -1.116
-0.115 0.517 -1.137
-0.028 0.652 -1.093
-0.101 0.466 -1.119
-0.045 0.726 -1.150
-0.079 0.670 -1.156
-0.042 0.191 -1.062
-0.042 0.626 -1.119
-0.368 0.741 -1.200
-0.375 0.769 -1.141
-0.375 0.751 -1.186
-0.363 0.736 -1.207
-0.389 0.736 -1.152
-0.346 0.782 -1.158
-0.340 0.864 -1.102
-0.372 0.796 -1.087
-0.354 0.822 -1.130
-0.350 0.742 -1.160
-0.313 0.745 -1.142
-0.341 0.740 -1.183
-0.339 0.704 -1.168
-0.273 0.796 -0.998
-0.251 0.764 -0.993
-0.157 0.774 -0.992
-0.111 0.773 -0.994
-0.373 0.800 -1.030
-0.288 0.848 -1.130
-0.348 0.789 -1.024
-0.362 0.862 -1.064
-0.320 0.848 -1.114
-0.326 0.820 -1.023
-0.096 0.850 -1.088
-0.311 0.856 -1.058
-0.188 0.780 -0.991
-0.093 0.834 -1.038
-0.243 0.876 -1.075
-0.142 0.815 -1.014
-0.160 0.840 -1.042
-0.225 0.788 -0.994
-0.284 0.833 -1.025
-0.252 0.837 -1.057
-0.212 0.826 -1.015
-0.196 0.867 -1.078
-0.138 0.851 -1.101
-0.283 0.845 -1.085
-0.429 0.098 -0.869
-0.416 0.105 -0.938
-0.313 0.767 -1.009
-0.236 0.104 -0.886
-0.402 0.726 -1.022
-0.197 0.063 -0.892
-0.109 0.110 -0.933
-0.056 0.666 -0.975
-0.132 0.737 -0.983
-0.420 0.189 -0.996
-0.400 0.108 -0.844
-0.297 0.739 -1.004
-0.121 0.174 -0.926
-0.103 0.365 -0.966
-0.406 0.614 -1.059
-0.264 0.074 -0.874
-0.094 0.466 -0.979
-0.088 0.513 -0.950
-0.187 0.715 -0.982
-0.121 0.304 -0.920
-0.169 0.263 -0.903
-0.102 0.239 -0.941
-0.325 0.093 -0.879
-0.414 0.511 -0.984
-0.101 0.415 -0.950
-0.418 0.132 -0.947
-0.410 0.439 -0.956
-0.163 0.653 -0.971
-0.167 0.200 -0.899
-0.183 0.144 -0.894
-0.132 0.065 -0.917
-0.166 0.098 -0.901
-0.072 0.622 -0.960
-0.431 0.387 -0.973
-0.422 0.643 -1.036
-0.415 0.608 -1.011
-0.431 0.285 -0.972
-0.434 0.562 -1.034
-0.396 0.567 -0.991
-0.186 0.313 -0.909
-0.128 0.684 -0.969
-0.357 0.742 -1.021
-0.338 0.666 -1.021
-0.318 0.696 -1.016
-0.264 0.141 -0.895
-0.069 0.710 -0.965
-0.433 0.325 -0.994
-0.425 0.342 -0.947
-0.414 0.309 -0.915
-0.379 0.348 -0.923
-0.127 0.349 -0.918
-0.174 0.383 -0.922
-0.254 0.723 -0.990
-0.077 0.561 -0.959
-0.189 0.546 -0.963
-0.133 0.516 -0.942
-0.132 0.591 -0.955
-0.428 0.172 -0.889
-0.340 0.229 -0.912
-0.394 0.222 -0.878
-0.383 0.161 -0.863
-0.333 0.166 -0.896
-0.261 0.206 -0.906
-0.426 0.221 -0.968
-0.433 0.459 -1.004
-0.399 0.387 -0.934
-0.341 0.365 -0.952
-0.373 0.441 -0.954
-0.325 0.516 -0.995
-0.330 0.465 -0.982
-0.376 0.508 -0.973
-0.384 0.634 -1.006
-0.229 0.250 -0.905
-0.429 0.238 -0.915
-0.102 0.470 -0.937
-0.126 0.420 -0.924
-0.388 0.275 -0.896
-0.338 0.293 -0.932
-0.264 0.552 -0.994
-0.259 0.498 -0.981
-0.337 0.573 -1.009
-0.285 0.270 -0.920
-0.241 0.673 -0.992
-0.318 0.609 -1.012
-0.217 0.388 -0.933
-0.308 0.400 -0.961
-0.269 0.429 -0.964
-0.222 0.451 -0.952
-0.278 0.343 -0.940
-0.214 0.621 -0.982
-0.274 0.625 -1.005
-0.176 0.472 -0.944
-0.237 0.330 -0.924
-0.398 0.743 -1.033
-0.401 0.675 -1.014
