-0.382 0.049 -1.086
-0.388 0.088 -1.087
-0.382 0.128 -1.097
-0.389 0.162 -1.101
-0.384 0.185 -1.105
-0.395 0.249 -1.114
-0.374 0.270 -1.117
-0.408 0.425 -1.138
-0.405 0.527 -1.148
-0.315 0.513 -1.241
-0.294 0.385 -1.197
-0.284 0.049 -1.091
-0.285 0.262 -1.153
-0.311 0.665 -1.263
-0.397 0.682 -1.143
-0.376 0.683 -1.162
-0.274 0.104 -1.115
-0.305 0.443 -1.215
-0.328 0.509 -1.203
-0.393 0.567 -1.158
-0.371 0.084 -1.092
-0.350 0.677 -1.169
-0.280 0.185 -1.140
-0.311 0.215 -1.131
-0.289 0.318 -1.169
-0.357 0.412 -1.148
-0.324 0.593 -1.259
-0.331 0.591 -1.217
-0.299 0.680 -1.222
-0.388 0.625 -1.159
-0.322 0.098 -1.089
-0.298 0.148 -1.117
-0.344 0.218 -1.108
-0.341 0.162 -1.097
-0.335 0.288 -1.132
-0.316 0.363 -1.165
-0.325 0.427 -1.181
-0.354 0.560 -1.176
-0.357 0.328 -1.129
-0.364 0.489 -1.160
-0.330 0.642 -1.188
-0.037 0.695 -1.002
-0.045 0.660 -1.011
-0.055 0.625 -1.009
-0.069 0.578 -1.010
-0.085 0.504 -0.997
-0.087 0.409 -1.007
-0.084 0.268 -0.975
-0.083 0.186 -0.976
-0.052 0.042 -0.994
-0.005 0.040 -1.033
-0.023 0.066 -1.015
-0.008 0.090 -1.037
-0.009 0.145 -1.047
-0.013 0.253 -1.056
-0.014 0.310 -1.064
-0.019 0.390 -1.065
-0.022 0.495 -1.082
-0.049 0.610 -1.063
-0.077 0.470 -1.027
-0.051 0.640 -1.055
-0.047 0.450 -1.055
-0.086 0.059 -0.975
-0.041 0.103 -1.011
-0.084 0.150 -0.977
-0.055 0.275 -1.033
-0.045 0.311 -1.043
-0.056 0.418 -1.046
-0.054 0.366 -1.041
-0.055 0.515 -1.056
-0.080 0.525 -1.019
-0.069 0.571 -1.039
-0.074 0.112 -0.994
-0.064 0.220 -1.017
-0.024 0.219 -1.038
-0.052 0.156 -1.016
-0.073 0.305 -0.998
-0.406 0.702 -1.083
-0.393 0.668 -1.068
-0.396 0.645 -1.071
-0.410 0.544 -1.064
-0.432 0.484 -1.065
-0.431 0.403 -1.050
-0.429 0.358 -1.040
-0.421 0.169 -0.977
-0.418 0.144 -0.985
-0.388 0.108 -1.091
-0.395 0.208 -1.108
-0.385 0.230 -1.112
-0.399 0.281 -1.118
-0.397 0.310 -1.124
-0.399 0.333 -1.127
-0.404 0.353 -1.129
-0.408 0.371 -1.130
-0.404 0.391 -1.134
-0.394 0.453 -1.145
-0.399 0.483 -1.148
-0.415 0.497 -1.137
-0.407 0.570 -1.144
-0.407 0.606 -1.133
-0.400 0.694 -1.109
-0.417 0.476 -1.117
-0.406 0.685 -1.093
-0.408 0.065 -0.987
-0.411 0.112 -1.014
-0.410 0.186 -1.068
-0.410 0.518 -1.083
-0.414 0.565 -1.101
-0.402 0.061 -1.023
-0.419 0.282 -1.074
-0.424 0.240 -1.027
-0.422 0.324 -1.089
-0.399 0.591 -1.080
-0.432 0.438 -1.068
-0.427 0.375 -1.083
-0.400 0.100 -1.060
-0.412 0.232 -1.080
-0.421 0.418 -1.117
-0.410 0.148 -1.046
-0.402 0.642 -1.098
-0.014 0.069 -1.060
-0.007 0.118 -1.044
-0.009 0.167 -1.047
-0.010 0.193 -1.052
-0.011 0.220 -1.055
-0.013 0.281 -1.059
-0.016 0.358 -1.065
-0.019 0.415 -1.076
-0.021 0.452 -1.078
-0.027 0.481 -1.072
-0.030 0.518 -1.075
-0.029 0.546 -1.080
-0.029 0.574 -1.085
-0.038 0.675 -1.062
-0.037 0.685 -1.032
-0.410 0.631 -1.130
-0.092 0.797 -1.132
-0.037 0.842 -1.132
-0.042 0.780 -1.162
-0.112 0.809 -1.128
-0.156 0.846 -1.116
-0.100 0.844 -1.102
-0.062 0.848 -1.086
-0.055 0.836 -1.121
-0.033 0.818 -1.149
-0.085 0.815 -1.106
-0.105 0.024 -1.083
-0.120 0.049 -1.090
-0.149 0.552 -1.162
-0.134 0.771 -1.157
-0.036 0.034 -1.068
-0.125 0.146 -1.103
-0.021 0.724 -1.071
-0.091 0.026 -1.080
-0.156 0.712 -1.245
-0.027 0.756 -1.135
-0.039 0.703 -1.116
-0.133 0.300 -1.122
-0.128 0.223 -1.114
-0.145 0.458 -1.143
-0.092 0.110 -1.087
-0.083 0.160 -1.088
-0.068 0.786 -1.179
-0.091 0.276 -1.102
-0.099 0.328 -1.110
-0.045 0.291 -1.091
-0.022 0.349 -1.082
-0.044 0.464 -1.106
-0.032 0.610 -1.088
-0.118 0.629 -1.167
-0.142 0.656 -1.202
-0.091 0.724 -1.206
-0.123 0.759 -1.200
-0.093 0.788 -1.160
-0.061 0.357 -1.101
-0.038 0.238 -1.084
-0.039 0.412 -1.099
-0.070 0.512 -1.119
-0.075 0.070 -1.079
-0.087 0.212 -1.094
-0.097 0.415 -1.116
-0.106 0.587 -1.143
-0.035 0.531 -1.105
-0.134 0.369 -1.128
-0.032 0.133 -1.074
-0.056 0.567 -1.120
-0.120 0.518 -1.137
-0.033 0.654 -1.096
-0.104 0.467 -1.122
-0.053 0.727 -1.152
-0.088 0.672 -1.156
-0.036 0.191 -1.080
-0.049 0.628 -1.122
-0.362 0.739 -1.200
-0.379 0.770 -1.140
-0.371 0.749 -1.186
-0.356 0.734 -1.207
-0.381 0.733 -1.148
-0.341 0.782 -1.158
-0.339 0.863 -1.102
-0.369 0.796 -1.088
-0.350 0.823 -1.131
-0.342 0.741 -1.157
-0.305 0.748 -1.142
-0.334 0.741 -1.183
-0.327 0.703 -1.166
-0.273 0.790 -1.002
-0.250 0.759 -0.998
-0.156 0.769 -0.997
-0.111 0.769 -0.999
-0.372 0.794 -1.034
-0.288 0.848 -1.131
-0.348 0.783 -1.026
-0.362 0.858 -1.065
-0.319 0.848 -1.114
-0.326 0.815 -1.025
-0.096 0.852 -1.090
-0.311 0.854 -1.057
-0.188 0.775 -0.996
-0.093 0.831 -1.040
-0.243 0.876 -1.075
-0.142 0.812 -1.017
-0.160 0.838 -1.043
-0.225 0.783 -0.998
-0.285 0.829 -1.026
-0.252 0.836 -1.057
-0.212 0.822 -1.017
-0.197 0.867 -1.078
-0.138 0.851 -1.101
-0.283 0.845 -1.085
-0.423 0.087 -0.890
-0.414 0.095 -0.959
-0.313 0.762 -1.012
-0.229 0.094 -0.911
-0.401 0.719 -1.019
-0.190 0.054 -0.918
-0.101 0.104 -0.955
-0.054 0.663 -0.977
-0.131 0.732 -0.988
-0.419 0.180 -1.016
-0.392 0.096 -0.867
-0.296 0.733 -1.008
-0.114 0.167 -0.946
-0.099 0.360 -0.978
-0.402 0.609 -1.063
-0.258 0.063 -0.901
-0.091 0.462 -0.986
-0.085 0.508 -0.956
-0.186 0.710 -0.987
-0.116 0.297 -0.935
-0.164 0.255 -0.920
-0.096 0.233 -0.958
-0.318 0.083 -0.905
-0.410 0.502 -0.994
-0.097 0.409 -0.959
-0.417 0.122 -0.968
-0.406 0.430 -0.968
-0.162 0.648 -0.975
-0.162 0.192 -0.919
-0.177 0.136 -0.916
-0.125 0.058 -0.942
-0.159 0.090 -0.925
-0.070 0.618 -0.962
-0.426 0.378 -0.988
-0.418 0.636 -1.038
-0.411 0.600 -1.016
-0.428 0.276 -0.989
-0.429 0.555 -1.042
-0.393 0.559 -0.998
-0.181 0.305 -0.924
-0.127 0.680 -0.972
-0.357 0.736 -1.025
-0.337 0.660 -1.025
-0.317 0.690 -1.021
-0.258 0.131 -0.919
-0.069 0.707 -0.966
-0.429 0.316 -1.011
-0.421 0.332 -0.963
-0.409 0.299 -0.932
-0.374 0.338 -0.939
-0.123 0.342 -0.931
-0.169 0.376 -0.933
-0.252 0.717 -0.996
-0.075 0.557 -0.963
-0.187 0.541 -0.968
-0.130 0.510 -0.948
-0.130 0.587 -0.959
-0.423 0.161 -0.909
-0.334 0.219 -0.934
-0.387 0.211 -0.898
-0.376 0.150 -0.886
-0.327 0.156 -0.920
-0.256 0.197 -0.927
-0.425 0.212 -0.987
-0.427 0.451 -1.017
-0.394 0.377 -0.948
-0.336 0.357 -0.967
-0.369 0.432 -0.966
-0.321 0.509 -1.003
-0.326 0.458 -0.992
-0.373 0.500 -0.982
-0.381 0.627 -1.008
-0.223 0.242 -0.924
-0.423 0.228 -0.934
-0.098 0.465 -0.945
-0.122 0.414 -0.933
-0.382 0.264 -0.915
-0.332 0.284 -0.951
-0.261 0.546 -1.000
-0.256 0.492 -0.989
-0.334 0.566 -1.015
-0.280 0.261 -0.939
-0.240 0.668 -0.996
-0.316 0.603 -1.017
-0.212 0.380 -0.945
-0.303 0.392 -0.974
-0.264 0.422 -0.975
-0.218 0.444 -0.961
-0.273 0.335 -0.955
-0.212 0.615 -0.986
-0.272 0.619 -1.010
-0.173 0.465 -0.952
-0.232 0.322 -0.939
-0.399 0.737 -1.030
-0.399 0.668 -1.014
