-0.383 0.043 -1.109
-0.387 0.082 -1.109
-0.381 0.122 -1.118
-0.386 0.157 -1.120
-0.381 0.180 -1.124
-0.390 0.244 -1.131
-0.368 0.265 -1.133
-0.396 0.422 -1.147
-0.392 0.524 -1.154
-0.296 0.513 -1.239
-0.282 0.382 -1.204
-0.284 0.041 -1.110
-0.279 0.255 -1.167
-0.298 0.665 -1.263
-0.389 0.679 -1.146
-0.368 0.681 -1.164
-0.273 0.096 -1.132
-0.289 0.442 -1.217
-0.310 0.508 -1.202
-0.379 0.564 -1.162
-0.371 0.078 -1.113
-0.341 0.676 -1.170
-0.276 0.178 -1.156
-0.307 0.208 -1.147
-0.281 0.313 -1.181
-0.346 0.408 -1.156
-0.306 0.592 -1.258
-0.315 0.590 -1.216
-0.289 0.682 -1.222
-0.377 0.622 -1.161
-0.322 0.091 -1.108
-0.295 0.140 -1.134
-0.340 0.211 -1.125
-0.339 0.155 -1.115
-0.329 0.282 -1.146
-0.306 0.359 -1.175
-0.312 0.424 -1.186
-0.338 0.558 -1.175
-0.349 0.322 -1.142
-0.350 0.487 -1.163
-0.319 0.642 -1.189
-0.039 0.693 -1.003
-0.045 0.658 -1.013
-0.052 0.622 -1.012
-0.064 0.574 -1.015
-0.081 0.501 -1.004
-0.081 0.406 -1.018
-0.077 0.264 -0.990
-0.074 0.181 -0.995
-0.040 0.039 -1.016
0.008 0.039 -1.055
-0.010 0.065 -1.036
0.004 0.089 -1.057
0.002 0.144 -1.065
-0.005 0.253 -1.072
-0.007 0.309 -1.078
-0.014 0.389 -1.077
-0.020 0.494 -1.091
-0.043 0.608 -1.067
-0.072 0.468 -1.035
-0.043 0.637 -1.057
-0.042 0.448 -1.065
-0.075 0.055 -0.998
-0.030 0.101 -1.031
-0.075 0.145 -0.996
-0.047 0.274 -1.048
-0.038 0.310 -1.057
-0.051 0.416 -1.056
-0.049 0.365 -1.053
-0.051 0.514 -1.063
-0.076 0.522 -1.025
-0.064 0.569 -1.044
-0.064 0.109 -1.015
-0.055 0.218 -1.034
-0.015 0.217 -1.055
-0.042 0.153 -1.035
-0.066 0.302 -1.012
-0.402 0.698 -1.086
-0.389 0.664 -1.071
-0.392 0.641 -1.074
-0.403 0.539 -1.070
-0.425 0.479 -1.075
-0.425 0.397 -1.062
-0.424 0.351 -1.053
-0.419 0.161 -0.996
-0.416 0.135 -1.005
-0.388 0.102 -1.112
-0.392 0.203 -1.126
-0.381 0.225 -1.129
-0.393 0.277 -1.133
-0.390 0.306 -1.138
-0.391 0.329 -1.140
-0.395 0.349 -1.142
-0.398 0.367 -1.143
-0.394 0.388 -1.145
-0.382 0.450 -1.152
-0.386 0.480 -1.154
-0.402 0.493 -1.145
-0.395 0.567 -1.149
-0.396 0.603 -1.138
-0.394 0.691 -1.112
-0.406 0.473 -1.125
-0.401 0.682 -1.096
-0.409 0.056 -1.011
-0.410 0.104 -1.035
-0.408 0.180 -1.087
-0.402 0.513 -1.090
-0.405 0.561 -1.107
-0.403 0.054 -1.047
-0.416 0.276 -1.090
-0.420 0.233 -1.045
-0.415 0.319 -1.104
-0.393 0.587 -1.085
-0.425 0.433 -1.079
-0.420 0.370 -1.096
-0.400 0.094 -1.082
-0.409 0.227 -1.098
-0.411 0.415 -1.128
-0.409 0.142 -1.067
-0.396 0.639 -1.102
-0.001 0.069 -1.080
0.004 0.117 -1.063
0.001 0.167 -1.065
-0.001 0.193 -1.069
-0.002 0.220 -1.071
-0.005 0.280 -1.074
-0.010 0.357 -1.078
-0.014 0.414 -1.087
-0.017 0.452 -1.088
-0.024 0.480 -1.082
-0.027 0.517 -1.084
-0.027 0.545 -1.087
-0.027 0.573 -1.092
-0.031 0.673 -1.064
-0.035 0.683 -1.034
-0.401 0.628 -1.135
-0.136 0.826 -1.171
-0.057 0.830 -1.138
-0.071 0.778 -1.160
-0.153 0.835 -1.155
-0.157 0.847 -1.116
-0.116 0.835 -1.114
-0.081 0.810 -1.109
-0.078 0.831 -1.137
-0.057 0.810 -1.158
-0.122 0.833 -1.147
-0.090 0.022 -1.106
-0.106 0.047 -1.112
-0.154 0.549 -1.159
-0.165 0.805 -1.211
-0.022 0.034 -1.090
-0.114 0.144 -1.122
-0.018 0.723 -1.071
-0.076 0.024 -1.102
-0.169 0.712 -1.245
-0.052 0.760 -1.132
-0.041 0.703 -1.117
-0.127 0.299 -1.134
-0.119 0.221 -1.129
-0.146 0.456 -1.144
-0.080 0.108 -1.106
-0.073 0.159 -1.106
-0.097 0.785 -1.184
-0.084 0.275 -1.115
-0.094 0.327 -1.121
-0.038 0.290 -1.105
-0.017 0.348 -1.095
-0.042 0.463 -1.114
-0.030 0.609 -1.094
-0.124 0.626 -1.168
-0.150 0.651 -1.202
-0.114 0.724 -1.199
-0.145 0.764 -1.215
-0.127 0.806 -1.189
-0.056 0.356 -1.113
-0.030 0.237 -1.100
-0.036 0.411 -1.110
-0.071 0.511 -1.123
-0.062 0.069 -1.100
-0.078 0.211 -1.110
-0.094 0.413 -1.123
-0.109 0.585 -1.143
-0.035 0.530 -1.113
-0.131 0.367 -1.136
-0.021 0.132 -1.093
-0.057 0.567 -1.124
-0.122 0.516 -1.137
-0.033 0.653 -1.100
-0.103 0.465 -1.126
-0.070 0.727 -1.148
-0.095 0.669 -1.156
-0.026 0.190 -1.097
-0.052 0.628 -1.125
-0.361 0.734 -1.198
-0.380 0.770 -1.139
-0.371 0.744 -1.184
-0.355 0.728 -1.205
-0.374 0.731 -1.153
-0.338 0.783 -1.160
-0.339 0.862 -1.102
-0.367 0.796 -1.089
-0.349 0.823 -1.132
-0.337 0.741 -1.160
-0.302 0.750 -1.143
-0.334 0.738 -1.180
-0.320 0.704 -1.167
-0.274 0.785 -1.004
-0.251 0.753 -1.000
-0.158 0.764 -0.994
-0.113 0.763 -0.998
-0.373 0.789 -1.036
-0.288 0.848 -1.131
-0.348 0.777 -1.029
-0.363 0.855 -1.065
-0.319 0.848 -1.114
-0.327 0.810 -1.027
-0.108 0.825 -1.100
-0.312 0.851 -1.057
-0.189 0.769 -0.996
-0.097 0.813 -1.051
-0.243 0.876 -1.075
-0.144 0.804 -1.018
-0.162 0.830 -1.044
-0.226 0.777 -1.000
-0.285 0.825 -1.027
-0.252 0.836 -1.057
-0.213 0.816 -1.019
-0.196 0.867 -1.078
-0.143 0.841 -1.102
-0.283 0.845 -1.085
-0.415 0.076 -0.912
-0.415 0.085 -0.981
-0.313 0.756 -1.015
-0.220 0.085 -0.936
-0.401 0.712 -1.021
-0.180 0.046 -0.944
-0.092 0.099 -0.977
-0.054 0.660 -0.979
-0.133 0.727 -0.985
-0.416 0.173 -1.035
-0.382 0.083 -0.891
-0.296 0.727 -1.011
-0.106 0.161 -0.966
-0.093 0.356 -0.990
-0.398 0.604 -1.067
-0.248 0.054 -0.927
-0.086 0.458 -0.995
-0.082 0.503 -0.963
-0.187 0.704 -0.986
-0.110 0.291 -0.950
-0.157 0.248 -0.938
-0.088 0.228 -0.975
-0.309 0.073 -0.932
-0.407 0.495 -1.002
-0.092 0.404 -0.970
-0.416 0.113 -0.989
-0.401 0.421 -0.979
-0.162 0.642 -0.976
-0.154 0.185 -0.939
-0.168 0.128 -0.939
-0.114 0.052 -0.966
-0.149 0.083 -0.949
-0.069 0.614 -0.966
-0.421 0.369 -1.001
-0.416 0.630 -1.042
-0.409 0.593 -1.021
-0.423 0.268 -1.006
-0.424 0.549 -1.049
-0.390 0.552 -1.003
-0.176 0.297 -0.940
-0.128 0.675 -0.972
-0.357 0.730 -1.027
-0.336 0.654 -1.029
-0.317 0.684 -1.024
-0.250 0.123 -0.943
-0.070 0.702 -0.966
-0.424 0.309 -1.026
-0.415 0.323 -0.978
-0.402 0.289 -0.948
-0.368 0.328 -0.954
-0.117 0.335 -0.944
-0.165 0.369 -0.946
-0.253 0.711 -0.998
-0.073 0.552 -0.969
-0.184 0.535 -0.975
-0.128 0.504 -0.955
-0.128 0.581 -0.964
-0.415 0.150 -0.929
-0.327 0.210 -0.955
-0.379 0.200 -0.919
-0.367 0.138 -0.909
-0.318 0.146 -0.943
-0.248 0.188 -0.949
-0.421 0.204 -1.005
-0.422 0.444 -1.027
-0.389 0.368 -0.962
-0.330 0.349 -0.981
-0.364 0.424 -0.977
-0.318 0.503 -1.012
-0.322 0.451 -1.003
-0.369 0.492 -0.990
-0.379 0.620 -1.011
-0.216 0.233 -0.943
-0.417 0.218 -0.952
-0.095 0.459 -0.954
-0.118 0.407 -0.944
-0.375 0.253 -0.933
-0.326 0.275 -0.969
-0.258 0.541 -1.007
-0.253 0.486 -0.998
-0.332 0.561 -1.020
-0.273 0.253 -0.958
-0.240 0.662 -0.997
-0.314 0.597 -1.023
-0.207 0.373 -0.959
-0.298 0.385 -0.987
-0.260 0.415 -0.988
-0.214 0.438 -0.973
-0.267 0.327 -0.971
-0.211 0.609 -0.990
-0.271 0.613 -1.016
-0.170 0.459 -0.962
-0.226 0.314 -0.955
-0.399 0.731 -1.031
-0.398 0.661 -1.017
