-0.386 0.038 -1.135
-0.390 0.078 -1.134
-0.382 0.118 -1.141
-0.386 0.153 -1.142
-0.380 0.176 -1.144
-0.386 0.241 -1.148
-0.364 0.261 -1.148
-0.387 0.419 -1.156
-0.381 0.521 -1.159
-0.279 0.512 -1.238
-0.269 0.380 -1.207
-0.288 0.033 -1.136
-0.274 0.250 -1.181
-0.285 0.665 -1.263
-0.382 0.675 -1.149
-0.361 0.679 -1.167
-0.275 0.089 -1.156
-0.274 0.441 -1.217
-0.296 0.507 -1.201
-0.368 0.561 -1.166
-0.373 0.073 -1.138
-0.333 0.675 -1.171
-0.274 0.172 -1.175
-0.304 0.203 -1.165
-0.272 0.309 -1.190
-0.335 0.405 -1.162
-0.290 0.591 -1.257
-0.301 0.590 -1.216
-0.280 0.683 -1.221
-0.368 0.619 -1.165
-0.324 0.084 -1.132
-0.296 0.134 -1.155
-0.338 0.206 -1.144
-0.339 0.150 -1.137
-0.323 0.277 -1.160
-0.296 0.355 -1.182
-0.299 0.422 -1.188
-0.327 0.557 -1.176
-0.342 0.318 -1.153
-0.338 0.484 -1.166
-0.309 0.642 -1.189
-0.055 0.684 -1.032
-0.063 0.649 -1.037
-0.069 0.614 -1.033
-0.074 0.565 -1.031
-0.083 0.492 -1.017
-0.079 0.399 -1.030
-0.070 0.258 -1.005
-0.065 0.176 -1.011
-0.027 0.035 -1.033
0.024 0.037 -1.068
0.004 0.062 -1.051
0.018 0.087 -1.071
0.014 0.142 -1.079
0.003 0.250 -1.086
-0.002 0.307 -1.094
-0.014 0.386 -1.092
-0.028 0.490 -1.108
-0.071 0.598 -1.087
-0.074 0.460 -1.048
-0.079 0.625 -1.079
-0.045 0.443 -1.080
-0.063 0.050 -1.017
-0.018 0.098 -1.047
-0.065 0.140 -1.013
-0.040 0.269 -1.062
-0.032 0.306 -1.071
-0.051 0.410 -1.070
-0.045 0.360 -1.066
-0.060 0.506 -1.079
-0.082 0.513 -1.039
-0.079 0.558 -1.060
-0.052 0.104 -1.032
-0.046 0.213 -1.049
-0.006 0.214 -1.069
-0.031 0.149 -1.051
-0.059 0.296 -1.026
-0.393 0.694 -1.089
-0.384 0.659 -1.074
-0.386 0.635 -1.078
-0.398 0.534 -1.076
-0.419 0.474 -1.084
-0.419 0.391 -1.074
-0.418 0.345 -1.066
-0.415 0.153 -1.017
-0.413 0.128 -1.027
-0.389 0.098 -1.136
-0.389 0.200 -1.146
-0.378 0.222 -1.147
-0.388 0.274 -1.149
-0.384 0.303 -1.152
-0.384 0.326 -1.153
-0.387 0.346 -1.154
-0.390 0.365 -1.154
-0.385 0.385 -1.155
-0.371 0.447 -1.159
-0.375 0.478 -1.160
-0.392 0.490 -1.152
-0.385 0.564 -1.154
-0.388 0.599 -1.142
-0.387 0.686 -1.115
-0.398 0.469 -1.133
-0.394 0.677 -1.099
-0.408 0.049 -1.035
-0.410 0.098 -1.058
-0.406 0.176 -1.107
-0.395 0.508 -1.097
-0.398 0.556 -1.113
-0.404 0.047 -1.072
-0.411 0.272 -1.106
-0.416 0.227 -1.062
-0.409 0.315 -1.118
-0.387 0.582 -1.090
-0.419 0.428 -1.089
-0.413 0.366 -1.108
-0.402 0.089 -1.106
-0.406 0.223 -1.116
-0.402 0.411 -1.138
-0.408 0.136 -1.088
-0.390 0.634 -1.106
0.016 0.066 -1.095
0.017 0.115 -1.077
0.013 0.164 -1.079
0.010 0.190 -1.083
0.007 0.217 -1.086
0.001 0.278 -1.089
-0.008 0.354 -1.093
-0.016 0.411 -1.104
-0.022 0.448 -1.104
-0.030 0.475 -1.098
-0.038 0.512 -1.100
-0.041 0.540 -1.104
-0.045 0.567 -1.109
-0.079 0.661 -1.087
-0.067 0.672 -1.060
-0.393 0.624 -1.139
-0.148 0.821 -1.171
-0.066 0.814 -1.145
-0.088 0.769 -1.173
-0.162 0.830 -1.154
-0.157 0.847 -1.116
-0.119 0.831 -1.116
-0.082 0.808 -1.111
-0.086 0.821 -1.144
-0.069 0.799 -1.168
-0.130 0.824 -1.148
-0.069 0.015 -1.125
-0.086 0.040 -1.132
-0.163 0.534 -1.187
-0.183 0.801 -1.211
-0.003 0.030 -1.106
-0.098 0.136 -1.142
-0.074 0.708 -1.098
-0.056 0.018 -1.121
-0.182 0.712 -1.245
-0.076 0.747 -1.146
-0.071 0.691 -1.140
-0.122 0.288 -1.146
-0.109 0.212 -1.145
-0.151 0.442 -1.161
-0.064 0.102 -1.125
-0.059 0.153 -1.124
-0.112 0.779 -1.193
-0.077 0.267 -1.130
-0.091 0.318 -1.133
-0.032 0.286 -1.119
-0.014 0.345 -1.110
-0.049 0.457 -1.130
-0.053 0.602 -1.111
-0.139 0.615 -1.190
-0.167 0.643 -1.224
-0.131 0.719 -1.211
-0.162 0.762 -1.218
-0.141 0.802 -1.193
-0.055 0.350 -1.127
-0.021 0.233 -1.115
-0.038 0.406 -1.125
-0.080 0.503 -1.142
-0.044 0.064 -1.118
-0.067 0.204 -1.126
-0.097 0.404 -1.136
-0.123 0.573 -1.167
-0.046 0.525 -1.130
-0.131 0.356 -1.147
-0.006 0.129 -1.108
-0.071 0.558 -1.144
-0.130 0.504 -1.160
-0.061 0.644 -1.119
-0.109 0.455 -1.143
-0.094 0.718 -1.165
-0.116 0.659 -1.176
-0.015 0.187 -1.112
-0.071 0.618 -1.146
-0.356 0.732 -1.198
-0.380 0.770 -1.139
-0.368 0.743 -1.185
-0.349 0.726 -1.205
-0.370 0.728 -1.155
-0.335 0.782 -1.160
-0.340 0.861 -1.102
-0.367 0.796 -1.089
-0.349 0.822 -1.132
-0.332 0.740 -1.161
-0.300 0.750 -1.142
-0.330 0.737 -1.180
-0.314 0.704 -1.168
-0.274 0.779 -1.007
-0.251 0.748 -1.003
-0.158 0.759 -0.998
-0.113 0.758 -1.003
-0.373 0.783 -1.039
-0.288 0.848 -1.131
-0.348 0.772 -1.032
-0.364 0.852 -1.065
-0.319 0.847 -1.114
-0.327 0.804 -1.029
-0.108 0.824 -1.101
-0.313 0.848 -1.057
-0.189 0.764 -0.999
-0.097 0.813 -1.050
-0.243 0.876 -1.075
-0.144 0.801 -1.020
-0.162 0.828 -1.045
-0.226 0.772 -1.003
-0.286 0.820 -1.029
-0.253 0.836 -1.057
-0.214 0.812 -1.022
-0.196 0.867 -1.078
-0.142 0.841 -1.103
-0.284 0.844 -1.085
-0.408 0.065 -0.936
-0.411 0.077 -1.005
-0.313 0.750 -1.018
-0.213 0.077 -0.961
-0.401 0.706 -1.024
-0.171 0.038 -0.968
-0.082 0.093 -0.996
-0.059 0.651 -1.002
-0.132 0.722 -0.991
-0.413 0.167 -1.055
-0.374 0.072 -0.916
-0.296 0.722 -1.014
-0.098 0.155 -0.984
-0.087 0.349 -1.003
-0.393 0.598 -1.072
-0.240 0.045 -0.953
-0.085 0.450 -1.007
-0.080 0.496 -0.976
-0.187 0.699 -0.989
-0.104 0.284 -0.965
-0.151 0.240 -0.956
-0.081 0.222 -0.990
-0.301 0.063 -0.958
-0.404 0.487 -1.010
-0.088 0.397 -0.982
-0.413 0.105 -1.012
-0.397 0.412 -0.990
-0.161 0.636 -0.980
-0.147 0.177 -0.959
-0.161 0.120 -0.961
-0.105 0.045 -0.988
-0.141 0.075 -0.972
-0.069 0.606 -0.984
-0.416 0.362 -1.014
-0.412 0.624 -1.048
-0.407 0.587 -1.026
-0.417 0.260 -1.022
-0.420 0.543 -1.056
-0.388 0.545 -1.008
-0.170 0.289 -0.957
-0.127 0.668 -0.979
-0.357 0.724 -1.029
-0.335 0.648 -1.032
-0.316 0.678 -1.026
-0.242 0.114 -0.968
-0.068 0.694 -0.986
-0.418 0.302 -1.040
-0.410 0.315 -0.992
-0.396 0.279 -0.964
-0.363 0.319 -0.969
-0.113 0.328 -0.958
-0.160 0.361 -0.961
-0.253 0.706 -1.001
-0.072 0.545 -0.984
-0.182 0.528 -0.982
-0.125 0.497 -0.966
-0.127 0.574 -0.973
-0.408 0.140 -0.950
-0.320 0.201 -0.975
-0.372 0.189 -0.939
-0.360 0.127 -0.932
-0.311 0.137 -0.967
-0.241 0.180 -0.971
-0.416 0.196 -1.024
-0.417 0.437 -1.037
-0.384 0.359 -0.974
-0.326 0.341 -0.996
-0.360 0.416 -0.988
-0.316 0.497 -1.020
-0.319 0.444 -1.013
-0.366 0.485 -0.998
-0.378 0.614 -1.015
-0.210 0.225 -0.963
-0.411 0.208 -0.970
-0.092 0.452 -0.965
-0.114 0.400 -0.957
-0.368 0.243 -0.951
-0.320 0.267 -0.987
-0.257 0.535 -1.014
-0.250 0.480 -1.008
-0.330 0.555 -1.026
-0.267 0.244 -0.978
-0.240 0.656 -0.999
-0.313 0.592 -1.028
-0.203 0.366 -0.974
-0.294 0.378 -1.001
-0.256 0.408 -1.001
-0.211 0.430 -0.985
-0.262 0.319 -0.988
-0.211 0.603 -0.992
-0.269 0.608 -1.019
-0.167 0.452 -0.973
-0.221 0.306 -0.972
-0.399 0.725 -1.034
-0.397 0.655 -1.021
