-0.389 0.036 -1.164
-0.391 0.076 -1.160
-0.382 0.115 -1.165
-0.385 0.151 -1.164
-0.379 0.174 -1.166
-0.383 0.239 -1.166
-0.359 0.258 -1.165
-0.380 0.416 -1.167
-0.374 0.519 -1.167
-0.266 0.512 -1.238
-0.259 0.378 -1.212
-0.291 0.028 -1.168
-0.269 0.247 -1.196
-0.273 0.665 -1.263
-0.373 0.672 -1.148
-0.353 0.677 -1.167
-0.276 0.084 -1.184
-0.263 0.440 -1.219
-0.286 0.505 -1.203
-0.361 0.559 -1.171
-0.375 0.070 -1.165
-0.325 0.673 -1.172
-0.272 0.168 -1.197
-0.301 0.200 -1.185
-0.265 0.306 -1.199
-0.328 0.402 -1.170
-0.277 0.591 -1.257
-0.291 0.589 -1.217
-0.270 0.683 -1.220
-0.360 0.617 -1.168
-0.325 0.080 -1.160
-0.295 0.130 -1.180
-0.335 0.202 -1.163
-0.338 0.145 -1.160
-0.318 0.274 -1.174
-0.288 0.353 -1.189
-0.290 0.420 -1.193
-0.319 0.555 -1.180
-0.337 0.315 -1.165
-0.330 0.482 -1.172
-0.301 0.641 -1.190
-0.063 0.673 -1.054
-0.074 0.638 -1.058
-0.080 0.604 -1.052
-0.086 0.556 -1.048
-0.088 0.483 -1.033
-0.080 0.391 -1.045
-0.066 0.251 -1.019
-0.059 0.170 -1.026
-0.014 0.030 -1.046
0.039 0.035 -1.077
0.016 0.059 -1.062
0.031 0.084 -1.081
0.024 0.139 -1.091
0.007 0.246 -1.101
-0.002 0.302 -1.110
-0.019 0.381 -1.111
-0.041 0.482 -1.126
-0.088 0.587 -1.105
-0.082 0.451 -1.065
-0.095 0.615 -1.096
-0.054 0.435 -1.098
-0.053 0.044 -1.033
-0.007 0.094 -1.060
-0.057 0.134 -1.029
-0.037 0.263 -1.077
-0.031 0.300 -1.087
-0.058 0.402 -1.088
-0.048 0.353 -1.083
-0.073 0.497 -1.097
-0.091 0.503 -1.055
-0.093 0.548 -1.076
-0.043 0.099 -1.047
-0.040 0.207 -1.063
0.000 0.210 -1.084
-0.022 0.145 -1.065
-0.057 0.290 -1.041
-0.357 0.683 -1.087
-0.371 0.649 -1.074
-0.372 0.626 -1.080
-0.393 0.527 -1.085
-0.414 0.468 -1.093
-0.415 0.386 -1.087
-0.414 0.340 -1.081
-0.411 0.146 -1.039
-0.410 0.121 -1.050
-0.390 0.096 -1.161
-0.387 0.198 -1.166
-0.375 0.219 -1.167
-0.384 0.271 -1.166
-0.378 0.301 -1.167
-0.378 0.323 -1.167
-0.381 0.344 -1.168
-0.383 0.362 -1.167
-0.378 0.383 -1.166
-0.364 0.445 -1.168
-0.368 0.475 -1.169
-0.385 0.487 -1.161
-0.378 0.561 -1.160
-0.381 0.596 -1.146
-0.363 0.679 -1.114
-0.392 0.465 -1.143
-0.368 0.669 -1.098
-0.406 0.042 -1.062
-0.408 0.092 -1.083
-0.404 0.172 -1.128
-0.390 0.503 -1.105
-0.392 0.552 -1.120
-0.404 0.042 -1.099
-0.407 0.268 -1.123
-0.412 0.221 -1.081
-0.404 0.312 -1.133
-0.379 0.574 -1.095
-0.414 0.423 -1.100
-0.408 0.362 -1.121
-0.402 0.085 -1.131
-0.402 0.220 -1.135
-0.396 0.408 -1.150
-0.406 0.132 -1.111
-0.378 0.628 -1.108
0.032 0.063 -1.104
0.029 0.112 -1.088
0.022 0.161 -1.092
0.017 0.187 -1.097
0.013 0.213 -1.100
0.003 0.274 -1.105
-0.011 0.350 -1.111
-0.024 0.405 -1.122
-0.032 0.441 -1.123
-0.042 0.468 -1.117
-0.052 0.504 -1.119
-0.056 0.531 -1.123
-0.061 0.557 -1.127
-0.095 0.651 -1.105
-0.079 0.661 -1.079
-0.385 0.621 -1.141
-0.152 0.815 -1.167
-0.069 0.805 -1.147
-0.094 0.761 -1.180
-0.164 0.825 -1.149
-0.157 0.847 -1.116
-0.118 0.831 -1.116
-0.077 0.820 -1.109
-0.088 0.813 -1.145
-0.075 0.789 -1.170
-0.132 0.819 -1.146
-0.046 0.006 -1.142
-0.064 0.029 -1.151
-0.169 0.524 -1.218
-0.192 0.798 -1.203
0.017 0.026 -1.116
-0.082 0.124 -1.162
-0.087 0.696 -1.115
-0.033 0.010 -1.136
-0.196 0.712 -1.246
-0.079 0.735 -1.159
-0.081 0.679 -1.156
-0.120 0.275 -1.166
-0.100 0.199 -1.164
-0.154 0.429 -1.194
-0.047 0.093 -1.142
-0.046 0.144 -1.141
-0.120 0.773 -1.195
-0.074 0.257 -1.148
-0.091 0.307 -1.154
-0.031 0.279 -1.136
-0.017 0.339 -1.128
-0.058 0.449 -1.151
-0.069 0.591 -1.128
-0.151 0.608 -1.210
-0.178 0.640 -1.240
-0.141 0.715 -1.219
-0.172 0.759 -1.216
-0.148 0.796 -1.189
-0.057 0.341 -1.146
-0.015 0.227 -1.130
-0.045 0.399 -1.144
-0.091 0.493 -1.166
-0.025 0.056 -1.133
-0.058 0.195 -1.143
-0.102 0.393 -1.161
-0.134 0.563 -1.191
-0.059 0.516 -1.149
-0.132 0.342 -1.172
0.007 0.124 -1.121
-0.084 0.549 -1.164
-0.138 0.493 -1.190
-0.075 0.633 -1.135
-0.116 0.443 -1.171
-0.100 0.708 -1.179
-0.128 0.651 -1.191
-0.005 0.181 -1.127
-0.085 0.608 -1.163
-0.351 0.731 -1.199
-0.380 0.770 -1.139
-0.363 0.742 -1.186
-0.343 0.725 -1.206
-0.363 0.725 -1.153
-0.332 0.781 -1.159
-0.340 0.860 -1.102
-0.367 0.796 -1.089
-0.347 0.821 -1.132
-0.328 0.739 -1.161
-0.296 0.750 -1.140
-0.326 0.736 -1.179
-0.307 0.703 -1.168
-0.273 0.774 -1.012
-0.250 0.742 -1.008
-0.157 0.752 -1.006
-0.112 0.752 -1.011
-0.372 0.777 -1.044
-0.288 0.848 -1.131
-0.347 0.766 -1.038
-0.364 0.848 -1.066
-0.320 0.847 -1.114
-0.326 0.799 -1.034
-0.107 0.828 -1.100
-0.314 0.845 -1.058
-0.188 0.758 -1.006
-0.096 0.811 -1.052
-0.244 0.876 -1.074
-0.143 0.797 -1.024
-0.162 0.826 -1.047
-0.225 0.766 -1.009
-0.286 0.816 -1.031
-0.253 0.836 -1.057
-0.213 0.807 -1.025
-0.196 0.868 -1.078
-0.141 0.843 -1.103
-0.284 0.844 -1.085
-0.402 0.054 -0.962
-0.408 0.069 -1.031
-0.312 0.744 -1.024
-0.207 0.068 -0.987
-0.400 0.700 -1.037
-0.165 0.030 -0.992
-0.075 0.086 -1.013
-0.062 0.641 -1.024
-0.131 0.715 -1.001
-0.410 0.161 -1.077
-0.368 0.060 -0.943
-0.295 0.716 -1.018
-0.092 0.148 -1.001
-0.086 0.341 -1.018
-0.383 0.590 -1.076
-0.235 0.036 -0.980
-0.087 0.442 -1.022
-0.080 0.488 -0.993
-0.186 0.692 -0.997
-0.101 0.276 -0.979
-0.148 0.231 -0.974
-0.076 0.215 -1.005
-0.295 0.054 -0.985
-0.402 0.480 -1.018
-0.087 0.389 -0.997
-0.410 0.097 -1.036
-0.395 0.404 -1.001
-0.160 0.629 -0.988
-0.143 0.169 -0.978
-0.156 0.112 -0.983
-0.097 0.038 -1.008
-0.135 0.067 -0.993
-0.070 0.597 -1.004
-0.413 0.354 -1.027
-0.406 0.617 -1.057
-0.405 0.580 -1.034
-0.413 0.253 -1.040
-0.415 0.536 -1.064
-0.387 0.538 -1.014
-0.167 0.281 -0.974
-0.125 0.661 -0.991
-0.356 0.718 -1.035
-0.334 0.642 -1.035
-0.316 0.672 -1.028
-0.237 0.105 -0.993
-0.068 0.685 -1.007
-0.414 0.296 -1.056
-0.406 0.306 -1.007
-0.392 0.269 -0.981
-0.360 0.310 -0.984
-0.110 0.320 -0.972
-0.158 0.353 -0.975
-0.252 0.700 -1.006
-0.074 0.536 -1.002
-0.182 0.521 -0.989
-0.124 0.489 -0.978
-0.125 0.566 -0.984
-0.403 0.129 -0.973
-0.316 0.192 -0.997
-0.367 0.179 -0.960
-0.354 0.116 -0.956
-0.306 0.128 -0.991
-0.237 0.172 -0.994
-0.412 0.189 -1.044
-0.414 0.430 -1.048
-0.381 0.350 -0.988
-0.323 0.333 -1.011
-0.358 0.407 -0.999
-0.315 0.490 -1.027
-0.318 0.437 -1.023
-0.365 0.477 -1.006
-0.378 0.608 -1.020
-0.206 0.217 -0.983
-0.406 0.199 -0.990
-0.090 0.444 -0.980
-0.112 0.392 -0.971
-0.364 0.233 -0.970
-0.317 0.259 -1.005
-0.256 0.529 -1.020
-0.249 0.473 -1.016
-0.329 0.549 -1.030
-0.264 0.236 -0.998
-0.239 0.650 -1.004
-0.312 0.586 -1.031
-0.201 0.358 -0.988
-0.292 0.370 -1.014
-0.254 0.401 -1.013
-0.209 0.423 -0.996
-0.259 0.312 -1.004
-0.210 0.597 -0.997
-0.269 0.602 -1.023
-0.165 0.444 -0.983
-0.218 0.298 -0.989
-0.396 0.718 -1.048
-0.397 0.649 -1.030
