-0.389 0.035 -1.193
-0.390 0.074 -1.187
-0.381 0.114 -1.191
-0.383 0.149 -1.188
-0.376 0.172 -1.189
-0.378 0.237 -1.186
-0.355 0.256 -1.183
-0.373 0.414 -1.179
-0.367 0.516 -1.175
-0.256 0.511 -1.242
-0.252 0.377 -1.221
-0.292 0.025 -1.200
-0.265 0.245 -1.214
-0.260 0.665 -1.263
-0.365 0.668 -1.147
-0.347 0.674 -1.166
-0.276 0.082 -1.213
-0.254 0.439 -1.226
-0.277 0.504 -1.209
-0.354 0.557 -1.178
-0.375 0.069 -1.193
-0.319 0.672 -1.173
-0.270 0.167 -1.220
-0.298 0.198 -1.205
-0.259 0.304 -1.213
-0.322 0.400 -1.181
-0.266 0.591 -1.259
-0.282 0.588 -1.219
-0.261 0.683 -1.219
-0.353 0.615 -1.171
-0.325 0.077 -1.189
-0.294 0.128 -1.206
-0.332 0.200 -1.184
-0.336 0.143 -1.185
-0.313 0.272 -1.190
-0.281 0.351 -1.201
-0.282 0.418 -1.202
-0.311 0.553 -1.185
-0.331 0.313 -1.180
-0.323 0.480 -1.180
-0.293 0.640 -1.191
-0.063 0.665 -1.071
-0.075 0.631 -1.075
-0.082 0.597 -1.069
-0.089 0.549 -1.066
-0.093 0.476 -1.051
-0.087 0.384 -1.063
-0.066 0.245 -1.036
-0.056 0.164 -1.042
-0.007 0.027 -1.060
0.048 0.034 -1.088
0.023 0.057 -1.075
0.038 0.083 -1.093
0.029 0.137 -1.105
0.006 0.243 -1.119
-0.006 0.298 -1.129
-0.027 0.375 -1.130
-0.050 0.475 -1.145
-0.093 0.581 -1.122
-0.089 0.444 -1.083
-0.099 0.609 -1.112
-0.063 0.428 -1.117
-0.046 0.039 -1.048
-0.001 0.090 -1.074
-0.053 0.129 -1.044
-0.039 0.258 -1.095
-0.036 0.294 -1.106
-0.066 0.395 -1.107
-0.054 0.346 -1.102
-0.082 0.490 -1.115
-0.097 0.496 -1.072
-0.099 0.542 -1.093
-0.037 0.094 -1.062
-0.039 0.202 -1.080
0.001 0.207 -1.100
-0.018 0.141 -1.080
-0.059 0.284 -1.059
-0.341 0.674 -1.086
-0.361 0.642 -1.078
-0.364 0.619 -1.083
-0.388 0.521 -1.092
-0.410 0.463 -1.105
-0.411 0.381 -1.101
-0.411 0.335 -1.097
-0.409 0.139 -1.063
-0.408 0.115 -1.076
-0.389 0.095 -1.188
-0.384 0.196 -1.188
-0.371 0.218 -1.187
-0.379 0.270 -1.184
-0.373 0.299 -1.184
-0.372 0.321 -1.183
-0.375 0.342 -1.183
-0.377 0.360 -1.181
-0.372 0.381 -1.180
-0.357 0.442 -1.179
-0.361 0.473 -1.178
-0.379 0.485 -1.170
-0.371 0.558 -1.166
-0.372 0.592 -1.150
-0.352 0.672 -1.113
-0.386 0.462 -1.153
-0.346 0.659 -1.099
-0.404 0.037 -1.091
-0.406 0.088 -1.109
-0.401 0.169 -1.151
-0.384 0.498 -1.114
-0.383 0.547 -1.126
-0.403 0.039 -1.128
-0.403 0.265 -1.142
-0.409 0.217 -1.102
-0.400 0.309 -1.150
-0.370 0.567 -1.100
-0.410 0.419 -1.114
-0.404 0.359 -1.137
-0.401 0.083 -1.158
-0.399 0.217 -1.156
-0.390 0.406 -1.163
-0.404 0.129 -1.136
-0.359 0.620 -1.111
0.041 0.062 -1.116
0.035 0.110 -1.101
0.025 0.159 -1.106
0.019 0.184 -1.112
0.014 0.211 -1.116
0.001 0.270 -1.123
-0.018 0.344 -1.130
-0.031 0.399 -1.141
-0.040 0.435 -1.142
-0.051 0.461 -1.135
-0.060 0.497 -1.138
-0.065 0.524 -1.141
-0.068 0.550 -1.145
-0.097 0.645 -1.121
-0.080 0.655 -1.096
-0.374 0.616 -1.142
-0.160 0.813 -1.171
-0.075 0.802 -1.160
-0.102 0.757 -1.190
-0.170 0.825 -1.151
-0.157 0.847 -1.116
-0.121 0.826 -1.124
-0.081 0.811 -1.122
-0.095 0.810 -1.156
-0.084 0.786 -1.181
-0.138 0.817 -1.152
-0.031 -0.001 -1.158
-0.049 0.021 -1.169
-0.176 0.520 -1.240
-0.203 0.795 -1.201
0.029 0.023 -1.129
-0.073 0.115 -1.182
-0.088 0.690 -1.131
-0.019 0.004 -1.152
-0.209 0.712 -1.246
-0.083 0.730 -1.175
-0.085 0.674 -1.172
-0.117 0.265 -1.195
-0.095 0.189 -1.187
-0.157 0.422 -1.224
-0.037 0.086 -1.159
-0.040 0.137 -1.159
-0.131 0.770 -1.200
-0.073 0.249 -1.170
-0.091 0.299 -1.180
-0.032 0.273 -1.156
-0.022 0.334 -1.147
-0.065 0.443 -1.171
-0.075 0.585 -1.146
-0.159 0.605 -1.224
-0.190 0.639 -1.249
-0.153 0.713 -1.224
-0.183 0.756 -1.216
-0.158 0.793 -1.192
-0.061 0.334 -1.168
-0.014 0.223 -1.148
-0.051 0.392 -1.164
-0.098 0.487 -1.186
-0.014 0.051 -1.148
-0.054 0.187 -1.163
-0.106 0.385 -1.188
-0.142 0.558 -1.209
-0.068 0.509 -1.168
-0.131 0.333 -1.204
0.013 0.121 -1.135
-0.092 0.543 -1.182
-0.144 0.487 -1.213
-0.080 0.627 -1.152
-0.121 0.436 -1.197
-0.106 0.704 -1.193
-0.136 0.647 -1.204
-0.002 0.177 -1.143
-0.092 0.603 -1.180
-0.346 0.731 -1.200
-0.380 0.770 -1.139
-0.359 0.741 -1.186
-0.337 0.725 -1.207
-0.358 0.722 -1.149
-0.331 0.779 -1.158
-0.340 0.859 -1.101
-0.367 0.795 -1.089
-0.346 0.821 -1.131
-0.324 0.737 -1.160
-0.294 0.750 -1.139
-0.322 0.736 -1.179
-0.302 0.702 -1.168
-0.270 0.768 -1.019
-0.248 0.736 -1.015
-0.154 0.746 -1.015
-0.110 0.744 -1.022
-0.369 0.772 -1.051
-0.288 0.848 -1.131
-0.344 0.761 -1.044
-0.363 0.845 -1.066
-0.320 0.847 -1.114
-0.324 0.794 -1.038
-0.111 0.818 -1.112
-0.313 0.842 -1.058
-0.186 0.752 -1.014
-0.096 0.801 -1.065
-0.244 0.876 -1.075
-0.141 0.790 -1.031
-0.159 0.822 -1.051
-0.222 0.761 -1.016
-0.283 0.811 -1.035
-0.251 0.835 -1.059
-0.211 0.803 -1.031
-0.191 0.870 -1.078
-0.141 0.840 -1.106
-0.284 0.844 -1.085
-0.399 0.045 -0.990
-0.406 0.062 -1.058
-0.310 0.739 -1.030
-0.204 0.061 -1.011
-0.397 0.695 -1.052
-0.161 0.024 -1.015
-0.071 0.081 -1.030
-0.063 0.634 -1.041
-0.129 0.708 -1.013
-0.408 0.156 -1.101
-0.365 0.050 -0.970
-0.293 0.710 -1.024
-0.089 0.142 -1.017
-0.090 0.334 -1.035
-0.377 0.583 -1.082
-0.232 0.029 -1.006
-0.092 0.435 -1.040
-0.081 0.480 -1.011
-0.184 0.686 -1.006
-0.100 0.269 -0.995
-0.147 0.224 -0.990
-0.074 0.209 -1.022
-0.292 0.046 -1.013
-0.402 0.473 -1.029
-0.088 0.382 -1.015
-0.407 0.091 -1.063
-0.395 0.397 -1.014
-0.158 0.622 -1.000
-0.142 0.162 -0.996
-0.154 0.105 -1.004
-0.093 0.032 -1.027
-0.132 0.061 -1.014
-0.071 0.589 -1.021
-0.411 0.347 -1.043
-0.402 0.611 -1.069
-0.404 0.575 -1.045
-0.411 0.246 -1.059
-0.412 0.531 -1.075
-0.388 0.532 -1.023
-0.167 0.273 -0.989
-0.123 0.653 -1.005
-0.353 0.713 -1.044
-0.333 0.637 -1.041
-0.314 0.667 -1.034
-0.234 0.099 -1.016
-0.067 0.677 -1.024
-0.412 0.290 -1.074
-0.405 0.298 -1.025
-0.391 0.261 -1.000
-0.359 0.302 -1.000
-0.110 0.313 -0.988
-0.157 0.346 -0.988
-0.250 0.694 -1.013
-0.075 0.529 -1.021
-0.181 0.514 -0.998
-0.123 0.482 -0.992
-0.124 0.559 -0.997
-0.401 0.120 -0.998
-0.314 0.185 -1.018
-0.365 0.169 -0.983
-0.352 0.107 -0.981
-0.304 0.120 -1.016
-0.234 0.165 -1.015
-0.410 0.183 -1.067
-0.413 0.424 -1.061
-0.381 0.342 -1.002
-0.323 0.327 -1.025
-0.358 0.400 -1.011
-0.315 0.485 -1.035
-0.318 0.431 -1.033
-0.366 0.471 -1.015
-0.378 0.603 -1.028
-0.205 0.210 -1.002
-0.405 0.190 -1.012
-0.090 0.437 -0.998
-0.111 0.385 -0.986
-0.363 0.224 -0.990
-0.315 0.252 -1.023
-0.256 0.523 -1.026
-0.249 0.467 -1.024
-0.330 0.543 -1.037
-0.262 0.230 -1.017
-0.238 0.644 -1.010
-0.312 0.580 -1.037
-0.201 0.351 -1.000
-0.292 0.364 -1.027
-0.254 0.395 -1.023
-0.209 0.417 -1.006
-0.258 0.305 -1.020
-0.209 0.590 -1.005
-0.269 0.596 -1.029
-0.165 0.437 -0.994
-0.217 0.291 -1.005
-0.390 0.713 -1.061
-0.396 0.644 -1.042
