-0.388 0.037 -1.222
-0.388 0.076 -1.215
-0.379 0.116 -1.217
-0.380 0.151 -1.213
-0.373 0.174 -1.212
-0.375 0.239 -1.206
-0.351 0.257 -1.202
-0.367 0.416 -1.191
-0.360 0.517 -1.183
-0.247 0.513 -1.246
-0.245 0.378 -1.232
-0.291 0.026 -1.230
-0.261 0.247 -1.233
-0.247 0.665 -1.263
-0.360 0.668 -1.151
-0.341 0.674 -1.170
-0.274 0.084 -1.241
-0.247 0.440 -1.233
-0.269 0.505 -1.213
-0.347 0.558 -1.184
-0.373 0.071 -1.221
-0.313 0.672 -1.175
-0.267 0.169 -1.243
-0.294 0.199 -1.227
-0.254 0.306 -1.228
-0.316 0.400 -1.192
-0.255 0.593 -1.261
-0.273 0.589 -1.222
-0.252 0.684 -1.219
-0.346 0.615 -1.176
-0.322 0.078 -1.216
-0.291 0.129 -1.231
-0.329 0.201 -1.206
-0.333 0.144 -1.209
-0.309 0.273 -1.208
-0.276 0.352 -1.213
-0.276 0.419 -1.211
-0.304 0.553 -1.189
-0.327 0.313 -1.196
-0.317 0.480 -1.188
-0.286 0.641 -1.193
-0.063 0.662 -1.086
-0.075 0.627 -1.090
-0.082 0.593 -1.085
-0.091 0.545 -1.082
-0.096 0.472 -1.068
-0.092 0.380 -1.082
-0.069 0.242 -1.055
-0.057 0.161 -1.061
-0.006 0.025 -1.078
0.049 0.033 -1.106
0.024 0.055 -1.093
0.038 0.081 -1.112
0.027 0.136 -1.124
0.002 0.241 -1.138
-0.011 0.295 -1.148
-0.033 0.372 -1.149
-0.055 0.472 -1.163
-0.096 0.578 -1.137
-0.094 0.440 -1.100
-0.100 0.606 -1.127
-0.069 0.424 -1.135
-0.046 0.036 -1.067
-0.001 0.088 -1.092
-0.054 0.125 -1.062
-0.044 0.254 -1.114
-0.041 0.291 -1.125
-0.072 0.392 -1.126
-0.061 0.343 -1.122
-0.086 0.487 -1.132
-0.101 0.493 -1.089
-0.101 0.539 -1.109
-0.038 0.091 -1.080
-0.042 0.199 -1.099
-0.003 0.205 -1.120
-0.020 0.138 -1.099
-0.064 0.280 -1.078
-0.340 0.674 -1.089
-0.361 0.641 -1.083
-0.363 0.618 -1.088
-0.386 0.520 -1.101
-0.407 0.462 -1.118
-0.409 0.380 -1.117
-0.409 0.333 -1.114
-0.408 0.136 -1.088
-0.407 0.112 -1.102
-0.387 0.096 -1.214
-0.381 0.198 -1.210
-0.368 0.219 -1.208
-0.375 0.271 -1.203
-0.369 0.301 -1.202
-0.368 0.323 -1.200
-0.371 0.343 -1.198
-0.372 0.362 -1.196
-0.367 0.382 -1.194
-0.351 0.443 -1.189
-0.355 0.474 -1.188
-0.372 0.485 -1.180
-0.364 0.559 -1.173
-0.367 0.592 -1.156
-0.349 0.672 -1.116
-0.380 0.463 -1.164
-0.345 0.659 -1.102
-0.403 0.035 -1.120
-0.404 0.087 -1.136
-0.399 0.170 -1.175
-0.381 0.497 -1.123
-0.378 0.546 -1.134
-0.401 0.038 -1.156
-0.400 0.265 -1.162
-0.408 0.215 -1.124
-0.397 0.309 -1.168
-0.368 0.566 -1.106
-0.407 0.418 -1.128
-0.400 0.359 -1.153
-0.399 0.084 -1.185
-0.396 0.218 -1.178
-0.385 0.406 -1.176
-0.402 0.129 -1.161
-0.356 0.619 -1.116
0.041 0.060 -1.135
0.034 0.109 -1.120
0.023 0.157 -1.126
0.017 0.183 -1.131
0.011 0.209 -1.136
-0.004 0.267 -1.142
-0.023 0.341 -1.149
-0.037 0.396 -1.160
-0.046 0.432 -1.160
-0.057 0.458 -1.154
-0.065 0.493 -1.155
-0.069 0.521 -1.158
-0.072 0.547 -1.162
-0.098 0.642 -1.136
-0.080 0.651 -1.111
-0.368 0.616 -1.148
-0.165 0.811 -1.168
-0.080 0.797 -1.163
-0.110 0.754 -1.196
-0.173 0.823 -1.148
-0.157 0.847 -1.116
-0.123 0.824 -1.124
-0.083 0.808 -1.124
-0.099 0.806 -1.158
-0.091 0.782 -1.184
-0.142 0.814 -1.151
-0.029 -0.004 -1.178
-0.047 0.018 -1.188
-0.184 0.519 -1.253
-0.211 0.793 -1.196
0.030 0.022 -1.147
-0.072 0.111 -1.204
-0.088 0.687 -1.146
-0.017 0.002 -1.171
-0.222 0.712 -1.246
-0.086 0.727 -1.189
-0.089 0.671 -1.188
-0.117 0.261 -1.222
-0.094 0.186 -1.212
-0.161 0.420 -1.245
-0.036 0.083 -1.179
-0.040 0.134 -1.179
-0.139 0.768 -1.202
-0.074 0.246 -1.195
-0.093 0.296 -1.204
-0.035 0.270 -1.177
-0.027 0.331 -1.166
-0.071 0.440 -1.189
-0.079 0.582 -1.162
-0.169 0.604 -1.234
-0.202 0.638 -1.253
-0.164 0.713 -1.228
-0.193 0.755 -1.215
-0.166 0.791 -1.190
-0.065 0.331 -1.190
-0.016 0.220 -1.169
-0.056 0.390 -1.184
-0.104 0.484 -1.203
-0.013 0.048 -1.167
-0.055 0.184 -1.186
-0.110 0.382 -1.210
-0.149 0.557 -1.222
-0.073 0.506 -1.185
-0.133 0.330 -1.229
0.012 0.119 -1.155
-0.098 0.540 -1.198
-0.151 0.485 -1.229
-0.083 0.624 -1.168
-0.126 0.433 -1.216
-0.113 0.702 -1.204
-0.144 0.645 -1.214
-0.004 0.175 -1.163
-0.097 0.600 -1.195
-0.340 0.730 -1.200
-0.380 0.770 -1.139
-0.355 0.740 -1.187
-0.331 0.724 -1.207
-0.354 0.721 -1.152
-0.327 0.780 -1.158
-0.339 0.859 -1.101
-0.367 0.796 -1.089
-0.344 0.821 -1.131
-0.320 0.738 -1.161
-0.290 0.750 -1.138
-0.317 0.735 -1.179
-0.297 0.703 -1.169
-0.270 0.765 -1.022
-0.247 0.733 -1.020
-0.154 0.742 -1.021
-0.110 0.741 -1.027
-0.369 0.772 -1.051
-0.288 0.848 -1.131
-0.344 0.760 -1.046
-0.363 0.845 -1.065
-0.319 0.847 -1.114
-0.323 0.793 -1.039
-0.111 0.818 -1.112
-0.312 0.841 -1.058
-0.185 0.748 -1.020
-0.096 0.801 -1.065
-0.244 0.876 -1.074
-0.140 0.788 -1.033
-0.158 0.821 -1.052
-0.222 0.757 -1.021
-0.283 0.810 -1.036
-0.251 0.834 -1.059
-0.210 0.801 -1.033
-0.191 0.870 -1.077
-0.141 0.840 -1.106
-0.284 0.845 -1.085
-0.400 0.039 -1.019
-0.405 0.059 -1.086
-0.309 0.737 -1.034
-0.204 0.057 -1.033
-0.397 0.694 -1.053
-0.161 0.020 -1.037
-0.071 0.077 -1.049
-0.063 0.630 -1.057
-0.129 0.704 -1.021
-0.406 0.155 -1.125
-0.366 0.044 -0.998
-0.293 0.708 -1.029
-0.090 0.138 -1.035
-0.094 0.330 -1.054
-0.376 0.582 -1.088
-0.232 0.024 -1.030
-0.096 0.431 -1.057
-0.082 0.475 -1.028
-0.183 0.682 -1.015
-0.101 0.265 -1.013
-0.147 0.220 -1.007
-0.076 0.205 -1.040
-0.292 0.042 -1.039
-0.404 0.470 -1.041
-0.091 0.378 -1.033
-0.406 0.088 -1.090
-0.397 0.392 -1.029
-0.158 0.618 -1.012
-0.142 0.157 -1.014
-0.154 0.101 -1.023
-0.092 0.029 -1.047
-0.132 0.057 -1.033
-0.071 0.585 -1.037
-0.411 0.344 -1.060
-0.402 0.610 -1.076
-0.404 0.572 -1.053
-0.411 0.243 -1.080
-0.411 0.529 -1.085
-0.390 0.529 -1.033
-0.168 0.269 -1.005
-0.123 0.649 -1.019
-0.353 0.711 -1.046
-0.334 0.634 -1.046
-0.315 0.664 -1.039
-0.234 0.095 -1.038
-0.067 0.673 -1.039
-0.411 0.287 -1.093
-0.406 0.294 -1.043
-0.393 0.255 -1.020
-0.361 0.297 -1.017
-0.110 0.309 -1.005
-0.158 0.342 -1.002
-0.249 0.691 -1.020
-0.076 0.524 -1.038
-0.181 0.510 -1.010
-0.123 0.477 -1.007
-0.124 0.555 -1.012
-0.401 0.115 -1.024
-0.314 0.181 -1.039
-0.367 0.163 -1.005
-0.353 0.101 -1.006
-0.304 0.116 -1.039
-0.235 0.161 -1.034
-0.409 0.180 -1.090
-0.412 0.422 -1.075
-0.383 0.337 -1.018
-0.323 0.323 -1.040
-0.360 0.396 -1.024
-0.317 0.482 -1.044
-0.319 0.428 -1.043
-0.368 0.467 -1.026
-0.379 0.600 -1.035
-0.206 0.205 -1.019
-0.405 0.185 -1.035
-0.091 0.432 -1.016
-0.112 0.380 -1.003
-0.364 0.219 -1.010
-0.316 0.248 -1.041
-0.258 0.519 -1.034
-0.251 0.464 -1.033
-0.331 0.540 -1.044
-0.263 0.226 -1.034
-0.237 0.641 -1.018
-0.313 0.577 -1.044
-0.202 0.347 -1.013
-0.293 0.361 -1.039
-0.256 0.391 -1.034
-0.210 0.413 -1.016
-0.259 0.301 -1.034
-0.209 0.586 -1.014
-0.270 0.593 -1.036
-0.165 0.433 -1.007
-0.218 0.287 -1.020
-0.390 0.713 -1.062
-0.396 0.642 -1.047
