-0.465 0.046 -0.195
-0.466 0.086 -0.194
-0.460 0.126 -0.205
-0.462 0.161 -0.205
-0.457 0.183 -0.211
-0.462 0.248 -0.215
-0.441 0.267 -0.225
-0.463 0.425 -0.230
-0.457 0.527 -0.239
-0.404 0.512 -0.356
-0.381 0.380 -0.326
-0.378 0.036 -0.239
-0.376 0.251 -0.294
-0.413 0.664 -0.384
-0.430 0.679 -0.229
-0.434 0.683 -0.257
-0.372 0.091 -0.265
-0.390 0.441 -0.336
-0.402 0.508 -0.316
-0.448 0.567 -0.252
-0.453 0.081 -0.204
-0.419 0.679 -0.280
-0.376 0.173 -0.285
-0.397 0.206 -0.264
-0.377 0.310 -0.305
-0.420 0.410 -0.258
-0.421 0.591 -0.372
-0.412 0.591 -0.330
-0.416 0.684 -0.351
-0.444 0.625 -0.252
-0.405 0.089 -0.221
-0.388 0.137 -0.256
-0.417 0.211 -0.230
-0.418 0.155 -0.221
-0.409 0.282 -0.254
-0.393 0.358 -0.290
-0.399 0.424 -0.299
-0.417 0.560 -0.282
-0.423 0.324 -0.241
-0.424 0.488 -0.265
-0.410 0.645 -0.306
-0.045 0.688 -0.131
-0.052 0.653 -0.138
-0.060 0.618 -0.135
-0.068 0.570 -0.134
-0.081 0.498 -0.121
-0.076 0.403 -0.126
-0.076 0.264 -0.089
-0.073 0.182 -0.089
-0.034 0.040 -0.090
0.025 0.039 -0.108
0.001 0.065 -0.100
0.022 0.089 -0.115
0.022 0.144 -0.127
0.016 0.251 -0.142
0.016 0.308 -0.153
0.006 0.387 -0.159
0.004 0.490 -0.179
-0.040 0.600 -0.185
-0.065 0.463 -0.146
-0.050 0.628 -0.181
-0.026 0.444 -0.163
-0.073 0.056 -0.086
-0.020 0.101 -0.106
-0.073 0.146 -0.089
-0.033 0.271 -0.138
-0.021 0.307 -0.146
-0.036 0.412 -0.156
-0.034 0.362 -0.148
-0.038 0.508 -0.170
-0.073 0.517 -0.142
-0.061 0.562 -0.162
-0.058 0.109 -0.102
-0.044 0.216 -0.124
0.001 0.217 -0.129
-0.030 0.153 -0.117
-0.061 0.301 -0.110
-0.373 0.683 -0.197
-0.390 0.654 -0.176
-0.396 0.632 -0.177
-0.429 0.538 -0.160
-0.458 0.482 -0.153
-0.458 0.401 -0.141
-0.457 0.356 -0.131
-0.445 0.165 -0.078
-0.448 0.140 -0.087
-0.465 0.107 -0.196
-0.465 0.208 -0.210
-0.455 0.229 -0.217
-0.463 0.281 -0.216
-0.460 0.310 -0.223
-0.460 0.332 -0.224
-0.464 0.353 -0.225
-0.465 0.371 -0.224
-0.461 0.391 -0.228
-0.451 0.453 -0.241
-0.454 0.483 -0.242
-0.465 0.496 -0.227
-0.455 0.570 -0.233
-0.446 0.604 -0.221
-0.398 0.682 -0.212
-0.462 0.476 -0.207
-0.386 0.669 -0.203
-0.449 0.060 -0.094
-0.455 0.109 -0.117
-0.466 0.185 -0.167
-0.438 0.513 -0.178
-0.442 0.561 -0.193
-0.457 0.058 -0.129
-0.467 0.281 -0.168
-0.458 0.238 -0.123
-0.469 0.324 -0.181
-0.414 0.580 -0.181
-0.462 0.437 -0.156
-0.467 0.375 -0.173
-0.465 0.098 -0.164
-0.468 0.232 -0.177
-0.469 0.419 -0.207
-0.463 0.146 -0.147
-0.407 0.630 -0.202
0.028 0.068 -0.137
0.024 0.117 -0.123
0.021 0.166 -0.128
0.020 0.192 -0.134
0.019 0.219 -0.139
0.016 0.279 -0.147
0.011 0.355 -0.156
0.010 0.411 -0.170
0.006 0.449 -0.173
-0.004 0.476 -0.172
-0.007 0.513 -0.178
-0.007 0.541 -0.183
-0.007 0.568 -0.189
-0.045 0.664 -0.189
-0.046 0.675 -0.160
-0.439 0.628 -0.217
-0.114 0.808 -0.282
-0.050 0.831 -0.230
-0.039 0.775 -0.256
-0.137 0.817 -0.273
-0.157 0.846 -0.236
-0.111 0.839 -0.228
-0.073 0.842 -0.208
-0.069 0.831 -0.239
-0.041 0.808 -0.243
-0.110 0.822 -0.257
-0.036 0.015 -0.200
-0.047 0.040 -0.215
-0.034 0.539 -0.330
-0.118 0.777 -0.331
0.015 0.031 -0.153
-0.049 0.135 -0.235
-0.037 0.710 -0.194
-0.026 0.019 -0.190
-0.055 0.712 -0.366
-0.020 0.754 -0.231
-0.008 0.696 -0.226
-0.050 0.288 -0.267
-0.048 0.211 -0.251
-0.044 0.445 -0.307
-0.028 0.102 -0.201
-0.023 0.153 -0.201
-0.059 0.778 -0.282
-0.027 0.268 -0.225
-0.032 0.319 -0.239
0.004 0.286 -0.190
0.015 0.345 -0.174
0.001 0.458 -0.210
-0.012 0.604 -0.194
-0.023 0.621 -0.311
-0.021 0.651 -0.351
-0.036 0.725 -0.311
-0.079 0.752 -0.327
-0.093 0.790 -0.294
-0.008 0.350 -0.211
0.010 0.234 -0.179
0.004 0.407 -0.200
-0.013 0.505 -0.240
-0.016 0.064 -0.184
-0.024 0.204 -0.212
-0.029 0.405 -0.249
-0.024 0.577 -0.285
0.004 0.526 -0.207
-0.049 0.357 -0.279
0.015 0.130 -0.161
-0.004 0.561 -0.233
-0.032 0.507 -0.289
-0.012 0.647 -0.204
-0.031 0.456 -0.263
-0.020 0.724 -0.257
-0.019 0.664 -0.281
0.012 0.187 -0.171
-0.003 0.622 -0.232
-0.337 0.724 -0.363
-0.297 0.773 -0.328
-0.323 0.735 -0.357
-0.346 0.717 -0.366
-0.423 0.731 -0.240
-0.405 0.782 -0.270
-0.344 0.837 -0.232
-0.328 0.801 -0.293
-0.375 0.816 -0.265
-0.412 0.743 -0.276
-0.392 0.755 -0.308
-0.360 0.733 -0.342
-0.409 0.709 -0.296
-0.276 0.786 -0.134
-0.254 0.754 -0.129
-0.162 0.766 -0.125
-0.117 0.767 -0.124
-0.377 0.786 -0.155
-0.287 0.848 -0.252
-0.352 0.776 -0.151
-0.369 0.841 -0.194
-0.315 0.840 -0.248
-0.330 0.808 -0.152
-0.105 0.837 -0.211
-0.317 0.841 -0.188
-0.193 0.771 -0.129
-0.100 0.830 -0.160
-0.249 0.886 -0.215
-0.149 0.811 -0.140
-0.166 0.839 -0.167
-0.229 0.778 -0.133
-0.289 0.828 -0.154
-0.257 0.857 -0.177
-0.219 0.820 -0.152
-0.197 0.877 -0.210
-0.141 0.847 -0.222
-0.282 0.849 -0.209
-0.422 0.079 0.002
-0.442 0.089 -0.064
-0.317 0.755 -0.138
-0.225 0.088 -0.031
-0.406 0.714 -0.143
-0.184 0.049 -0.040
-0.095 0.100 -0.073
-0.060 0.658 -0.104
-0.137 0.729 -0.114
-0.456 0.178 -0.115
-0.385 0.085 0.017
-0.300 0.728 -0.130
-0.109 0.163 -0.065
-0.092 0.355 -0.098
-0.409 0.598 -0.164
-0.253 0.056 -0.025
-0.087 0.456 -0.109
-0.088 0.503 -0.080
-0.191 0.705 -0.117
-0.115 0.293 -0.056
-0.162 0.250 -0.044
-0.091 0.229 -0.075
-0.313 0.075 -0.026
-0.418 0.499 -0.090
-0.095 0.405 -0.081
-0.444 0.117 -0.072
-0.410 0.424 -0.067
-0.165 0.643 -0.104
-0.159 0.187 -0.043
-0.174 0.131 -0.041
-0.119 0.054 -0.064
-0.155 0.085 -0.049
-0.075 0.613 -0.088
-0.436 0.373 -0.083
-0.423 0.630 -0.145
-0.419 0.597 -0.117
-0.445 0.272 -0.086
-0.441 0.552 -0.135
-0.399 0.556 -0.096
-0.180 0.300 -0.047
-0.132 0.675 -0.101
-0.361 0.729 -0.144
-0.343 0.654 -0.133
-0.323 0.684 -0.133
-0.255 0.126 -0.031
-0.074 0.702 -0.094
-0.450 0.314 -0.105
-0.427 0.327 -0.062
-0.409 0.292 -0.036
-0.375 0.331 -0.046
-0.122 0.337 -0.054
-0.170 0.371 -0.058
-0.256 0.713 -0.122
-0.078 0.552 -0.087
-0.190 0.536 -0.091
-0.133 0.505 -0.073
-0.134 0.582 -0.085
-0.422 0.153 -0.015
-0.333 0.212 -0.048
-0.383 0.202 -0.010
-0.372 0.140 -0.002
-0.324 0.148 -0.038
-0.254 0.192 -0.037
-0.448 0.208 -0.085
-0.442 0.448 -0.108
-0.397 0.371 -0.051
-0.339 0.351 -0.074
-0.373 0.427 -0.070
-0.328 0.506 -0.106
-0.332 0.454 -0.096
-0.379 0.496 -0.084
-0.388 0.625 -0.112
-0.222 0.237 -0.043
-0.426 0.221 -0.036
-0.100 0.460 -0.069
-0.123 0.409 -0.058
-0.380 0.256 -0.025
-0.332 0.278 -0.062
-0.270 0.545 -0.094
-0.264 0.491 -0.084
-0.342 0.563 -0.116
-0.280 0.257 -0.047
-0.245 0.664 -0.114
-0.323 0.599 -0.121
-0.214 0.376 -0.064
-0.307 0.388 -0.079
-0.271 0.420 -0.073
-0.222 0.440 -0.076
-0.276 0.332 -0.057
-0.217 0.611 -0.105
-0.282 0.616 -0.108
-0.175 0.460 -0.075
-0.233 0.317 -0.054
-0.401 0.729 -0.157
-0.405 0.665 -0.127
