-0.386 0.042 -1.250
-0.387 0.081 -1.241
-0.377 0.121 -1.241
-0.378 0.156 -1.236
-0.371 0.179 -1.235
-0.373 0.243 -1.226
-0.349 0.261 -1.221
-0.363 0.419 -1.203
-0.355 0.520 -1.191
-0.239 0.516 -1.248
-0.240 0.382 -1.240
-0.289 0.032 -1.257
-0.258 0.251 -1.250
-0.234 0.665 -1.263
-0.356 0.670 -1.156
-0.335 0.677 -1.174
-0.272 0.089 -1.265
-0.240 0.443 -1.237
-0.262 0.507 -1.216
-0.341 0.560 -1.190
-0.371 0.076 -1.247
-0.308 0.674 -1.179
-0.264 0.174 -1.264
-0.292 0.204 -1.247
-0.251 0.310 -1.242
-0.312 0.403 -1.202
-0.248 0.595 -1.262
-0.266 0.592 -1.224
-0.242 0.685 -1.218
-0.340 0.618 -1.181
-0.321 0.083 -1.241
-0.289 0.135 -1.254
-0.327 0.205 -1.227
-0.332 0.149 -1.232
-0.307 0.277 -1.225
-0.272 0.355 -1.225
-0.271 0.421 -1.218
-0.298 0.556 -1.193
-0.324 0.317 -1.212
-0.312 0.483 -1.194
-0.279 0.643 -1.196
-0.065 0.661 -1.100
-0.077 0.626 -1.104
-0.084 0.592 -1.099
-0.092 0.544 -1.097
-0.098 0.471 -1.083
-0.095 0.378 -1.099
-0.072 0.240 -1.075
-0.061 0.159 -1.082
-0.010 0.023 -1.102
0.044 0.031 -1.132
0.019 0.054 -1.118
0.032 0.080 -1.137
0.021 0.134 -1.148
-0.004 0.240 -1.160
-0.017 0.295 -1.169
-0.039 0.371 -1.168
-0.060 0.472 -1.181
-0.099 0.578 -1.152
-0.097 0.440 -1.116
-0.103 0.605 -1.141
-0.073 0.424 -1.153
-0.049 0.034 -1.089
-0.006 0.087 -1.116
-0.057 0.124 -1.084
-0.049 0.253 -1.135
-0.047 0.290 -1.146
-0.076 0.391 -1.143
-0.066 0.341 -1.141
-0.089 0.486 -1.148
-0.102 0.492 -1.104
-0.103 0.538 -1.124
-0.042 0.090 -1.103
-0.048 0.197 -1.121
-0.008 0.203 -1.142
-0.025 0.136 -1.122
-0.069 0.278 -1.099
-0.341 0.675 -1.092
-0.362 0.642 -1.088
-0.363 0.619 -1.094
-0.385 0.521 -1.111
-0.406 0.464 -1.130
-0.409 0.382 -1.132
-0.409 0.335 -1.132
-0.409 0.137 -1.113
-0.407 0.114 -1.127
-0.385 0.102 -1.239
-0.379 0.203 -1.232
-0.366 0.224 -1.229
-0.372 0.276 -1.221
-0.366 0.305 -1.219
-0.365 0.327 -1.216
-0.367 0.348 -1.214
-0.369 0.366 -1.211
-0.363 0.386 -1.207
-0.347 0.447 -1.199
-0.350 0.477 -1.197
-0.368 0.489 -1.190
-0.359 0.562 -1.180
-0.362 0.594 -1.163
-0.348 0.674 -1.120
-0.377 0.466 -1.175
-0.344 0.660 -1.106
-0.404 0.037 -1.148
-0.404 0.089 -1.162
-0.397 0.174 -1.198
-0.379 0.499 -1.133
-0.376 0.548 -1.142
-0.401 0.041 -1.184
-0.399 0.268 -1.182
-0.407 0.217 -1.146
-0.395 0.313 -1.186
-0.367 0.568 -1.113
-0.406 0.420 -1.142
-0.398 0.362 -1.169
-0.397 0.088 -1.211
-0.395 0.221 -1.199
-0.382 0.410 -1.189
-0.401 0.132 -1.186
-0.355 0.621 -1.121
0.034 0.059 -1.160
0.028 0.108 -1.145
0.017 0.156 -1.149
0.011 0.181 -1.155
0.004 0.207 -1.158
-0.010 0.266 -1.164
-0.029 0.341 -1.169
-0.043 0.395 -1.179
-0.051 0.431 -1.179
-0.061 0.457 -1.171
-0.070 0.493 -1.172
-0.073 0.520 -1.175
-0.077 0.547 -1.178
-0.101 0.641 -1.150
-0.083 0.650 -1.125
-0.365 0.618 -1.154
-0.170 0.808 -1.165
-0.085 0.793 -1.165
-0.117 0.753 -1.201
-0.176 0.822 -1.145
-0.157 0.847 -1.116
-0.124 0.823 -1.124
-0.083 0.807 -1.125
-0.103 0.802 -1.158
-0.098 0.779 -1.185
-0.145 0.811 -1.148
-0.037 -0.004 -1.201
-0.056 0.018 -1.211
-0.195 0.520 -1.261
-0.218 0.792 -1.191
0.023 0.021 -1.172
-0.080 0.111 -1.226
-0.091 0.686 -1.160
-0.025 0.001 -1.194
-0.234 0.712 -1.246
-0.093 0.727 -1.202
-0.095 0.671 -1.201
-0.124 0.262 -1.242
-0.101 0.186 -1.234
-0.171 0.421 -1.257
-0.044 0.083 -1.202
-0.047 0.134 -1.202
-0.147 0.766 -1.203
-0.081 0.246 -1.216
-0.100 0.296 -1.224
-0.041 0.270 -1.198
-0.033 0.331 -1.186
-0.077 0.440 -1.206
-0.084 0.581 -1.177
-0.179 0.604 -1.241
-0.214 0.639 -1.257
-0.174 0.713 -1.232
-0.203 0.754 -1.213
-0.173 0.789 -1.187
-0.071 0.331 -1.209
-0.022 0.220 -1.191
-0.062 0.389 -1.202
-0.111 0.484 -1.218
-0.021 0.048 -1.191
-0.062 0.184 -1.209
-0.117 0.383 -1.227
-0.158 0.557 -1.232
-0.079 0.506 -1.201
-0.141 0.331 -1.246
0.005 0.118 -1.179
-0.105 0.540 -1.212
-0.160 0.485 -1.240
-0.088 0.624 -1.183
-0.134 0.434 -1.230
-0.121 0.702 -1.214
-0.152 0.645 -1.222
-0.010 0.174 -1.186
-0.104 0.600 -1.209
-0.335 0.729 -1.200
-0.380 0.770 -1.139
-0.351 0.739 -1.187
-0.325 0.723 -1.207
-0.349 0.723 -1.156
-0.323 0.782 -1.159
-0.339 0.859 -1.100
-0.367 0.796 -1.089
-0.343 0.821 -1.131
-0.315 0.740 -1.163
-0.287 0.751 -1.138
-0.313 0.735 -1.179
-0.291 0.705 -1.172
-0.269 0.764 -1.024
-0.247 0.731 -1.024
-0.154 0.740 -1.025
-0.110 0.740 -1.031
-0.369 0.770 -1.051
-0.288 0.848 -1.131
-0.344 0.759 -1.046
-0.363 0.843 -1.065
-0.320 0.847 -1.114
-0.323 0.791 -1.040
-0.111 0.818 -1.112
-0.312 0.840 -1.058
-0.185 0.746 -1.023
-0.096 0.801 -1.065
-0.244 0.876 -1.074
-0.140 0.787 -1.034
-0.158 0.821 -1.051
-0.222 0.756 -1.024
-0.283 0.808 -1.037
-0.251 0.834 -1.059
-0.210 0.799 -1.035
-0.191 0.869 -1.077
-0.141 0.840 -1.106
-0.284 0.845 -1.085
-0.403 0.038 -1.047
-0.406 0.060 -1.113
-0.309 0.736 -1.035
-0.207 0.056 -1.053
-0.397 0.694 -1.054
-0.164 0.018 -1.058
-0.074 0.075 -1.070
-0.064 0.628 -1.071
-0.129 0.702 -1.028
-0.406 0.157 -1.149
-0.370 0.041 -1.024
-0.293 0.706 -1.032
-0.093 0.136 -1.055
-0.097 0.328 -1.072
-0.376 0.583 -1.095
-0.235 0.023 -1.052
-0.098 0.429 -1.074
-0.083 0.473 -1.044
-0.183 0.680 -1.023
-0.104 0.263 -1.032
-0.149 0.218 -1.025
-0.079 0.203 -1.060
-0.295 0.041 -1.062
-0.405 0.469 -1.053
-0.093 0.376 -1.050
-0.407 0.089 -1.116
-0.399 0.391 -1.044
-0.158 0.615 -1.025
-0.144 0.155 -1.033
-0.157 0.099 -1.042
-0.096 0.027 -1.068
-0.135 0.055 -1.053
-0.071 0.584 -1.052
-0.413 0.343 -1.077
-0.402 0.611 -1.082
-0.405 0.572 -1.061
-0.412 0.244 -1.101
-0.411 0.530 -1.095
-0.391 0.528 -1.042
-0.169 0.267 -1.021
-0.124 0.647 -1.033
-0.353 0.710 -1.047
-0.335 0.633 -1.051
-0.315 0.663 -1.043
-0.237 0.093 -1.058
-0.069 0.672 -1.053
-0.411 0.288 -1.113
-0.408 0.293 -1.062
-0.395 0.254 -1.039
-0.363 0.295 -1.034
-0.112 0.306 -1.023
-0.160 0.339 -1.017
-0.249 0.689 -1.025
-0.076 0.522 -1.053
-0.182 0.508 -1.023
-0.123 0.475 -1.022
-0.124 0.552 -1.026
-0.404 0.114 -1.049
-0.317 0.180 -1.058
-0.370 0.161 -1.028
-0.356 0.099 -1.030
-0.306 0.115 -1.060
-0.237 0.159 -1.052
-0.410 0.181 -1.113
-0.413 0.422 -1.089
-0.386 0.335 -1.035
-0.325 0.322 -1.055
-0.362 0.394 -1.037
-0.318 0.480 -1.054
-0.321 0.427 -1.055
-0.370 0.465 -1.037
-0.380 0.599 -1.041
-0.208 0.204 -1.037
-0.407 0.184 -1.058
-0.092 0.430 -1.032
-0.113 0.378 -1.020
-0.367 0.217 -1.030
-0.318 0.247 -1.058
-0.259 0.518 -1.043
-0.252 0.462 -1.044
-0.332 0.539 -1.053
-0.265 0.224 -1.051
-0.237 0.639 -1.025
-0.314 0.576 -1.051
-0.203 0.345 -1.027
-0.295 0.359 -1.052
-0.258 0.390 -1.046
-0.211 0.411 -1.029
-0.261 0.300 -1.049
-0.210 0.584 -1.024
-0.271 0.591 -1.043
-0.166 0.431 -1.021
-0.220 0.285 -1.035
-0.390 0.713 -1.062
-0.397 0.641 -1.051
