-0.387 0.049 -1.275
-0.388 0.088 -1.265
-0.377 0.128 -1.264
-0.379 0.163 -1.257
-0.371 0.185 -1.255
-0.373 0.250 -1.244
-0.349 0.267 -1.238
-0.363 0.424 -1.214
-0.354 0.524 -1.198
-0.235 0.519 -1.245
-0.238 0.386 -1.243
-0.289 0.039 -1.281
-0.258 0.258 -1.264
-0.234 0.665 -1.263
-0.356 0.672 -1.160
-0.335 0.679 -1.177
-0.272 0.097 -1.286
-0.237 0.447 -1.237
-0.260 0.510 -1.215
-0.340 0.564 -1.194
-0.372 0.083 -1.271
-0.307 0.677 -1.180
-0.264 0.182 -1.282
-0.292 0.211 -1.265
-0.250 0.315 -1.251
-0.312 0.407 -1.210
-0.246 0.596 -1.262
-0.264 0.594 -1.223
-0.242 0.687 -1.219
-0.340 0.620 -1.184
-0.322 0.090 -1.264
-0.289 0.142 -1.274
-0.327 0.211 -1.245
-0.332 0.155 -1.253
-0.307 0.282 -1.240
-0.271 0.359 -1.232
-0.269 0.425 -1.221
-0.297 0.558 -1.194
-0.325 0.322 -1.225
-0.311 0.486 -1.198
-0.278 0.645 -1.196
-0.065 0.660 -1.110
-0.077 0.626 -1.115
-0.084 0.591 -1.111
-0.092 0.544 -1.110
-0.099 0.470 -1.098
-0.098 0.378 -1.115
-0.076 0.238 -1.095
-0.067 0.158 -1.104
-0.019 0.021 -1.130
0.033 0.029 -1.163
0.009 0.051 -1.147
0.022 0.078 -1.167
0.012 0.133 -1.176
-0.012 0.238 -1.183
-0.024 0.294 -1.190
-0.043 0.371 -1.186
-0.062 0.472 -1.196
-0.098 0.578 -1.164
-0.099 0.439 -1.131
-0.103 0.606 -1.153
-0.075 0.424 -1.168
-0.057 0.033 -1.114
-0.015 0.085 -1.143
-0.064 0.122 -1.107
-0.055 0.252 -1.156
-0.053 0.289 -1.166
-0.079 0.391 -1.160
-0.070 0.341 -1.159
-0.091 0.487 -1.162
-0.103 0.492 -1.118
-0.103 0.538 -1.137
-0.050 0.088 -1.127
-0.054 0.196 -1.143
-0.016 0.202 -1.166
-0.033 0.135 -1.146
-0.073 0.277 -1.118
-0.342 0.676 -1.095
-0.363 0.643 -1.092
-0.365 0.621 -1.099
-0.387 0.523 -1.119
-0.408 0.467 -1.141
-0.411 0.385 -1.146
-0.411 0.338 -1.147
-0.412 0.140 -1.135
-0.410 0.117 -1.150
-0.386 0.108 -1.262
-0.379 0.210 -1.251
-0.366 0.230 -1.248
-0.373 0.282 -1.238
-0.366 0.311 -1.234
-0.365 0.333 -1.230
-0.367 0.353 -1.228
-0.369 0.371 -1.224
-0.363 0.391 -1.219
-0.346 0.451 -1.208
-0.349 0.481 -1.204
-0.367 0.493 -1.198
-0.359 0.565 -1.186
-0.363 0.597 -1.168
-0.348 0.675 -1.123
-0.377 0.469 -1.184
-0.345 0.662 -1.110
-0.406 0.041 -1.173
-0.406 0.094 -1.186
-0.398 0.179 -1.219
-0.381 0.501 -1.142
-0.377 0.551 -1.149
-0.402 0.047 -1.209
-0.400 0.273 -1.199
-0.409 0.221 -1.166
-0.396 0.318 -1.202
-0.369 0.570 -1.119
-0.408 0.423 -1.154
-0.400 0.366 -1.183
-0.398 0.094 -1.235
-0.396 0.227 -1.218
-0.382 0.415 -1.201
-0.402 0.137 -1.208
-0.356 0.623 -1.126
0.022 0.057 -1.190
0.018 0.106 -1.173
0.008 0.154 -1.176
0.002 0.180 -1.180
-0.004 0.206 -1.183
-0.017 0.265 -1.186
-0.034 0.340 -1.188
-0.047 0.395 -1.196
-0.055 0.431 -1.195
-0.064 0.457 -1.186
-0.071 0.493 -1.186
-0.074 0.521 -1.188
-0.077 0.548 -1.191
-0.100 0.642 -1.161
-0.083 0.650 -1.135
-0.365 0.620 -1.159
-0.170 0.807 -1.164
-0.086 0.793 -1.165
-0.118 0.754 -1.204
-0.176 0.821 -1.144
-0.157 0.847 -1.116
-0.124 0.823 -1.124
-0.083 0.806 -1.126
-0.103 0.802 -1.158
-0.099 0.778 -1.185
-0.146 0.811 -1.148
-0.054 -0.003 -1.228
-0.072 0.019 -1.236
-0.200 0.524 -1.265
-0.219 0.791 -1.189
0.009 0.019 -1.202
-0.095 0.114 -1.248
-0.090 0.687 -1.169
-0.041 0.002 -1.221
-0.235 0.712 -1.246
-0.092 0.729 -1.209
-0.094 0.672 -1.212
-0.136 0.265 -1.256
-0.114 0.189 -1.253
-0.179 0.425 -1.264
-0.058 0.084 -1.227
-0.060 0.135 -1.225
-0.148 0.766 -1.203
-0.091 0.248 -1.234
-0.110 0.298 -1.239
-0.050 0.271 -1.218
-0.039 0.331 -1.206
-0.082 0.441 -1.221
-0.083 0.582 -1.190
-0.180 0.607 -1.247
-0.215 0.642 -1.263
-0.175 0.714 -1.235
-0.203 0.754 -1.213
-0.174 0.788 -1.187
-0.079 0.333 -1.226
-0.032 0.220 -1.213
-0.068 0.390 -1.219
-0.115 0.486 -1.229
-0.035 0.048 -1.217
-0.073 0.186 -1.230
-0.124 0.385 -1.239
-0.161 0.559 -1.239
-0.082 0.507 -1.215
-0.151 0.334 -1.258
-0.006 0.117 -1.205
-0.107 0.542 -1.224
-0.165 0.488 -1.247
-0.087 0.624 -1.194
-0.140 0.436 -1.240
-0.120 0.704 -1.222
-0.151 0.647 -1.231
-0.021 0.174 -1.210
-0.104 0.601 -1.221
-0.335 0.728 -1.200
-0.380 0.770 -1.139
-0.351 0.739 -1.187
-0.325 0.722 -1.207
-0.349 0.726 -1.158
-0.322 0.783 -1.159
-0.339 0.859 -1.100
-0.367 0.796 -1.089
-0.343 0.822 -1.130
-0.314 0.742 -1.164
-0.287 0.753 -1.138
-0.312 0.735 -1.179
-0.291 0.707 -1.173
-0.269 0.762 -1.026
-0.247 0.730 -1.027
-0.154 0.738 -1.029
-0.110 0.738 -1.035
-0.369 0.770 -1.050
-0.288 0.848 -1.131
-0.344 0.758 -1.047
-0.363 0.843 -1.065
-0.320 0.847 -1.114
-0.323 0.790 -1.040
-0.111 0.818 -1.111
-0.312 0.839 -1.058
-0.185 0.744 -1.027
-0.096 0.801 -1.065
-0.245 0.876 -1.074
-0.140 0.785 -1.035
-0.158 0.820 -1.052
-0.221 0.754 -1.026
-0.282 0.807 -1.037
-0.251 0.834 -1.059
-0.210 0.798 -1.036
-0.191 0.869 -1.077
-0.141 0.840 -1.106
-0.284 0.845 -1.085
-0.408 0.038 -1.072
-0.410 0.063 -1.138
-0.309 0.735 -1.037
-0.212 0.055 -1.073
-0.398 0.694 -1.055
-0.170 0.017 -1.079
-0.079 0.074 -1.093
-0.065 0.628 -1.082
-0.129 0.700 -1.035
-0.408 0.161 -1.170
-0.376 0.041 -1.049
-0.293 0.705 -1.035
-0.098 0.134 -1.077
-0.099 0.327 -1.089
-0.378 0.585 -1.101
-0.240 0.022 -1.074
-0.099 0.428 -1.089
-0.084 0.472 -1.059
-0.183 0.678 -1.029
-0.107 0.261 -1.051
-0.153 0.216 -1.044
-0.083 0.202 -1.081
-0.300 0.041 -1.084
-0.407 0.469 -1.064
-0.095 0.374 -1.067
-0.410 0.092 -1.140
-0.401 0.391 -1.057
-0.158 0.614 -1.035
-0.148 0.154 -1.052
-0.162 0.097 -1.062
-0.102 0.025 -1.090
-0.140 0.054 -1.074
-0.072 0.582 -1.064
-0.415 0.345 -1.092
-0.404 0.612 -1.087
-0.406 0.572 -1.068
-0.414 0.246 -1.120
-0.413 0.532 -1.103
-0.393 0.527 -1.051
-0.172 0.265 -1.039
-0.125 0.645 -1.043
-0.353 0.710 -1.048
-0.336 0.633 -1.055
-0.315 0.662 -1.047
-0.241 0.093 -1.077
-0.070 0.671 -1.063
-0.414 0.291 -1.130
-0.411 0.294 -1.079
-0.399 0.254 -1.058
-0.367 0.295 -1.051
-0.114 0.304 -1.041
-0.162 0.337 -1.034
-0.249 0.687 -1.029
-0.077 0.521 -1.066
-0.183 0.506 -1.036
-0.124 0.473 -1.036
-0.125 0.551 -1.038
-0.409 0.114 -1.072
-0.321 0.180 -1.077
-0.375 0.161 -1.048
-0.362 0.099 -1.052
-0.311 0.115 -1.080
-0.241 0.159 -1.070
-0.413 0.184 -1.134
-0.415 0.424 -1.101
-0.388 0.335 -1.050
-0.328 0.322 -1.070
-0.365 0.394 -1.051
-0.320 0.480 -1.065
-0.323 0.427 -1.067
-0.371 0.465 -1.048
-0.381 0.598 -1.047
-0.211 0.202 -1.054
-0.411 0.186 -1.078
-0.094 0.428 -1.047
-0.115 0.375 -1.036
-0.371 0.216 -1.049
-0.321 0.247 -1.075
-0.260 0.517 -1.054
-0.254 0.462 -1.056
-0.333 0.539 -1.061
-0.268 0.224 -1.068
-0.238 0.637 -1.032
-0.316 0.576 -1.058
-0.205 0.344 -1.042
-0.297 0.359 -1.066
-0.260 0.389 -1.059
-0.213 0.410 -1.043
-0.264 0.300 -1.065
-0.210 0.583 -1.034
-0.272 0.590 -1.051
-0.168 0.429 -1.036
-0.222 0.284 -1.052
-0.390 0.713 -1.062
-0.397 0.641 -1.054
