-0.390 0.055 -1.296
-0.391 0.094 -1.285
-0.381 0.133 -1.283
-0.382 0.168 -1.276
-0.374 0.190 -1.273
-0.376 0.254 -1.260
-0.352 0.271 -1.253
-0.364 0.427 -1.224
-0.356 0.525 -1.206
-0.233 0.519 -1.242
-0.238 0.388 -1.245
-0.293 0.044 -1.301
-0.260 0.262 -1.276
-0.234 0.665 -1.263
-0.357 0.673 -1.165
-0.336 0.680 -1.181
-0.275 0.102 -1.304
-0.236 0.448 -1.235
-0.260 0.511 -1.214
-0.341 0.565 -1.200
-0.375 0.089 -1.291
-0.308 0.677 -1.182
-0.266 0.187 -1.297
-0.295 0.216 -1.279
-0.251 0.318 -1.258
-0.315 0.409 -1.217
-0.243 0.596 -1.260
-0.263 0.594 -1.223
-0.242 0.687 -1.219
-0.341 0.622 -1.191
-0.325 0.095 -1.283
-0.292 0.147 -1.291
-0.330 0.215 -1.261
-0.336 0.160 -1.270
-0.310 0.286 -1.253
-0.273 0.361 -1.238
-0.270 0.426 -1.223
-0.298 0.559 -1.196
-0.328 0.325 -1.236
-0.313 0.487 -1.203
-0.279 0.645 -1.197
-0.066 0.660 -1.118
-0.077 0.626 -1.124
-0.084 0.591 -1.121
-0.093 0.543 -1.121
-0.100 0.470 -1.111
-0.100 0.377 -1.131
-0.082 0.237 -1.115
-0.074 0.156 -1.127
-0.031 0.019 -1.159
0.018 0.026 -1.196
-0.003 0.049 -1.177
0.008 0.075 -1.197
-0.000 0.130 -1.203
-0.020 0.237 -1.206
-0.030 0.293 -1.210
-0.046 0.371 -1.203
-0.063 0.473 -1.209
-0.097 0.579 -1.175
-0.100 0.439 -1.146
-0.101 0.606 -1.163
-0.077 0.424 -1.183
-0.067 0.031 -1.140
-0.026 0.083 -1.170
-0.072 0.120 -1.130
-0.062 0.252 -1.176
-0.058 0.289 -1.185
-0.081 0.391 -1.175
-0.074 0.341 -1.176
-0.090 0.487 -1.175
-0.104 0.491 -1.131
-0.103 0.538 -1.149
-0.060 0.086 -1.152
-0.062 0.195 -1.165
-0.025 0.200 -1.190
-0.043 0.133 -1.171
-0.078 0.276 -1.137
-0.342 0.674 -1.101
-0.364 0.641 -1.099
-0.366 0.619 -1.107
-0.391 0.523 -1.129
-0.413 0.469 -1.153
-0.415 0.387 -1.160
-0.415 0.340 -1.162
-0.417 0.142 -1.155
-0.415 0.120 -1.170
-0.389 0.114 -1.283
-0.382 0.214 -1.269
-0.369 0.235 -1.264
-0.376 0.286 -1.254
-0.369 0.315 -1.248
-0.367 0.337 -1.244
-0.369 0.357 -1.240
-0.371 0.375 -1.236
-0.365 0.394 -1.231
-0.348 0.453 -1.217
-0.350 0.483 -1.213
-0.369 0.495 -1.208
-0.360 0.566 -1.194
-0.366 0.598 -1.177
-0.349 0.674 -1.129
-0.380 0.472 -1.195
-0.346 0.660 -1.116
-0.411 0.044 -1.196
-0.411 0.097 -1.207
-0.402 0.183 -1.238
-0.385 0.502 -1.153
-0.381 0.552 -1.159
-0.407 0.051 -1.231
-0.404 0.277 -1.216
-0.414 0.224 -1.183
-0.400 0.321 -1.217
-0.371 0.569 -1.129
-0.412 0.425 -1.167
-0.404 0.369 -1.197
-0.402 0.098 -1.256
-0.399 0.231 -1.236
-0.385 0.418 -1.213
-0.406 0.141 -1.228
-0.357 0.622 -1.133
0.006 0.056 -1.221
0.005 0.103 -1.202
-0.003 0.152 -1.203
-0.009 0.178 -1.206
-0.014 0.205 -1.207
-0.025 0.264 -1.208
-0.039 0.340 -1.207
-0.050 0.395 -1.213
-0.057 0.432 -1.210
-0.065 0.458 -1.201
-0.071 0.494 -1.199
-0.074 0.522 -1.200
-0.076 0.549 -1.202
-0.099 0.642 -1.170
-0.082 0.650 -1.144
-0.367 0.621 -1.166
-0.170 0.806 -1.163
-0.086 0.791 -1.163
-0.117 0.754 -1.205
-0.176 0.821 -1.144
-0.157 0.847 -1.116
-0.123 0.823 -1.123
-0.084 0.806 -1.125
-0.103 0.801 -1.157
-0.099 0.775 -1.182
-0.145 0.811 -1.147
-0.075 -0.001 -1.254
-0.093 0.022 -1.260
-0.203 0.529 -1.271
-0.219 0.787 -1.185
-0.010 0.018 -1.233
-0.113 0.118 -1.267
-0.089 0.688 -1.177
-0.061 0.003 -1.249
-0.235 0.712 -1.246
-0.091 0.731 -1.215
-0.092 0.675 -1.220
-0.148 0.270 -1.268
-0.130 0.194 -1.268
-0.186 0.430 -1.270
-0.076 0.086 -1.250
-0.076 0.137 -1.247
-0.148 0.767 -1.203
-0.103 0.251 -1.249
-0.120 0.302 -1.252
-0.060 0.272 -1.237
-0.046 0.331 -1.224
-0.084 0.443 -1.234
-0.082 0.584 -1.200
-0.179 0.611 -1.255
-0.214 0.646 -1.269
-0.174 0.717 -1.238
-0.203 0.753 -1.212
-0.174 0.785 -1.183
-0.086 0.335 -1.241
-0.044 0.220 -1.235
-0.073 0.392 -1.234
-0.117 0.489 -1.240
-0.053 0.049 -1.244
-0.088 0.188 -1.249
-0.131 0.389 -1.249
-0.160 0.563 -1.247
-0.082 0.509 -1.227
-0.161 0.340 -1.266
-0.021 0.117 -1.232
-0.106 0.544 -1.235
-0.168 0.493 -1.255
-0.085 0.626 -1.204
-0.145 0.440 -1.249
-0.119 0.706 -1.228
-0.149 0.650 -1.240
-0.034 0.174 -1.234
-0.102 0.604 -1.231
-0.335 0.728 -1.200
-0.380 0.770 -1.139
-0.352 0.739 -1.187
-0.325 0.722 -1.207
-0.350 0.726 -1.161
-0.322 0.783 -1.160
-0.340 0.859 -1.102
-0.367 0.795 -1.089
-0.344 0.821 -1.132
-0.314 0.742 -1.165
-0.287 0.752 -1.139
-0.313 0.735 -1.179
-0.291 0.707 -1.174
-0.272 0.760 -1.031
-0.250 0.728 -1.033
-0.156 0.736 -1.035
-0.112 0.735 -1.040
-0.371 0.769 -1.061
-0.288 0.848 -1.131
-0.347 0.757 -1.056
-0.364 0.843 -1.068
-0.320 0.847 -1.115
-0.326 0.789 -1.046
-0.110 0.818 -1.111
-0.314 0.839 -1.059
-0.188 0.742 -1.033
-0.096 0.801 -1.065
-0.245 0.876 -1.074
-0.142 0.783 -1.038
-0.159 0.819 -1.052
-0.224 0.752 -1.031
-0.285 0.806 -1.040
-0.252 0.834 -1.058
-0.212 0.797 -1.038
-0.191 0.869 -1.077
-0.141 0.840 -1.106
-0.285 0.845 -1.085
-0.415 0.039 -1.095
-0.415 0.066 -1.160
-0.312 0.733 -1.046
-0.220 0.054 -1.094
-0.401 0.693 -1.070
-0.178 0.016 -1.101
-0.088 0.072 -1.116
-0.067 0.627 -1.090
-0.132 0.698 -1.043
-0.413 0.164 -1.190
-0.383 0.041 -1.071
-0.296 0.703 -1.043
-0.105 0.132 -1.099
-0.102 0.326 -1.106
-0.380 0.584 -1.110
-0.248 0.022 -1.095
-0.101 0.427 -1.104
-0.087 0.470 -1.072
-0.186 0.676 -1.037
-0.111 0.259 -1.070
-0.158 0.214 -1.063
-0.089 0.200 -1.102
-0.307 0.041 -1.106
-0.411 0.469 -1.076
-0.098 0.373 -1.083
-0.416 0.094 -1.161
-0.405 0.391 -1.071
-0.162 0.612 -1.046
-0.154 0.152 -1.072
-0.168 0.096 -1.081
-0.110 0.023 -1.113
-0.147 0.052 -1.096
-0.075 0.581 -1.074
-0.420 0.346 -1.107
-0.406 0.611 -1.097
-0.410 0.572 -1.078
-0.419 0.248 -1.137
-0.417 0.532 -1.114
-0.396 0.527 -1.061
-0.177 0.263 -1.058
-0.128 0.644 -1.053
-0.356 0.709 -1.060
-0.339 0.632 -1.065
-0.319 0.661 -1.057
-0.248 0.092 -1.098
-0.072 0.670 -1.071
-0.418 0.293 -1.146
-0.416 0.295 -1.095
-0.404 0.254 -1.074
-0.371 0.294 -1.067
-0.119 0.302 -1.059
-0.166 0.336 -1.051
-0.252 0.685 -1.037
-0.080 0.519 -1.078
-0.186 0.505 -1.049
-0.128 0.471 -1.050
-0.128 0.549 -1.050
-0.415 0.115 -1.093
-0.326 0.180 -1.095
-0.381 0.161 -1.067
-0.369 0.099 -1.073
-0.317 0.115 -1.100
-0.248 0.158 -1.087
-0.418 0.186 -1.153
-0.419 0.424 -1.114
-0.393 0.334 -1.065
-0.333 0.322 -1.086
-0.369 0.393 -1.064
-0.324 0.480 -1.077
-0.327 0.427 -1.080
-0.375 0.464 -1.060
-0.384 0.598 -1.057
-0.217 0.201 -1.072
-0.417 0.186 -1.097
-0.097 0.426 -1.062
-0.119 0.373 -1.053
-0.377 0.216 -1.067
-0.326 0.247 -1.092
-0.264 0.516 -1.066
-0.258 0.461 -1.070
-0.337 0.538 -1.071
-0.274 0.223 -1.085
-0.241 0.635 -1.040
-0.319 0.575 -1.067
-0.210 0.342 -1.059
-0.301 0.359 -1.082
-0.264 0.389 -1.075
-0.217 0.408 -1.059
-0.269 0.299 -1.081
-0.213 0.581 -1.046
-0.275 0.589 -1.060
-0.171 0.427 -1.052
-0.227 0.283 -1.069
-0.393 0.712 -1.078
-0.401 0.641 -1.066
