-0.397 0.060 -1.315
-0.397 0.098 -1.303
-0.387 0.138 -1.300
-0.388 0.172 -1.293
-0.380 0.195 -1.289
-0.381 0.258 -1.275
-0.358 0.274 -1.266
-0.368 0.430 -1.235
-0.358 0.528 -1.215
-0.232 0.519 -1.238
-0.241 0.388 -1.247
-0.299 0.048 -1.318
-0.264 0.264 -1.285
-0.234 0.665 -1.263
-0.358 0.675 -1.170
-0.335 0.682 -1.184
-0.280 0.106 -1.319
-0.238 0.447 -1.234
-0.262 0.510 -1.214
-0.343 0.567 -1.207
-0.381 0.093 -1.309
-0.307 0.678 -1.182
-0.271 0.190 -1.309
-0.300 0.219 -1.292
-0.255 0.319 -1.265
-0.319 0.410 -1.225
-0.238 0.595 -1.256
-0.260 0.594 -1.220
-0.242 0.687 -1.219
-0.341 0.624 -1.197
-0.331 0.099 -1.300
-0.298 0.150 -1.305
-0.336 0.219 -1.275
-0.342 0.163 -1.286
-0.315 0.289 -1.264
-0.277 0.362 -1.244
-0.274 0.426 -1.227
-0.301 0.560 -1.200
-0.333 0.327 -1.247
-0.317 0.488 -1.209
-0.278 0.646 -1.195
-0.064 0.657 -1.125
-0.076 0.623 -1.132
-0.084 0.589 -1.130
-0.093 0.541 -1.132
-0.102 0.467 -1.124
-0.103 0.376 -1.147
-0.089 0.234 -1.136
-0.083 0.153 -1.149
-0.045 0.016 -1.187
0.001 0.022 -1.228
-0.018 0.045 -1.207
-0.007 0.072 -1.226
-0.014 0.128 -1.230
-0.029 0.235 -1.228
-0.037 0.292 -1.230
-0.050 0.370 -1.220
-0.064 0.473 -1.223
-0.096 0.579 -1.185
-0.101 0.438 -1.160
-0.100 0.606 -1.172
-0.079 0.424 -1.198
-0.079 0.028 -1.165
-0.039 0.080 -1.197
-0.082 0.118 -1.154
-0.069 0.250 -1.196
-0.064 0.288 -1.204
-0.084 0.391 -1.191
-0.078 0.340 -1.193
-0.091 0.487 -1.188
-0.104 0.490 -1.144
-0.103 0.538 -1.160
-0.071 0.084 -1.177
-0.071 0.194 -1.186
-0.035 0.198 -1.213
-0.054 0.131 -1.195
-0.084 0.274 -1.156
-0.343 0.673 -1.106
-0.366 0.642 -1.105
-0.368 0.619 -1.113
-0.395 0.525 -1.139
-0.417 0.471 -1.164
-0.421 0.389 -1.173
-0.421 0.343 -1.176
-0.424 0.145 -1.173
-0.423 0.122 -1.188
-0.395 0.118 -1.300
-0.388 0.219 -1.284
-0.374 0.239 -1.279
-0.381 0.290 -1.268
-0.374 0.319 -1.262
-0.372 0.340 -1.256
-0.374 0.360 -1.253
-0.375 0.378 -1.248
-0.369 0.397 -1.242
-0.351 0.456 -1.226
-0.353 0.486 -1.221
-0.372 0.498 -1.217
-0.362 0.569 -1.202
-0.368 0.601 -1.184
-0.350 0.675 -1.134
-0.384 0.475 -1.206
-0.347 0.660 -1.121
-0.419 0.047 -1.215
-0.418 0.101 -1.225
-0.409 0.187 -1.254
-0.389 0.505 -1.163
-0.384 0.554 -1.168
-0.414 0.054 -1.250
-0.410 0.280 -1.231
-0.421 0.227 -1.199
-0.405 0.325 -1.231
-0.374 0.571 -1.137
-0.417 0.428 -1.179
-0.409 0.372 -1.210
-0.409 0.103 -1.274
-0.406 0.235 -1.251
-0.389 0.421 -1.225
-0.413 0.145 -1.245
-0.359 0.623 -1.140
-0.011 0.054 -1.251
-0.009 0.101 -1.230
-0.016 0.150 -1.228
-0.020 0.176 -1.230
-0.024 0.203 -1.230
-0.033 0.263 -1.228
-0.044 0.339 -1.225
-0.053 0.395 -1.228
-0.059 0.431 -1.225
-0.066 0.458 -1.214
-0.071 0.494 -1.212
-0.074 0.522 -1.212
-0.076 0.549 -1.213
-0.097 0.642 -1.178
-0.081 0.649 -1.151
-0.368 0.624 -1.173
-0.171 0.805 -1.162
-0.086 0.791 -1.163
-0.117 0.754 -1.205
-0.176 0.820 -1.143
-0.157 0.847 -1.116
-0.124 0.823 -1.123
-0.084 0.807 -1.125
-0.104 0.801 -1.157
-0.099 0.774 -1.181
-0.146 0.810 -1.147
-0.097 0.001 -1.279
-0.115 0.025 -1.283
-0.204 0.533 -1.279
-0.219 0.782 -1.180
-0.029 0.018 -1.263
-0.131 0.122 -1.285
-0.087 0.687 -1.183
-0.083 0.005 -1.275
-0.235 0.712 -1.246
-0.091 0.733 -1.218
-0.091 0.677 -1.226
-0.160 0.275 -1.279
-0.145 0.198 -1.282
-0.190 0.435 -1.278
-0.094 0.088 -1.272
-0.092 0.139 -1.267
-0.148 0.765 -1.201
-0.114 0.254 -1.264
-0.129 0.305 -1.265
-0.069 0.272 -1.255
-0.052 0.331 -1.242
-0.087 0.444 -1.247
-0.081 0.584 -1.210
-0.179 0.614 -1.262
-0.213 0.649 -1.274
-0.174 0.718 -1.240
-0.203 0.752 -1.211
-0.174 0.782 -1.180
-0.093 0.336 -1.256
-0.056 0.220 -1.256
-0.077 0.392 -1.248
-0.118 0.491 -1.251
-0.073 0.050 -1.269
-0.102 0.190 -1.267
-0.136 0.392 -1.261
-0.160 0.566 -1.256
-0.083 0.510 -1.239
-0.169 0.344 -1.276
-0.037 0.116 -1.258
-0.106 0.546 -1.245
-0.170 0.496 -1.264
-0.084 0.627 -1.212
-0.148 0.444 -1.260
-0.118 0.708 -1.232
-0.148 0.652 -1.247
-0.048 0.173 -1.257
-0.101 0.606 -1.240
-0.335 0.728 -1.200
-0.380 0.770 -1.139
-0.352 0.738 -1.187
-0.325 0.722 -1.207
-0.350 0.728 -1.164
-0.321 0.784 -1.159
-0.336 0.859 -1.099
-0.367 0.795 -1.089
-0.342 0.823 -1.130
-0.314 0.743 -1.166
-0.287 0.753 -1.139
-0.313 0.735 -1.179
-0.291 0.708 -1.175
-0.270 0.757 -1.035
-0.249 0.724 -1.038
-0.155 0.732 -1.041
-0.111 0.732 -1.047
-0.370 0.769 -1.059
-0.288 0.848 -1.131
-0.346 0.756 -1.056
-0.360 0.843 -1.065
-0.318 0.847 -1.113
-0.323 0.787 -1.046
-0.110 0.818 -1.111
-0.309 0.835 -1.060
-0.187 0.738 -1.038
-0.096 0.801 -1.065
-0.244 0.876 -1.073
-0.141 0.780 -1.040
-0.159 0.817 -1.053
-0.223 0.748 -1.036
-0.282 0.804 -1.039
-0.249 0.834 -1.054
-0.211 0.793 -1.042
-0.190 0.869 -1.075
-0.141 0.840 -1.106
-0.277 0.839 -1.085
-0.425 0.040 -1.114
-0.423 0.068 -1.179
-0.311 0.731 -1.049
-0.229 0.053 -1.115
-0.401 0.693 -1.072
-0.188 0.014 -1.123
-0.098 0.069 -1.140
-0.066 0.623 -1.098
-0.131 0.694 -1.050
-0.420 0.167 -1.207
-0.393 0.041 -1.090
-0.295 0.701 -1.048
-0.113 0.130 -1.121
-0.107 0.324 -1.124
-0.383 0.585 -1.118
-0.258 0.021 -1.116
-0.104 0.425 -1.118
-0.090 0.466 -1.085
-0.186 0.672 -1.045
-0.118 0.256 -1.089
-0.165 0.212 -1.082
-0.097 0.197 -1.123
-0.317 0.041 -1.125
-0.414 0.470 -1.087
-0.102 0.370 -1.099
-0.423 0.097 -1.179
-0.410 0.391 -1.084
-0.162 0.609 -1.057
-0.162 0.149 -1.093
-0.177 0.093 -1.102
-0.120 0.021 -1.136
-0.157 0.050 -1.118
-0.075 0.577 -1.083
-0.426 0.347 -1.121
-0.408 0.612 -1.104
-0.412 0.573 -1.086
-0.426 0.250 -1.152
-0.421 0.534 -1.123
-0.399 0.527 -1.071
-0.183 0.261 -1.076
-0.128 0.640 -1.062
-0.356 0.708 -1.062
-0.340 0.631 -1.072
-0.319 0.660 -1.063
-0.257 0.091 -1.117
-0.072 0.666 -1.077
-0.425 0.295 -1.161
-0.422 0.296 -1.110
-0.411 0.255 -1.090
-0.377 0.294 -1.082
-0.124 0.298 -1.077
-0.171 0.333 -1.069
-0.252 0.682 -1.044
-0.081 0.516 -1.089
-0.189 0.502 -1.063
-0.131 0.467 -1.064
-0.130 0.545 -1.062
-0.424 0.116 -1.111
-0.334 0.180 -1.112
-0.389 0.161 -1.084
-0.377 0.099 -1.091
-0.326 0.115 -1.118
-0.256 0.156 -1.105
-0.425 0.188 -1.169
-0.424 0.426 -1.126
-0.398 0.335 -1.080
-0.339 0.321 -1.101
-0.373 0.393 -1.078
-0.327 0.479 -1.089
-0.331 0.426 -1.094
-0.379 0.464 -1.072
-0.386 0.597 -1.064
-0.224 0.199 -1.090
-0.424 0.188 -1.114
-0.100 0.422 -1.076
-0.123 0.370 -1.069
-0.384 0.216 -1.083
-0.333 0.247 -1.109
-0.266 0.514 -1.079
-0.261 0.459 -1.085
-0.340 0.538 -1.082
-0.281 0.222 -1.103
-0.242 0.632 -1.049
-0.321 0.574 -1.077
-0.215 0.340 -1.076
-0.307 0.358 -1.097
-0.268 0.387 -1.091
-0.221 0.406 -1.075
-0.275 0.298 -1.098
-0.215 0.578 -1.058
-0.277 0.587 -1.070
-0.175 0.424 -1.067
-0.233 0.281 -1.086
-0.393 0.712 -1.078
-0.402 0.641 -1.071
