-0.406 0.065 -1.331
-0.407 0.103 -1.319
-0.395 0.143 -1.315
-0.396 0.177 -1.307
-0.388 0.199 -1.303
-0.389 0.263 -1.287
-0.365 0.278 -1.278
-0.373 0.434 -1.244
-0.361 0.531 -1.221
-0.234 0.518 -1.238
-0.247 0.389 -1.252
-0.309 0.051 -1.331
-0.271 0.267 -1.294
-0.234 0.665 -1.263
-0.358 0.677 -1.172
-0.335 0.684 -1.186
-0.289 0.109 -1.331
-0.243 0.447 -1.236
-0.266 0.510 -1.215
-0.345 0.570 -1.212
-0.391 0.098 -1.324
-0.308 0.679 -1.184
-0.279 0.193 -1.319
-0.307 0.222 -1.303
-0.262 0.321 -1.272
-0.325 0.413 -1.233
-0.238 0.596 -1.256
-0.261 0.594 -1.220
-0.242 0.687 -1.219
-0.343 0.626 -1.201
-0.341 0.103 -1.314
-0.306 0.154 -1.317
-0.344 0.222 -1.287
-0.351 0.167 -1.299
-0.322 0.292 -1.274
-0.284 0.364 -1.252
-0.279 0.427 -1.231
-0.303 0.561 -1.203
-0.340 0.330 -1.257
-0.321 0.490 -1.215
-0.278 0.646 -1.196
-0.064 0.654 -1.131
-0.076 0.621 -1.140
-0.083 0.586 -1.139
-0.094 0.539 -1.142
-0.104 0.465 -1.137
-0.107 0.374 -1.162
-0.097 0.231 -1.155
-0.094 0.151 -1.171
-0.060 0.013 -1.214
-0.016 0.020 -1.257
-0.033 0.043 -1.234
-0.022 0.070 -1.253
-0.027 0.126 -1.255
-0.039 0.233 -1.249
-0.045 0.290 -1.249
-0.055 0.368 -1.236
-0.066 0.472 -1.235
-0.096 0.578 -1.194
-0.103 0.437 -1.173
-0.099 0.605 -1.180
-0.081 0.423 -1.212
-0.093 0.026 -1.191
-0.053 0.078 -1.222
-0.094 0.115 -1.177
-0.078 0.249 -1.215
-0.071 0.286 -1.222
-0.088 0.390 -1.205
-0.083 0.339 -1.209
-0.092 0.486 -1.200
-0.105 0.488 -1.155
-0.103 0.536 -1.170
-0.085 0.082 -1.201
-0.081 0.192 -1.207
-0.045 0.196 -1.234
-0.066 0.129 -1.218
-0.091 0.272 -1.174
-0.345 0.674 -1.108
-0.368 0.642 -1.108
-0.370 0.620 -1.117
-0.399 0.527 -1.146
-0.422 0.475 -1.172
-0.427 0.393 -1.183
-0.428 0.346 -1.187
-0.434 0.148 -1.188
-0.433 0.126 -1.204
-0.404 0.123 -1.316
-0.395 0.223 -1.298
-0.382 0.243 -1.292
-0.388 0.295 -1.280
-0.380 0.323 -1.273
-0.378 0.344 -1.267
-0.380 0.365 -1.263
-0.381 0.382 -1.258
-0.375 0.401 -1.251
-0.356 0.459 -1.234
-0.357 0.489 -1.229
-0.376 0.502 -1.225
-0.364 0.572 -1.207
-0.370 0.604 -1.189
-0.351 0.676 -1.136
-0.389 0.478 -1.214
-0.349 0.661 -1.124
-0.430 0.052 -1.232
-0.428 0.105 -1.241
-0.418 0.192 -1.269
-0.393 0.507 -1.170
-0.387 0.557 -1.174
-0.425 0.059 -1.267
-0.418 0.285 -1.243
-0.430 0.231 -1.213
-0.412 0.329 -1.243
-0.377 0.572 -1.143
-0.423 0.432 -1.189
-0.416 0.376 -1.221
-0.419 0.107 -1.290
-0.414 0.239 -1.265
-0.395 0.425 -1.235
-0.423 0.149 -1.260
-0.361 0.624 -1.144
-0.029 0.052 -1.278
-0.024 0.099 -1.256
-0.028 0.148 -1.252
-0.032 0.174 -1.253
-0.035 0.201 -1.252
-0.041 0.261 -1.248
-0.050 0.337 -1.242
-0.057 0.394 -1.243
-0.062 0.431 -1.238
-0.068 0.457 -1.227
-0.073 0.494 -1.224
-0.074 0.521 -1.223
-0.076 0.549 -1.223
-0.096 0.641 -1.185
-0.080 0.647 -1.158
-0.370 0.626 -1.177
-0.170 0.805 -1.161
-0.086 0.790 -1.162
-0.117 0.753 -1.204
-0.176 0.820 -1.143
-0.157 0.847 -1.116
-0.123 0.823 -1.123
-0.084 0.806 -1.124
-0.103 0.800 -1.156
-0.099 0.772 -1.180
-0.145 0.810 -1.147
-0.117 0.003 -1.303
-0.135 0.028 -1.305
-0.205 0.537 -1.288
-0.219 0.782 -1.180
-0.049 0.017 -1.290
-0.147 0.125 -1.303
-0.086 0.686 -1.188
-0.103 0.006 -1.300
-0.235 0.712 -1.246
-0.091 0.733 -1.220
-0.090 0.678 -1.232
-0.170 0.279 -1.292
-0.158 0.202 -1.297
-0.194 0.439 -1.289
-0.111 0.090 -1.293
-0.106 0.140 -1.287
-0.148 0.764 -1.200
-0.125 0.256 -1.280
-0.137 0.308 -1.279
-0.078 0.273 -1.273
-0.058 0.330 -1.258
-0.090 0.445 -1.260
-0.080 0.584 -1.219
-0.179 0.616 -1.269
-0.213 0.652 -1.279
-0.174 0.719 -1.241
-0.203 0.751 -1.210
-0.174 0.781 -1.179
-0.100 0.338 -1.271
-0.067 0.220 -1.275
-0.082 0.393 -1.263
-0.120 0.493 -1.262
-0.091 0.051 -1.293
-0.114 0.192 -1.285
-0.141 0.395 -1.273
-0.160 0.569 -1.265
-0.084 0.511 -1.250
-0.177 0.349 -1.288
-0.052 0.115 -1.281
-0.107 0.547 -1.255
-0.171 0.500 -1.275
-0.083 0.627 -1.220
-0.151 0.447 -1.271
-0.118 0.709 -1.235
-0.147 0.654 -1.253
-0.061 0.173 -1.279
-0.100 0.607 -1.248
-0.335 0.728 -1.200
-0.380 0.770 -1.139
-0.352 0.738 -1.187
-0.325 0.722 -1.207
-0.350 0.729 -1.165
-0.320 0.785 -1.159
-0.336 0.859 -1.097
-0.367 0.795 -1.089
-0.341 0.823 -1.129
-0.314 0.744 -1.166
-0.287 0.753 -1.139
-0.313 0.735 -1.179
-0.292 0.709 -1.176
-0.269 0.755 -1.037
-0.248 0.722 -1.043
-0.155 0.730 -1.047
-0.111 0.730 -1.054
-0.370 0.768 -1.059
-0.288 0.848 -1.131
-0.345 0.755 -1.056
-0.359 0.842 -1.063
-0.317 0.846 -1.113
-0.322 0.785 -1.046
-0.110 0.818 -1.111
-0.308 0.834 -1.059
-0.186 0.736 -1.044
-0.096 0.801 -1.066
-0.245 0.877 -1.073
-0.141 0.778 -1.043
-0.159 0.815 -1.054
-0.222 0.746 -1.042
-0.281 0.802 -1.040
-0.248 0.834 -1.054
-0.210 0.791 -1.045
-0.190 0.868 -1.074
-0.141 0.840 -1.106
-0.277 0.838 -1.085
-0.436 0.043 -1.131
-0.434 0.072 -1.195
-0.311 0.730 -1.051
-0.240 0.052 -1.135
-0.401 0.693 -1.072
-0.200 0.012 -1.145
-0.110 0.067 -1.163
-0.066 0.620 -1.105
-0.131 0.692 -1.057
-0.429 0.171 -1.221
-0.404 0.043 -1.107
-0.295 0.699 -1.052
-0.124 0.127 -1.143
-0.113 0.321 -1.141
-0.386 0.586 -1.123
-0.270 0.020 -1.136
-0.107 0.422 -1.132
-0.092 0.463 -1.097
-0.186 0.670 -1.054
-0.125 0.252 -1.108
-0.173 0.209 -1.102
-0.106 0.194 -1.143
-0.329 0.042 -1.144
-0.418 0.471 -1.096
-0.107 0.366 -1.114
-0.434 0.100 -1.195
-0.414 0.392 -1.095
-0.163 0.606 -1.065
-0.171 0.147 -1.113
-0.187 0.091 -1.123
-0.133 0.019 -1.160
-0.169 0.048 -1.140
-0.076 0.573 -1.092
-0.432 0.350 -1.132
-0.410 0.614 -1.108
-0.414 0.573 -1.092
-0.434 0.253 -1.166
-0.424 0.536 -1.130
-0.401 0.527 -1.079
-0.190 0.259 -1.094
-0.128 0.637 -1.069
-0.356 0.707 -1.063
-0.341 0.631 -1.077
-0.320 0.659 -1.067
-0.268 0.091 -1.136
-0.071 0.662 -1.084
-0.432 0.298 -1.173
-0.429 0.298 -1.123
-0.418 0.257 -1.104
-0.383 0.295 -1.096
-0.131 0.295 -1.095
-0.177 0.330 -1.086
-0.252 0.680 -1.050
-0.083 0.512 -1.099
-0.191 0.499 -1.076
-0.134 0.464 -1.077
-0.132 0.542 -1.072
-0.434 0.119 -1.126
-0.343 0.180 -1.128
-0.398 0.162 -1.100
-0.388 0.100 -1.107
-0.336 0.116 -1.135
-0.265 0.156 -1.124
-0.434 0.192 -1.184
-0.429 0.429 -1.136
-0.404 0.336 -1.092
-0.345 0.322 -1.116
-0.378 0.394 -1.090
-0.330 0.480 -1.101
-0.336 0.427 -1.107
-0.382 0.464 -1.083
-0.387 0.597 -1.070
-0.233 0.198 -1.109
-0.433 0.190 -1.128
-0.104 0.418 -1.090
-0.128 0.366 -1.084
-0.392 0.218 -1.098
-0.341 0.248 -1.124
-0.269 0.514 -1.091
-0.265 0.459 -1.098
-0.342 0.538 -1.091
-0.289 0.222 -1.120
-0.242 0.630 -1.057
-0.323 0.574 -1.085
-0.220 0.338 -1.092
-0.312 0.358 -1.112
-0.273 0.387 -1.106
-0.225 0.404 -1.091
-0.282 0.297 -1.114
-0.216 0.576 -1.069
-0.278 0.587 -1.079
-0.179 0.422 -1.082
-0.240 0.280 -1.103
-0.393 0.712 -1.078
-0.403 0.641 -1.074
