-0.420 0.072 -1.345
-0.420 0.110 -1.332
-0.408 0.149 -1.327
-0.408 0.183 -1.319
-0.400 0.205 -1.314
-0.399 0.268 -1.298
-0.375 0.283 -1.288
-0.380 0.438 -1.251
-0.365 0.535 -1.226
-0.238 0.519 -1.240
-0.254 0.390 -1.258
-0.323 0.056 -1.343
-0.281 0.269 -1.303
-0.234 0.665 -1.263
-0.359 0.679 -1.174
-0.336 0.686 -1.187
-0.302 0.113 -1.342
-0.249 0.448 -1.241
-0.270 0.511 -1.218
-0.348 0.573 -1.216
-0.404 0.104 -1.337
-0.309 0.680 -1.185
-0.290 0.196 -1.329
-0.318 0.226 -1.313
-0.271 0.323 -1.281
-0.332 0.416 -1.240
-0.240 0.596 -1.257
-0.263 0.595 -1.221
-0.242 0.687 -1.219
-0.345 0.629 -1.203
-0.354 0.107 -1.326
-0.318 0.157 -1.328
-0.355 0.227 -1.298
-0.363 0.172 -1.311
-0.332 0.295 -1.283
-0.292 0.367 -1.260
-0.286 0.429 -1.237
-0.307 0.562 -1.206
-0.349 0.334 -1.266
-0.327 0.492 -1.220
-0.280 0.647 -1.197
-0.063 0.652 -1.137
-0.076 0.619 -1.147
-0.084 0.584 -1.147
-0.095 0.537 -1.151
-0.106 0.463 -1.148
-0.112 0.373 -1.176
-0.106 0.230 -1.174
-0.105 0.149 -1.192
-0.076 0.012 -1.239
-0.032 0.019 -1.283
-0.048 0.041 -1.259
-0.036 0.069 -1.277
-0.040 0.125 -1.277
-0.048 0.233 -1.267
-0.052 0.290 -1.265
-0.060 0.368 -1.250
-0.068 0.472 -1.246
-0.096 0.578 -1.202
-0.106 0.436 -1.185
-0.099 0.604 -1.188
-0.085 0.422 -1.224
-0.108 0.025 -1.215
-0.067 0.077 -1.246
-0.106 0.114 -1.199
-0.086 0.248 -1.233
-0.079 0.286 -1.239
-0.092 0.389 -1.219
-0.089 0.339 -1.224
-0.094 0.486 -1.210
-0.107 0.487 -1.166
-0.104 0.535 -1.180
-0.098 0.081 -1.224
-0.091 0.191 -1.227
-0.056 0.195 -1.254
-0.078 0.128 -1.240
-0.099 0.271 -1.192
-0.346 0.674 -1.110
-0.369 0.643 -1.111
-0.372 0.622 -1.120
-0.403 0.530 -1.150
-0.428 0.478 -1.179
-0.434 0.397 -1.191
-0.436 0.351 -1.196
-0.446 0.153 -1.200
-0.445 0.131 -1.216
-0.417 0.129 -1.328
-0.406 0.229 -1.309
-0.393 0.249 -1.303
-0.397 0.300 -1.290
-0.389 0.328 -1.282
-0.386 0.349 -1.276
-0.388 0.369 -1.272
-0.388 0.387 -1.267
-0.382 0.406 -1.259
-0.362 0.463 -1.240
-0.362 0.492 -1.234
-0.380 0.505 -1.230
-0.367 0.575 -1.211
-0.372 0.606 -1.192
-0.352 0.677 -1.138
-0.394 0.482 -1.220
-0.350 0.662 -1.126
-0.444 0.057 -1.246
-0.441 0.110 -1.254
-0.429 0.197 -1.280
-0.398 0.510 -1.176
-0.391 0.560 -1.178
-0.439 0.065 -1.281
-0.428 0.290 -1.254
-0.440 0.236 -1.224
-0.421 0.334 -1.253
-0.381 0.575 -1.146
-0.429 0.436 -1.196
-0.423 0.381 -1.229
-0.432 0.113 -1.303
-0.424 0.245 -1.276
-0.401 0.430 -1.242
-0.435 0.155 -1.273
-0.363 0.626 -1.146
-0.044 0.052 -1.303
-0.038 0.098 -1.279
-0.040 0.147 -1.274
-0.043 0.173 -1.274
-0.046 0.200 -1.272
-0.050 0.260 -1.266
-0.056 0.337 -1.257
-0.062 0.394 -1.257
-0.065 0.431 -1.251
-0.071 0.457 -1.239
-0.075 0.493 -1.234
-0.076 0.521 -1.233
-0.077 0.549 -1.232
-0.095 0.640 -1.191
-0.079 0.645 -1.164
-0.372 0.629 -1.180
-0.170 0.805 -1.162
-0.086 0.788 -1.161
-0.117 0.751 -1.203
-0.176 0.820 -1.144
-0.157 0.847 -1.116
-0.123 0.823 -1.123
-0.084 0.806 -1.124
-0.103 0.799 -1.156
-0.099 0.771 -1.179
-0.145 0.811 -1.147
-0.135 0.007 -1.326
-0.152 0.032 -1.327
-0.206 0.541 -1.297
-0.219 0.783 -1.180
-0.066 0.018 -1.315
-0.161 0.129 -1.322
-0.085 0.685 -1.192
-0.121 0.009 -1.323
-0.235 0.712 -1.246
-0.091 0.734 -1.221
-0.089 0.679 -1.237
-0.179 0.284 -1.307
-0.169 0.206 -1.315
-0.197 0.444 -1.301
-0.126 0.093 -1.314
-0.120 0.143 -1.307
-0.148 0.764 -1.200
-0.134 0.259 -1.297
-0.144 0.311 -1.294
-0.087 0.274 -1.290
-0.065 0.330 -1.274
-0.093 0.446 -1.272
-0.081 0.584 -1.227
-0.179 0.619 -1.276
-0.213 0.655 -1.284
-0.174 0.719 -1.241
-0.203 0.752 -1.211
-0.174 0.782 -1.180
-0.106 0.339 -1.286
-0.077 0.221 -1.294
-0.086 0.394 -1.276
-0.122 0.495 -1.273
-0.107 0.053 -1.315
-0.125 0.195 -1.303
-0.145 0.397 -1.286
-0.161 0.571 -1.274
-0.085 0.511 -1.260
-0.183 0.353 -1.301
-0.066 0.116 -1.304
-0.108 0.549 -1.265
-0.173 0.503 -1.285
-0.083 0.628 -1.226
-0.154 0.449 -1.283
-0.118 0.710 -1.237
-0.147 0.656 -1.258
-0.072 0.174 -1.299
-0.101 0.608 -1.255
-0.335 0.728 -1.200
-0.380 0.770 -1.139
-0.352 0.738 -1.187
-0.325 0.722 -1.207
-0.350 0.731 -1.166
-0.320 0.786 -1.159
-0.335 0.859 -1.097
-0.367 0.795 -1.089
-0.341 0.823 -1.129
-0.314 0.745 -1.166
-0.287 0.753 -1.139
-0.313 0.735 -1.179
-0.292 0.710 -1.176
-0.269 0.754 -1.040
-0.248 0.721 -1.047
-0.155 0.728 -1.052
-0.111 0.728 -1.060
-0.370 0.768 -1.058
-0.288 0.848 -1.131
-0.345 0.755 -1.056
-0.359 0.842 -1.063
-0.317 0.846 -1.112
-0.322 0.785 -1.046
-0.110 0.818 -1.111
-0.308 0.833 -1.059
-0.187 0.735 -1.049
-0.096 0.801 -1.066
-0.245 0.877 -1.074
-0.141 0.776 -1.046
-0.159 0.814 -1.055
-0.222 0.745 -1.046
-0.280 0.801 -1.041
-0.248 0.833 -1.054
-0.210 0.790 -1.047
-0.190 0.868 -1.074
-0.141 0.840 -1.106
-0.277 0.838 -1.085
-0.449 0.047 -1.145
-0.447 0.076 -1.209
-0.311 0.729 -1.052
-0.253 0.052 -1.155
-0.402 0.693 -1.072
-0.214 0.012 -1.167
-0.123 0.066 -1.186
-0.067 0.617 -1.112
-0.131 0.690 -1.063
-0.441 0.176 -1.233
-0.416 0.046 -1.122
-0.295 0.699 -1.055
-0.135 0.125 -1.164
-0.119 0.320 -1.156
-0.389 0.588 -1.127
-0.283 0.021 -1.155
-0.110 0.420 -1.145
-0.096 0.460 -1.108
-0.187 0.669 -1.061
-0.133 0.250 -1.126
-0.182 0.207 -1.120
-0.116 0.192 -1.163
-0.342 0.044 -1.161
-0.422 0.473 -1.102
-0.112 0.364 -1.128
-0.447 0.105 -1.208
-0.419 0.395 -1.103
-0.165 0.604 -1.074
-0.182 0.146 -1.133
-0.199 0.091 -1.144
-0.147 0.018 -1.184
-0.182 0.047 -1.162
-0.078 0.570 -1.100
-0.439 0.353 -1.141
-0.412 0.616 -1.110
-0.417 0.575 -1.095
-0.444 0.257 -1.176
-0.428 0.539 -1.134
-0.403 0.528 -1.084
-0.198 0.257 -1.111
-0.129 0.635 -1.077
-0.356 0.707 -1.063
-0.342 0.631 -1.080
-0.321 0.658 -1.070
-0.280 0.092 -1.154
-0.071 0.659 -1.090
-0.441 0.303 -1.183
-0.436 0.301 -1.132
-0.425 0.259 -1.115
-0.390 0.297 -1.107
-0.138 0.292 -1.112
-0.183 0.328 -1.102
-0.252 0.679 -1.055
-0.086 0.509 -1.109
-0.194 0.498 -1.087
-0.138 0.461 -1.089
-0.134 0.539 -1.081
-0.445 0.122 -1.139
-0.353 0.182 -1.143
-0.407 0.165 -1.113
-0.398 0.102 -1.122
-0.348 0.118 -1.151
-0.275 0.156 -1.141
-0.445 0.196 -1.195
-0.435 0.432 -1.143
-0.409 0.338 -1.102
-0.352 0.324 -1.129
-0.382 0.395 -1.100
-0.334 0.481 -1.110
-0.340 0.428 -1.117
-0.385 0.465 -1.090
-0.388 0.597 -1.073
-0.242 0.198 -1.126
-0.443 0.194 -1.140
-0.109 0.415 -1.103
-0.134 0.363 -1.099
-0.400 0.220 -1.111
-0.350 0.249 -1.138
-0.272 0.514 -1.101
-0.269 0.459 -1.110
-0.345 0.539 -1.098
-0.298 0.223 -1.136
-0.243 0.630 -1.066
-0.325 0.574 -1.092
-0.227 0.337 -1.107
-0.318 0.359 -1.125
-0.279 0.387 -1.119
-0.230 0.404 -1.104
-0.289 0.298 -1.129
-0.218 0.575 -1.075
-0.280 0.587 -1.087
-0.184 0.420 -1.096
-0.248 0.279 -1.119
-0.393 0.712 -1.077
-0.404 0.641 -1.076
