-0.438 0.079 -1.356
-0.436 0.117 -1.343
-0.424 0.155 -1.338
-0.423 0.189 -1.328
-0.414 0.211 -1.323
-0.411 0.274 -1.306
-0.387 0.288 -1.296
-0.387 0.443 -1.256
-0.370 0.538 -1.229
-0.243 0.519 -1.244
-0.264 0.391 -1.266
-0.342 0.060 -1.355
-0.294 0.272 -1.313
-0.234 0.665 -1.263
-0.360 0.681 -1.175
-0.337 0.687 -1.189
-0.319 0.117 -1.354
-0.256 0.448 -1.246
-0.276 0.512 -1.222
-0.352 0.575 -1.219
-0.421 0.111 -1.348
-0.310 0.681 -1.186
-0.305 0.200 -1.340
-0.332 0.230 -1.323
-0.282 0.325 -1.289
-0.341 0.419 -1.246
-0.242 0.596 -1.258
-0.266 0.595 -1.223
-0.242 0.687 -1.219
-0.347 0.631 -1.205
-0.371 0.113 -1.337
-0.334 0.162 -1.339
-0.369 0.232 -1.307
-0.378 0.177 -1.321
-0.344 0.299 -1.292
-0.301 0.369 -1.268
-0.294 0.431 -1.244
-0.311 0.564 -1.209
-0.359 0.338 -1.274
-0.333 0.495 -1.225
-0.282 0.647 -1.198
-0.063 0.650 -1.142
-0.076 0.617 -1.153
-0.085 0.583 -1.153
-0.097 0.536 -1.159
-0.110 0.462 -1.158
-0.118 0.373 -1.189
-0.115 0.229 -1.191
-0.116 0.149 -1.211
-0.090 0.013 -1.262
-0.046 0.020 -1.305
-0.062 0.042 -1.281
-0.049 0.069 -1.299
-0.052 0.126 -1.297
-0.057 0.233 -1.284
-0.060 0.290 -1.280
-0.065 0.368 -1.263
-0.071 0.473 -1.256
-0.097 0.578 -1.209
-0.110 0.436 -1.196
-0.100 0.604 -1.195
-0.089 0.423 -1.235
-0.122 0.026 -1.237
-0.080 0.077 -1.267
-0.118 0.114 -1.219
-0.095 0.249 -1.250
-0.087 0.287 -1.254
-0.097 0.390 -1.231
-0.095 0.339 -1.238
-0.096 0.486 -1.220
-0.110 0.486 -1.176
-0.105 0.535 -1.188
-0.111 0.082 -1.245
-0.101 0.192 -1.245
-0.065 0.196 -1.272
-0.090 0.129 -1.260
-0.107 0.270 -1.207
-0.347 0.675 -1.111
-0.371 0.645 -1.112
-0.375 0.623 -1.122
-0.407 0.533 -1.154
-0.434 0.483 -1.183
-0.442 0.402 -1.197
-0.445 0.356 -1.203
-0.458 0.158 -1.210
-0.459 0.136 -1.226
-0.433 0.136 -1.339
-0.420 0.235 -1.318
-0.406 0.254 -1.311
-0.409 0.305 -1.298
-0.400 0.333 -1.290
-0.397 0.354 -1.283
-0.398 0.375 -1.279
-0.398 0.392 -1.273
-0.391 0.410 -1.265
-0.369 0.466 -1.245
-0.369 0.496 -1.239
-0.386 0.509 -1.234
-0.371 0.578 -1.214
-0.375 0.609 -1.194
-0.353 0.679 -1.139
-0.400 0.486 -1.225
-0.351 0.663 -1.128
-0.460 0.063 -1.257
-0.456 0.116 -1.265
-0.443 0.204 -1.289
-0.403 0.514 -1.179
-0.394 0.563 -1.181
-0.456 0.071 -1.292
-0.439 0.296 -1.261
-0.452 0.241 -1.232
-0.431 0.340 -1.260
-0.384 0.577 -1.149
-0.436 0.441 -1.201
-0.432 0.386 -1.235
-0.448 0.120 -1.313
-0.437 0.251 -1.284
-0.409 0.434 -1.247
-0.450 0.161 -1.283
-0.365 0.628 -1.148
-0.057 0.054 -1.324
-0.050 0.098 -1.300
-0.051 0.147 -1.293
-0.054 0.174 -1.292
-0.055 0.201 -1.289
-0.058 0.261 -1.281
-0.062 0.337 -1.271
-0.067 0.395 -1.269
-0.069 0.431 -1.262
-0.074 0.457 -1.249
-0.077 0.494 -1.244
-0.078 0.522 -1.242
-0.078 0.550 -1.240
-0.095 0.640 -1.197
-0.079 0.644 -1.170
-0.374 0.631 -1.182
-0.170 0.805 -1.162
-0.086 0.788 -1.161
-0.117 0.751 -1.204
-0.176 0.820 -1.144
-0.157 0.847 -1.116
-0.123 0.823 -1.124
-0.084 0.806 -1.124
-0.103 0.799 -1.156
-0.099 0.770 -1.179
-0.145 0.810 -1.147
-0.149 0.011 -1.349
-0.165 0.038 -1.349
-0.207 0.546 -1.306
-0.219 0.783 -1.180
-0.080 0.021 -1.338
-0.172 0.135 -1.342
-0.085 0.685 -1.196
-0.135 0.014 -1.346
-0.235 0.712 -1.246
-0.091 0.735 -1.223
-0.089 0.680 -1.241
-0.185 0.289 -1.324
-0.178 0.211 -1.333
-0.200 0.449 -1.313
-0.138 0.097 -1.335
-0.130 0.147 -1.326
-0.148 0.764 -1.200
-0.141 0.262 -1.314
-0.151 0.315 -1.310
-0.094 0.276 -1.305
-0.071 0.331 -1.288
-0.097 0.448 -1.283
-0.081 0.585 -1.234
-0.179 0.622 -1.282
-0.213 0.659 -1.288
-0.175 0.720 -1.242
-0.203 0.752 -1.211
-0.174 0.781 -1.180
-0.112 0.342 -1.300
-0.086 0.223 -1.311
-0.091 0.396 -1.289
-0.124 0.497 -1.283
-0.120 0.057 -1.337
-0.135 0.198 -1.321
-0.150 0.401 -1.299
-0.162 0.575 -1.282
-0.088 0.513 -1.269
-0.188 0.358 -1.317
-0.078 0.118 -1.323
-0.109 0.551 -1.273
-0.175 0.507 -1.295
-0.083 0.628 -1.232
-0.157 0.453 -1.295
-0.118 0.711 -1.239
-0.147 0.658 -1.263
-0.083 0.176 -1.317
-0.101 0.610 -1.262
-0.335 0.728 -1.200
-0.380 0.770 -1.139
-0.352 0.739 -1.187
-0.325 0.722 -1.207
-0.350 0.733 -1.167
-0.318 0.787 -1.159
-0.335 0.859 -1.096
-0.367 0.795 -1.089
-0.340 0.823 -1.128
-0.313 0.746 -1.167
-0.287 0.752 -1.138
-0.313 0.735 -1.179
-0.292 0.710 -1.177
-0.269 0.753 -1.042
-0.248 0.720 -1.051
-0.156 0.727 -1.057
-0.112 0.727 -1.064
-0.370 0.768 -1.058
-0.288 0.847 -1.131
-0.345 0.755 -1.057
-0.358 0.842 -1.062
-0.317 0.846 -1.112
-0.322 0.784 -1.047
-0.110 0.818 -1.111
-0.308 0.833 -1.059
-0.187 0.734 -1.053
-0.096 0.801 -1.065
-0.246 0.877 -1.074
-0.141 0.775 -1.048
-0.159 0.814 -1.055
-0.222 0.744 -1.049
-0.280 0.801 -1.041
-0.248 0.833 -1.055
-0.210 0.789 -1.049
-0.190 0.868 -1.074
-0.141 0.839 -1.107
-0.277 0.838 -1.085
-0.461 0.051 -1.156
-0.462 0.082 -1.220
-0.311 0.729 -1.054
-0.266 0.054 -1.174
-0.402 0.693 -1.072
-0.228 0.014 -1.188
-0.136 0.066 -1.208
-0.068 0.615 -1.118
-0.132 0.688 -1.069
-0.454 0.181 -1.243
-0.427 0.049 -1.135
-0.296 0.698 -1.058
-0.147 0.125 -1.184
-0.126 0.319 -1.171
-0.391 0.590 -1.129
-0.296 0.023 -1.174
-0.115 0.419 -1.156
-0.101 0.458 -1.118
-0.188 0.668 -1.067
-0.142 0.249 -1.142
-0.191 0.207 -1.137
-0.126 0.191 -1.181
-0.355 0.047 -1.178
-0.426 0.475 -1.107
-0.118 0.363 -1.141
-0.461 0.110 -1.219
-0.425 0.397 -1.109
-0.167 0.603 -1.081
-0.193 0.146 -1.152
-0.211 0.091 -1.163
-0.161 0.019 -1.206
-0.195 0.048 -1.183
-0.081 0.568 -1.107
-0.446 0.357 -1.147
-0.414 0.618 -1.112
-0.419 0.577 -1.097
-0.454 0.262 -1.184
-0.432 0.542 -1.137
-0.407 0.530 -1.088
-0.206 0.257 -1.126
-0.131 0.633 -1.083
-0.357 0.707 -1.063
-0.344 0.632 -1.082
-0.322 0.659 -1.073
-0.292 0.094 -1.172
-0.072 0.657 -1.095
-0.450 0.307 -1.190
-0.444 0.305 -1.140
-0.433 0.262 -1.123
-0.397 0.300 -1.116
-0.145 0.291 -1.127
-0.190 0.327 -1.116
-0.253 0.679 -1.060
-0.089 0.507 -1.118
-0.198 0.497 -1.096
-0.142 0.459 -1.099
-0.137 0.537 -1.089
-0.456 0.126 -1.149
-0.363 0.185 -1.156
-0.416 0.168 -1.124
-0.409 0.106 -1.135
-0.359 0.121 -1.166
-0.286 0.158 -1.158
-0.456 0.201 -1.204
-0.441 0.435 -1.148
-0.416 0.341 -1.110
-0.359 0.326 -1.138
-0.388 0.398 -1.107
-0.339 0.482 -1.116
-0.346 0.430 -1.125
-0.389 0.467 -1.096
-0.390 0.598 -1.076
-0.251 0.199 -1.143
-0.453 0.198 -1.149
-0.114 0.413 -1.114
-0.140 0.362 -1.112
-0.408 0.223 -1.121
-0.359 0.252 -1.150
-0.276 0.514 -1.108
-0.273 0.460 -1.119
-0.348 0.540 -1.103
-0.307 0.225 -1.150
-0.244 0.629 -1.071
-0.328 0.575 -1.096
-0.233 0.337 -1.120
-0.325 0.361 -1.135
-0.285 0.388 -1.129
-0.236 0.404 -1.115
-0.297 0.300 -1.142
-0.220 0.574 -1.082
-0.282 0.587 -1.092
-0.189 0.419 -1.107
-0.256 0.280 -1.133
-0.393 0.712 -1.077
-0.405 0.642 -1.077
