-0.460 0.087 -1.365
-0.457 0.124 -1.351
-0.443 0.162 -1.346
-0.441 0.196 -1.336
-0.431 0.218 -1.331
-0.426 0.280 -1.313
-0.401 0.293 -1.304
-0.396 0.447 -1.260
-0.375 0.541 -1.232
-0.249 0.519 -1.248
-0.274 0.392 -1.274
-0.364 0.066 -1.368
-0.309 0.276 -1.323
-0.234 0.665 -1.263
-0.362 0.683 -1.176
-0.338 0.689 -1.189
-0.339 0.122 -1.366
-0.265 0.449 -1.253
-0.282 0.512 -1.227
-0.356 0.578 -1.221
-0.441 0.118 -1.357
-0.311 0.682 -1.187
-0.322 0.204 -1.351
-0.349 0.234 -1.333
-0.295 0.328 -1.299
-0.350 0.422 -1.252
-0.245 0.596 -1.260
-0.270 0.595 -1.226
-0.242 0.686 -1.219
-0.349 0.633 -1.206
-0.391 0.118 -1.348
-0.353 0.167 -1.350
-0.385 0.237 -1.316
-0.396 0.183 -1.330
-0.357 0.304 -1.301
-0.313 0.371 -1.276
-0.303 0.432 -1.250
-0.316 0.565 -1.212
-0.372 0.342 -1.282
-0.340 0.497 -1.229
-0.284 0.647 -1.200
-0.064 0.649 -1.147
-0.078 0.617 -1.158
-0.087 0.583 -1.159
-0.100 0.536 -1.167
-0.114 0.462 -1.167
-0.123 0.374 -1.200
-0.124 0.230 -1.206
-0.127 0.151 -1.229
-0.103 0.015 -1.283
-0.059 0.022 -1.325
-0.074 0.044 -1.300
-0.061 0.072 -1.317
-0.062 0.128 -1.314
-0.065 0.235 -1.298
-0.066 0.292 -1.293
-0.071 0.370 -1.274
-0.074 0.474 -1.265
-0.099 0.579 -1.216
-0.115 0.437 -1.206
-0.101 0.604 -1.200
-0.093 0.424 -1.245
-0.135 0.029 -1.258
-0.091 0.079 -1.286
-0.130 0.116 -1.238
-0.103 0.251 -1.264
-0.094 0.288 -1.267
-0.102 0.391 -1.242
-0.101 0.341 -1.250
-0.100 0.487 -1.228
-0.114 0.487 -1.184
-0.108 0.536 -1.195
-0.123 0.084 -1.265
-0.111 0.194 -1.261
-0.074 0.198 -1.287
-0.101 0.131 -1.277
-0.115 0.272 -1.221
-0.348 0.676 -1.112
-0.372 0.646 -1.113
-0.377 0.625 -1.123
-0.412 0.536 -1.156
-0.440 0.487 -1.185
-0.450 0.406 -1.200
-0.454 0.360 -1.207
-0.472 0.163 -1.216
-0.473 0.142 -1.234
-0.453 0.144 -1.347
-0.436 0.242 -1.325
-0.421 0.260 -1.319
-0.423 0.311 -1.304
-0.413 0.339 -1.296
-0.409 0.359 -1.289
-0.409 0.380 -1.284
-0.408 0.397 -1.278
-0.401 0.415 -1.270
-0.377 0.470 -1.250
-0.376 0.499 -1.242
-0.393 0.513 -1.237
-0.375 0.581 -1.216
-0.378 0.612 -1.196
-0.354 0.680 -1.140
-0.407 0.490 -1.228
-0.353 0.664 -1.128
-0.477 0.069 -1.265
-0.473 0.123 -1.272
-0.459 0.210 -1.296
-0.408 0.517 -1.182
-0.398 0.566 -1.183
-0.475 0.078 -1.301
-0.452 0.302 -1.266
-0.464 0.247 -1.238
-0.443 0.345 -1.264
-0.387 0.579 -1.151
-0.444 0.445 -1.203
-0.442 0.391 -1.239
-0.467 0.127 -1.321
-0.452 0.257 -1.290
-0.418 0.439 -1.251
-0.467 0.168 -1.290
-0.368 0.629 -1.150
-0.068 0.057 -1.343
-0.060 0.101 -1.318
-0.061 0.150 -1.309
-0.063 0.176 -1.308
-0.064 0.203 -1.304
-0.065 0.263 -1.295
-0.068 0.339 -1.282
-0.071 0.397 -1.279
-0.073 0.433 -1.271
-0.078 0.459 -1.258
-0.080 0.495 -1.252
-0.080 0.523 -1.249
-0.080 0.551 -1.247
-0.096 0.641 -1.201
-0.080 0.644 -1.174
-0.377 0.633 -1.183
-0.170 0.805 -1.162
-0.086 0.788 -1.162
-0.117 0.752 -1.204
-0.176 0.820 -1.144
-0.157 0.847 -1.116
-0.123 0.823 -1.124
-0.084 0.806 -1.124
-0.103 0.799 -1.156
-0.099 0.770 -1.179
-0.145 0.810 -1.147
-0.160 0.017 -1.372
-0.176 0.044 -1.372
-0.208 0.551 -1.315
-0.219 0.782 -1.179
-0.091 0.025 -1.358
-0.181 0.141 -1.362
-0.085 0.685 -1.200
-0.146 0.019 -1.368
-0.235 0.712 -1.246
-0.091 0.736 -1.224
-0.089 0.682 -1.244
-0.191 0.295 -1.341
-0.185 0.218 -1.351
-0.202 0.454 -1.325
-0.148 0.102 -1.355
-0.139 0.151 -1.345
-0.148 0.764 -1.201
-0.148 0.267 -1.330
-0.156 0.320 -1.325
-0.100 0.279 -1.320
-0.076 0.334 -1.300
-0.100 0.451 -1.293
-0.083 0.586 -1.240
-0.179 0.626 -1.288
-0.213 0.663 -1.292
-0.175 0.721 -1.243
-0.203 0.752 -1.210
-0.174 0.781 -1.180
-0.117 0.346 -1.313
-0.093 0.227 -1.327
-0.095 0.399 -1.299
-0.126 0.501 -1.291
-0.131 0.062 -1.358
-0.142 0.203 -1.339
-0.153 0.405 -1.311
-0.162 0.578 -1.289
-0.090 0.515 -1.277
-0.192 0.364 -1.331
-0.087 0.122 -1.341
-0.110 0.554 -1.280
-0.177 0.511 -1.305
-0.084 0.630 -1.237
-0.160 0.457 -1.305
-0.118 0.713 -1.241
-0.147 0.661 -1.268
-0.091 0.180 -1.333
-0.102 0.612 -1.267
-0.335 0.728 -1.200
-0.380 0.770 -1.139
-0.351 0.739 -1.187
-0.325 0.722 -1.207
-0.350 0.734 -1.167
-0.318 0.787 -1.159
-0.335 0.859 -1.096
-0.367 0.795 -1.089
-0.340 0.823 -1.128
-0.313 0.746 -1.168
-0.287 0.752 -1.138
-0.313 0.735 -1.178
-0.293 0.711 -1.178
-0.269 0.753 -1.043
-0.249 0.720 -1.053
-0.156 0.726 -1.060
-0.112 0.726 -1.068
-0.370 0.768 -1.058
-0.288 0.847 -1.131
-0.345 0.754 -1.057
-0.358 0.842 -1.062
-0.317 0.846 -1.112
-0.322 0.784 -1.047
-0.110 0.818 -1.111
-0.307 0.833 -1.059
-0.187 0.733 -1.056
-0.096 0.801 -1.065
-0.246 0.877 -1.074
-0.142 0.774 -1.050
-0.159 0.813 -1.056
-0.223 0.743 -1.051
-0.280 0.800 -1.042
-0.248 0.833 -1.055
-0.210 0.788 -1.051
-0.190 0.868 -1.074
-0.141 0.839 -1.107
-0.277 0.838 -1.085
-0.472 0.055 -1.165
-0.477 0.087 -1.228
-0.311 0.728 -1.054
-0.278 0.057 -1.192
-0.403 0.694 -1.072
-0.241 0.017 -1.208
-0.148 0.068 -1.228
-0.070 0.613 -1.123
-0.133 0.687 -1.073
-0.468 0.187 -1.249
-0.437 0.053 -1.146
-0.296 0.698 -1.059
-0.158 0.127 -1.202
-0.133 0.320 -1.183
-0.394 0.592 -1.131
-0.309 0.027 -1.192
-0.120 0.419 -1.166
-0.105 0.456 -1.127
-0.189 0.667 -1.070
-0.150 0.249 -1.157
-0.200 0.208 -1.152
-0.136 0.192 -1.197
-0.367 0.051 -1.193
-0.430 0.478 -1.109
-0.124 0.362 -1.153
-0.475 0.116 -1.226
-0.430 0.400 -1.113
-0.169 0.602 -1.086
-0.203 0.147 -1.169
-0.222 0.093 -1.182
-0.174 0.021 -1.227
-0.207 0.050 -1.203
-0.083 0.566 -1.113
-0.453 0.360 -1.151
-0.416 0.620 -1.112
-0.422 0.579 -1.099
-0.464 0.267 -1.189
-0.436 0.545 -1.139
-0.410 0.532 -1.090
-0.214 0.257 -1.140
-0.132 0.632 -1.087
-0.357 0.707 -1.062
-0.345 0.632 -1.083
-0.323 0.659 -1.074
-0.304 0.097 -1.188
-0.074 0.655 -1.099
-0.460 0.312 -1.195
-0.452 0.309 -1.145
-0.441 0.266 -1.129
-0.404 0.303 -1.123
-0.153 0.291 -1.140
-0.196 0.328 -1.127
-0.254 0.679 -1.062
-0.093 0.506 -1.126
-0.202 0.497 -1.103
-0.147 0.458 -1.108
-0.140 0.536 -1.096
-0.466 0.130 -1.157
-0.373 0.189 -1.167
-0.425 0.171 -1.133
-0.419 0.109 -1.146
-0.370 0.125 -1.179
-0.296 0.161 -1.172
-0.468 0.207 -1.210
-0.447 0.439 -1.151
-0.422 0.343 -1.115
-0.366 0.329 -1.146
-0.393 0.400 -1.112
-0.343 0.484 -1.121
-0.351 0.432 -1.130
-0.393 0.469 -1.100
-0.392 0.599 -1.077
-0.261 0.200 -1.157
-0.462 0.202 -1.156
-0.119 0.412 -1.125
-0.146 0.361 -1.123
-0.416 0.226 -1.129
-0.367 0.256 -1.159
-0.280 0.515 -1.113
-0.278 0.461 -1.125
-0.351 0.542 -1.106
-0.316 0.227 -1.162
-0.246 0.629 -1.075
-0.330 0.576 -1.099
-0.240 0.338 -1.131
-0.332 0.364 -1.143
-0.291 0.390 -1.137
-0.241 0.404 -1.124
-0.305 0.302 -1.152
-0.223 0.574 -1.087
-0.285 0.587 -1.096
-0.194 0.419 -1.116
-0.264 0.282 -1.145
-0.393 0.712 -1.077
-0.406 0.643 -1.077
