-0.484 0.095 -1.372
-0.479 0.132 -1.357
-0.464 0.170 -1.352
-0.461 0.203 -1.342
-0.450 0.224 -1.337
-0.443 0.286 -1.318
-0.417 0.299 -1.309
-0.406 0.451 -1.263
-0.382 0.544 -1.234
-0.256 0.519 -1.254
-0.286 0.394 -1.284
-0.389 0.072 -1.380
-0.326 0.279 -1.334
-0.234 0.665 -1.263
-0.363 0.684 -1.176
-0.339 0.690 -1.190
-0.363 0.127 -1.379
-0.274 0.449 -1.261
-0.289 0.512 -1.233
-0.361 0.580 -1.223
-0.464 0.126 -1.364
-0.312 0.682 -1.188
-0.343 0.208 -1.363
-0.367 0.239 -1.343
-0.310 0.330 -1.309
-0.360 0.425 -1.258
-0.249 0.597 -1.263
-0.274 0.595 -1.229
-0.243 0.686 -1.219
-0.352 0.635 -1.207
-0.414 0.124 -1.358
-0.374 0.172 -1.361
-0.403 0.242 -1.324
-0.416 0.189 -1.339
-0.373 0.308 -1.308
-0.325 0.374 -1.284
-0.313 0.434 -1.258
-0.321 0.566 -1.215
-0.385 0.347 -1.288
-0.347 0.499 -1.234
-0.286 0.647 -1.201
-0.065 0.648 -1.150
-0.079 0.616 -1.162
-0.090 0.583 -1.164
-0.103 0.536 -1.173
-0.118 0.463 -1.175
-0.129 0.375 -1.210
-0.132 0.232 -1.219
-0.137 0.153 -1.245
-0.115 0.019 -1.302
-0.069 0.026 -1.342
-0.085 0.047 -1.317
-0.070 0.075 -1.333
-0.070 0.131 -1.329
-0.072 0.238 -1.310
-0.072 0.295 -1.304
-0.075 0.372 -1.283
-0.077 0.477 -1.272
-0.100 0.580 -1.221
-0.119 0.439 -1.214
-0.103 0.606 -1.205
-0.098 0.426 -1.254
-0.147 0.032 -1.278
-0.102 0.083 -1.303
-0.140 0.119 -1.254
-0.110 0.254 -1.277
-0.100 0.291 -1.279
-0.107 0.393 -1.251
-0.107 0.343 -1.260
-0.103 0.489 -1.236
-0.118 0.488 -1.192
-0.111 0.537 -1.202
-0.133 0.088 -1.282
-0.119 0.197 -1.276
-0.082 0.200 -1.301
-0.110 0.135 -1.293
-0.122 0.273 -1.234
-0.349 0.676 -1.112
-0.374 0.646 -1.113
-0.378 0.626 -1.124
-0.416 0.538 -1.157
-0.446 0.490 -1.186
-0.459 0.411 -1.202
-0.463 0.365 -1.209
-0.484 0.168 -1.221
-0.488 0.148 -1.238
-0.475 0.151 -1.353
-0.454 0.248 -1.330
-0.439 0.267 -1.324
-0.438 0.317 -1.308
-0.427 0.344 -1.300
-0.422 0.364 -1.293
-0.422 0.385 -1.288
-0.420 0.402 -1.281
-0.412 0.419 -1.274
-0.386 0.473 -1.253
-0.383 0.503 -1.245
-0.400 0.517 -1.239
-0.380 0.584 -1.217
-0.381 0.614 -1.196
-0.355 0.681 -1.140
-0.415 0.494 -1.230
-0.354 0.665 -1.129
-0.495 0.076 -1.271
-0.491 0.129 -1.278
-0.476 0.217 -1.300
-0.414 0.520 -1.183
-0.403 0.569 -1.184
-0.495 0.085 -1.306
-0.465 0.307 -1.269
-0.477 0.252 -1.242
-0.456 0.351 -1.267
-0.391 0.581 -1.152
-0.451 0.449 -1.205
-0.452 0.396 -1.241
-0.488 0.135 -1.327
-0.468 0.264 -1.294
-0.428 0.444 -1.253
-0.484 0.174 -1.294
-0.370 0.631 -1.150
-0.077 0.061 -1.360
-0.069 0.104 -1.333
-0.069 0.153 -1.324
-0.070 0.179 -1.321
-0.071 0.206 -1.318
-0.072 0.266 -1.307
-0.073 0.342 -1.292
-0.075 0.399 -1.288
-0.076 0.435 -1.279
-0.081 0.461 -1.266
-0.083 0.497 -1.258
-0.082 0.525 -1.255
-0.082 0.553 -1.253
-0.097 0.642 -1.205
-0.081 0.644 -1.178
-0.379 0.635 -1.183
-0.170 0.804 -1.161
-0.085 0.789 -1.162
-0.117 0.753 -1.205
-0.176 0.820 -1.143
-0.157 0.847 -1.116
-0.123 0.823 -1.124
-0.084 0.806 -1.124
-0.103 0.799 -1.156
-0.099 0.771 -1.180
-0.145 0.810 -1.147
-0.169 0.024 -1.393
-0.183 0.051 -1.393
-0.209 0.556 -1.323
-0.219 0.782 -1.179
-0.100 0.030 -1.377
-0.187 0.148 -1.381
-0.085 0.686 -1.203
-0.154 0.025 -1.389
-0.235 0.712 -1.246
-0.091 0.737 -1.226
-0.089 0.684 -1.247
-0.194 0.301 -1.357
-0.190 0.224 -1.369
-0.204 0.460 -1.335
-0.155 0.108 -1.374
-0.145 0.157 -1.362
-0.148 0.765 -1.201
-0.152 0.272 -1.345
-0.160 0.325 -1.339
-0.105 0.283 -1.332
-0.081 0.337 -1.310
-0.102 0.454 -1.301
-0.084 0.588 -1.245
-0.179 0.630 -1.293
-0.213 0.667 -1.296
-0.175 0.722 -1.243
-0.203 0.751 -1.210
-0.174 0.781 -1.179
-0.121 0.350 -1.324
-0.099 0.231 -1.340
-0.098 0.402 -1.309
-0.128 0.504 -1.299
-0.138 0.068 -1.377
-0.148 0.209 -1.355
-0.156 0.410 -1.323
-0.163 0.582 -1.296
-0.092 0.518 -1.283
-0.194 0.370 -1.345
-0.094 0.126 -1.357
-0.112 0.557 -1.286
-0.178 0.516 -1.313
-0.085 0.631 -1.241
-0.163 0.462 -1.315
-0.118 0.714 -1.242
-0.147 0.664 -1.272
-0.097 0.184 -1.348
-0.102 0.615 -1.272
-0.335 0.729 -1.200
-0.380 0.770 -1.139
-0.351 0.739 -1.187
-0.325 0.723 -1.207
-0.350 0.735 -1.167
-0.317 0.788 -1.159
-0.335 0.859 -1.096
-0.367 0.795 -1.089
-0.339 0.823 -1.128
-0.313 0.747 -1.167
-0.287 0.751 -1.138
-0.313 0.735 -1.178
-0.293 0.711 -1.178
-0.269 0.752 -1.044
-0.249 0.720 -1.054
-0.157 0.726 -1.062
-0.112 0.726 -1.070
-0.370 0.768 -1.057
-0.288 0.848 -1.131
-0.346 0.754 -1.055
-0.358 0.842 -1.062
-0.317 0.846 -1.112
-0.322 0.784 -1.046
-0.110 0.819 -1.111
-0.308 0.833 -1.059
-0.188 0.732 -1.058
-0.096 0.801 -1.065
-0.246 0.877 -1.074
-0.142 0.773 -1.052
-0.159 0.813 -1.056
-0.223 0.743 -1.053
-0.280 0.800 -1.042
-0.248 0.833 -1.055
-0.211 0.788 -1.052
-0.189 0.868 -1.074
-0.141 0.839 -1.107
-0.277 0.838 -1.085
-0.482 0.059 -1.172
-0.491 0.093 -1.234
-0.311 0.728 -1.055
-0.289 0.060 -1.208
-0.403 0.695 -1.071
-0.253 0.020 -1.226
-0.160 0.071 -1.246
-0.072 0.612 -1.128
-0.134 0.687 -1.075
-0.483 0.193 -1.254
-0.446 0.056 -1.156
-0.297 0.698 -1.060
-0.168 0.129 -1.219
-0.139 0.321 -1.195
-0.397 0.593 -1.131
-0.320 0.031 -1.208
-0.125 0.420 -1.175
-0.109 0.456 -1.135
-0.190 0.666 -1.073
-0.158 0.250 -1.170
-0.208 0.209 -1.166
-0.144 0.194 -1.212
-0.378 0.056 -1.206
-0.434 0.480 -1.111
-0.130 0.363 -1.163
-0.489 0.121 -1.231
-0.435 0.403 -1.116
-0.171 0.601 -1.090
-0.212 0.149 -1.184
-0.233 0.096 -1.198
-0.187 0.025 -1.247
-0.219 0.053 -1.221
-0.086 0.565 -1.118
-0.460 0.364 -1.153
-0.418 0.621 -1.113
-0.424 0.581 -1.099
-0.473 0.271 -1.193
-0.440 0.548 -1.139
-0.413 0.534 -1.091
-0.221 0.259 -1.152
-0.134 0.632 -1.091
-0.358 0.707 -1.061
-0.347 0.633 -1.083
-0.324 0.659 -1.074
-0.314 0.101 -1.203
-0.075 0.654 -1.102
-0.469 0.316 -1.197
-0.459 0.312 -1.148
-0.447 0.269 -1.134
-0.410 0.305 -1.128
-0.160 0.291 -1.152
-0.203 0.328 -1.138
-0.254 0.679 -1.064
-0.097 0.505 -1.132
-0.205 0.497 -1.109
-0.151 0.458 -1.115
-0.143 0.535 -1.102
-0.475 0.134 -1.163
-0.382 0.193 -1.176
-0.432 0.174 -1.141
-0.427 0.112 -1.155
-0.380 0.129 -1.190
-0.306 0.164 -1.185
-0.480 0.211 -1.214
-0.453 0.443 -1.152
-0.427 0.346 -1.119
-0.373 0.332 -1.151
-0.398 0.402 -1.116
-0.347 0.486 -1.124
-0.356 0.434 -1.134
-0.397 0.471 -1.102
-0.394 0.601 -1.077
-0.269 0.203 -1.169
-0.471 0.205 -1.160
-0.124 0.412 -1.134
-0.152 0.361 -1.134
-0.423 0.229 -1.136
-0.375 0.259 -1.166
-0.283 0.516 -1.116
-0.282 0.462 -1.129
-0.354 0.543 -1.108
-0.325 0.230 -1.171
-0.247 0.629 -1.077
-0.333 0.577 -1.100
-0.246 0.339 -1.140
-0.338 0.366 -1.148
-0.297 0.392 -1.144
-0.246 0.405 -1.131
-0.312 0.304 -1.159
-0.225 0.574 -1.091
-0.287 0.588 -1.098
-0.198 0.419 -1.123
-0.271 0.284 -1.155
-0.393 0.713 -1.077
-0.408 0.644 -1.077
