-0.509 0.103 -1.376
-0.502 0.139 -1.361
-0.486 0.177 -1.356
-0.481 0.210 -1.345
-0.470 0.231 -1.341
-0.460 0.292 -1.321
-0.434 0.304 -1.314
-0.416 0.455 -1.266
-0.388 0.547 -1.235
-0.263 0.519 -1.262
-0.299 0.397 -1.295
-0.415 0.079 -1.392
-0.345 0.283 -1.345
-0.234 0.665 -1.263
-0.364 0.685 -1.175
-0.341 0.690 -1.190
-0.388 0.133 -1.392
-0.284 0.451 -1.271
-0.296 0.513 -1.240
-0.366 0.582 -1.224
-0.488 0.133 -1.369
-0.313 0.683 -1.188
-0.366 0.214 -1.375
-0.388 0.244 -1.352
-0.326 0.334 -1.321
-0.371 0.428 -1.264
-0.252 0.598 -1.266
-0.278 0.596 -1.232
-0.243 0.685 -1.219
-0.355 0.636 -1.208
-0.437 0.131 -1.367
-0.397 0.178 -1.372
-0.422 0.247 -1.331
-0.437 0.195 -1.346
-0.389 0.312 -1.316
-0.339 0.377 -1.294
-0.324 0.436 -1.267
-0.325 0.567 -1.219
-0.399 0.351 -1.294
-0.354 0.501 -1.238
-0.288 0.647 -1.203
-0.066 0.648 -1.153
-0.081 0.617 -1.166
-0.092 0.583 -1.169
-0.105 0.537 -1.178
-0.122 0.464 -1.182
-0.133 0.377 -1.219
-0.139 0.234 -1.232
-0.145 0.156 -1.259
-0.125 0.023 -1.318
-0.077 0.029 -1.357
-0.093 0.051 -1.332
-0.078 0.079 -1.347
-0.077 0.135 -1.341
-0.077 0.241 -1.321
-0.077 0.298 -1.314
-0.079 0.375 -1.291
-0.080 0.479 -1.278
-0.102 0.582 -1.225
-0.123 0.440 -1.222
-0.104 0.607 -1.209
-0.101 0.429 -1.261
-0.157 0.036 -1.295
-0.110 0.086 -1.318
-0.149 0.122 -1.269
-0.116 0.257 -1.288
-0.106 0.294 -1.289
-0.111 0.396 -1.259
-0.112 0.346 -1.270
-0.106 0.491 -1.242
-0.121 0.489 -1.198
-0.113 0.538 -1.207
-0.142 0.091 -1.298
-0.126 0.200 -1.288
-0.088 0.204 -1.313
-0.118 0.138 -1.307
-0.129 0.276 -1.245
-0.349 0.676 -1.112
-0.375 0.647 -1.113
-0.380 0.626 -1.123
-0.420 0.540 -1.157
-0.451 0.494 -1.185
-0.466 0.414 -1.202
-0.472 0.369 -1.209
-0.496 0.173 -1.224
-0.501 0.153 -1.241
-0.497 0.159 -1.356
-0.473 0.255 -1.333
-0.457 0.273 -1.328
-0.454 0.323 -1.311
-0.442 0.349 -1.303
-0.436 0.370 -1.296
-0.435 0.390 -1.290
-0.433 0.407 -1.284
-0.423 0.424 -1.276
-0.395 0.477 -1.256
-0.391 0.506 -1.247
-0.407 0.520 -1.240
-0.384 0.586 -1.218
-0.384 0.616 -1.196
-0.356 0.681 -1.139
-0.422 0.498 -1.230
-0.355 0.665 -1.128
-0.512 0.082 -1.275
-0.507 0.135 -1.280
-0.493 0.223 -1.303
-0.419 0.522 -1.184
-0.406 0.571 -1.184
-0.515 0.092 -1.310
-0.479 0.313 -1.271
-0.489 0.257 -1.243
-0.468 0.356 -1.268
-0.393 0.582 -1.152
-0.458 0.453 -1.205
-0.462 0.400 -1.242
-0.508 0.142 -1.330
-0.484 0.270 -1.296
-0.438 0.448 -1.255
-0.502 0.181 -1.297
-0.371 0.632 -1.150
-0.084 0.065 -1.374
-0.076 0.108 -1.346
-0.076 0.156 -1.336
-0.076 0.183 -1.333
-0.076 0.209 -1.329
-0.077 0.269 -1.317
-0.077 0.344 -1.301
-0.079 0.402 -1.296
-0.079 0.438 -1.286
-0.084 0.463 -1.272
-0.085 0.499 -1.264
-0.084 0.527 -1.260
-0.084 0.555 -1.257
-0.098 0.643 -1.208
-0.082 0.645 -1.181
-0.381 0.637 -1.183
-0.170 0.804 -1.161
-0.086 0.789 -1.162
-0.118 0.754 -1.206
-0.176 0.820 -1.143
-0.157 0.847 -1.116
-0.123 0.823 -1.124
-0.084 0.806 -1.124
-0.103 0.799 -1.157
-0.099 0.771 -1.180
-0.145 0.810 -1.147
-0.174 0.031 -1.413
-0.188 0.058 -1.413
-0.209 0.561 -1.329
-0.220 0.781 -1.178
-0.106 0.035 -1.393
-0.191 0.155 -1.399
-0.085 0.687 -1.205
-0.160 0.032 -1.408
-0.235 0.712 -1.246
-0.091 0.739 -1.227
-0.090 0.686 -1.250
-0.197 0.308 -1.371
-0.193 0.231 -1.385
-0.206 0.466 -1.345
-0.160 0.114 -1.391
-0.150 0.163 -1.378
-0.148 0.765 -1.201
-0.156 0.278 -1.358
-0.163 0.330 -1.351
-0.109 0.288 -1.343
-0.085 0.340 -1.319
-0.105 0.457 -1.308
-0.086 0.590 -1.249
-0.180 0.634 -1.298
-0.214 0.671 -1.299
-0.175 0.723 -1.244
-0.204 0.751 -1.210
-0.174 0.781 -1.179
-0.124 0.354 -1.334
-0.103 0.235 -1.352
-0.101 0.405 -1.317
-0.130 0.508 -1.305
-0.144 0.074 -1.394
-0.152 0.214 -1.370
-0.158 0.414 -1.332
-0.164 0.586 -1.301
-0.093 0.520 -1.289
-0.197 0.375 -1.357
-0.100 0.131 -1.371
-0.113 0.560 -1.291
-0.180 0.520 -1.320
-0.086 0.633 -1.245
-0.164 0.466 -1.323
-0.119 0.716 -1.244
-0.147 0.667 -1.276
-0.102 0.188 -1.361
-0.103 0.618 -1.276
-0.335 0.729 -1.200
-0.380 0.770 -1.139
-0.351 0.739 -1.187
-0.325 0.723 -1.207
-0.350 0.736 -1.166
-0.316 0.788 -1.158
-0.335 0.859 -1.096
-0.367 0.795 -1.089
-0.338 0.823 -1.127
-0.313 0.747 -1.167
-0.287 0.751 -1.138
-0.313 0.735 -1.178
-0.294 0.710 -1.178
-0.269 0.752 -1.044
-0.250 0.720 -1.055
-0.157 0.725 -1.064
-0.113 0.725 -1.072
-0.370 0.768 -1.057
-0.288 0.848 -1.131
-0.346 0.754 -1.054
-0.358 0.842 -1.062
-0.317 0.846 -1.112
-0.322 0.784 -1.046
-0.110 0.818 -1.111
-0.308 0.833 -1.059
-0.188 0.732 -1.060
-0.096 0.801 -1.065
-0.246 0.877 -1.074
-0.142 0.773 -1.053
-0.159 0.812 -1.057
-0.223 0.743 -1.054
-0.280 0.800 -1.042
-0.248 0.832 -1.056
-0.211 0.788 -1.053
-0.189 0.868 -1.074
-0.141 0.839 -1.107
-0.277 0.838 -1.085
-0.490 0.063 -1.178
-0.504 0.098 -1.237
-0.312 0.728 -1.055
-0.299 0.064 -1.223
-0.403 0.695 -1.071
-0.263 0.024 -1.243
-0.170 0.074 -1.262
-0.074 0.612 -1.131
-0.135 0.686 -1.078
-0.497 0.198 -1.256
-0.453 0.059 -1.164
-0.297 0.698 -1.060
-0.177 0.132 -1.233
-0.145 0.323 -1.204
-0.399 0.595 -1.131
-0.330 0.035 -1.222
-0.129 0.421 -1.183
-0.113 0.456 -1.142
-0.191 0.666 -1.075
-0.165 0.251 -1.182
-0.215 0.211 -1.177
-0.152 0.196 -1.225
-0.388 0.060 -1.217
-0.437 0.482 -1.111
-0.135 0.363 -1.172
-0.502 0.126 -1.235
-0.439 0.405 -1.117
-0.172 0.601 -1.093
-0.221 0.151 -1.198
-0.242 0.099 -1.213
-0.197 0.028 -1.264
-0.228 0.057 -1.237
-0.088 0.565 -1.123
-0.465 0.367 -1.154
-0.419 0.623 -1.112
-0.426 0.583 -1.098
-0.482 0.275 -1.194
-0.443 0.550 -1.138
-0.415 0.535 -1.091
-0.227 0.260 -1.162
-0.135 0.631 -1.094
-0.358 0.707 -1.060
-0.348 0.633 -1.081
-0.325 0.659 -1.073
-0.323 0.105 -1.215
-0.076 0.653 -1.105
-0.478 0.321 -1.198
-0.464 0.315 -1.150
-0.453 0.272 -1.137
-0.415 0.308 -1.132
-0.165 0.292 -1.162
-0.208 0.329 -1.146
-0.255 0.678 -1.065
-0.100 0.505 -1.138
-0.208 0.497 -1.113
-0.154 0.458 -1.122
-0.145 0.535 -1.106
-0.482 0.138 -1.168
-0.389 0.196 -1.184
-0.438 0.177 -1.147
-0.434 0.116 -1.163
-0.389 0.133 -1.200
-0.314 0.167 -1.195
-0.491 0.216 -1.217
-0.458 0.445 -1.152
-0.432 0.348 -1.122
-0.378 0.335 -1.155
-0.402 0.404 -1.118
-0.350 0.488 -1.126
-0.360 0.436 -1.137
-0.400 0.473 -1.103
-0.396 0.601 -1.076
-0.276 0.205 -1.180
-0.478 0.209 -1.163
-0.128 0.412 -1.141
-0.156 0.361 -1.142
-0.429 0.231 -1.141
-0.381 0.262 -1.172
-0.286 0.517 -1.119
-0.286 0.463 -1.133
-0.357 0.544 -1.109
-0.331 0.233 -1.180
-0.248 0.629 -1.078
-0.335 0.578 -1.101
-0.251 0.341 -1.147
-0.343 0.368 -1.152
-0.301 0.394 -1.149
-0.251 0.406 -1.136
-0.317 0.307 -1.166
-0.227 0.574 -1.093
-0.289 0.588 -1.097
-0.202 0.420 -1.130
-0.277 0.285 -1.163
-0.393 0.713 -1.076
-0.409 0.645 -1.077
