-0.475 0.049 -0.195
-0.475 0.089 -0.194
-0.469 0.128 -0.206
-0.471 0.164 -0.207
-0.466 0.186 -0.213
-0.470 0.251 -0.217
-0.449 0.269 -0.229
-0.469 0.428 -0.234
-0.462 0.529 -0.245
-0.415 0.512 -0.364
-0.393 0.380 -0.334
-0.391 0.037 -0.244
-0.389 0.252 -0.301
-0.423 0.664 -0.394
-0.433 0.681 -0.238
-0.438 0.685 -0.265
-0.386 0.091 -0.271
-0.401 0.441 -0.344
-0.411 0.509 -0.324
-0.453 0.569 -0.258
-0.463 0.083 -0.205
-0.425 0.680 -0.289
-0.390 0.174 -0.292
-0.409 0.207 -0.269
-0.389 0.310 -0.313
-0.427 0.411 -0.264
-0.432 0.592 -0.380
-0.421 0.592 -0.339
-0.425 0.685 -0.360
-0.448 0.627 -0.259
-0.417 0.091 -0.225
-0.401 0.138 -0.262
-0.427 0.213 -0.234
-0.428 0.157 -0.225
-0.419 0.283 -0.259
-0.403 0.358 -0.297
-0.409 0.424 -0.306
-0.424 0.562 -0.290
-0.431 0.325 -0.247
-0.431 0.490 -0.272
-0.418 0.646 -0.316
-0.045 0.691 -0.138
-0.051 0.656 -0.145
-0.059 0.621 -0.142
-0.067 0.573 -0.140
-0.080 0.501 -0.126
-0.074 0.406 -0.129
-0.075 0.268 -0.090
-0.071 0.186 -0.089
-0.031 0.044 -0.086
0.029 0.044 -0.101
0.004 0.070 -0.095
0.025 0.094 -0.109
0.025 0.148 -0.122
0.020 0.255 -0.140
0.019 0.311 -0.152
0.009 0.390 -0.160
0.006 0.493 -0.182
-0.038 0.603 -0.190
-0.063 0.466 -0.150
-0.048 0.631 -0.188
-0.024 0.447 -0.165
-0.071 0.060 -0.084
-0.017 0.105 -0.102
-0.071 0.150 -0.088
-0.030 0.275 -0.138
-0.018 0.311 -0.146
-0.034 0.415 -0.158
-0.031 0.365 -0.150
-0.036 0.511 -0.174
-0.072 0.520 -0.147
-0.060 0.565 -0.168
-0.055 0.113 -0.100
-0.041 0.220 -0.123
0.004 0.220 -0.127
-0.027 0.157 -0.114
-0.059 0.305 -0.112
-0.375 0.685 -0.207
-0.391 0.657 -0.185
-0.397 0.634 -0.185
-0.430 0.540 -0.167
-0.459 0.485 -0.158
-0.460 0.404 -0.145
-0.459 0.359 -0.135
-0.447 0.169 -0.080
-0.450 0.143 -0.089
-0.474 0.109 -0.197
-0.474 0.210 -0.211
-0.463 0.231 -0.219
-0.471 0.283 -0.219
-0.468 0.312 -0.225
-0.467 0.335 -0.228
-0.470 0.355 -0.228
-0.472 0.374 -0.228
-0.468 0.394 -0.232
-0.457 0.455 -0.246
-0.460 0.485 -0.247
-0.469 0.499 -0.231
-0.459 0.572 -0.239
-0.449 0.606 -0.228
-0.400 0.684 -0.221
-0.466 0.478 -0.211
-0.388 0.671 -0.213
-0.453 0.064 -0.095
-0.459 0.112 -0.118
-0.472 0.188 -0.168
-0.440 0.516 -0.184
-0.444 0.563 -0.199
-0.462 0.061 -0.130
-0.472 0.284 -0.170
-0.461 0.241 -0.126
-0.474 0.327 -0.184
-0.416 0.583 -0.188
-0.465 0.440 -0.160
-0.471 0.378 -0.176
-0.473 0.101 -0.164
-0.474 0.235 -0.179
-0.474 0.421 -0.210
-0.468 0.150 -0.148
-0.409 0.632 -0.211
0.032 0.072 -0.130
0.027 0.121 -0.117
0.024 0.170 -0.124
0.024 0.196 -0.131
0.023 0.222 -0.136
0.019 0.282 -0.145
0.014 0.359 -0.156
0.013 0.415 -0.171
0.009 0.452 -0.175
-0.002 0.479 -0.175
-0.005 0.516 -0.182
-0.005 0.544 -0.187
-0.005 0.571 -0.193
-0.043 0.666 -0.196
-0.044 0.678 -0.167
-0.441 0.630 -0.224
-0.112 0.807 -0.292
-0.050 0.832 -0.239
-0.037 0.775 -0.264
-0.136 0.816 -0.284
-0.157 0.846 -0.246
-0.111 0.839 -0.238
-0.073 0.843 -0.218
-0.069 0.831 -0.248
-0.040 0.809 -0.252
-0.109 0.821 -0.267
-0.028 0.017 -0.196
-0.038 0.041 -0.212
-0.026 0.539 -0.335
-0.113 0.776 -0.342
0.020 0.035 -0.146
-0.040 0.137 -0.234
-0.035 0.712 -0.202
-0.019 0.021 -0.185
-0.045 0.712 -0.376
-0.018 0.756 -0.238
-0.005 0.698 -0.232
-0.042 0.289 -0.268
-0.040 0.212 -0.251
-0.036 0.445 -0.310
-0.021 0.105 -0.198
-0.016 0.155 -0.199
-0.056 0.778 -0.291
-0.021 0.269 -0.225
-0.025 0.320 -0.240
0.008 0.289 -0.189
0.018 0.349 -0.173
0.005 0.461 -0.212
-0.009 0.606 -0.200
-0.017 0.621 -0.316
-0.013 0.651 -0.357
-0.030 0.726 -0.320
-0.073 0.752 -0.337
-0.090 0.789 -0.304
-0.003 0.353 -0.212
0.015 0.237 -0.176
0.008 0.409 -0.201
-0.008 0.506 -0.243
-0.009 0.067 -0.179
-0.018 0.206 -0.210
-0.023 0.407 -0.252
-0.019 0.577 -0.291
0.007 0.528 -0.211
-0.041 0.357 -0.281
0.020 0.133 -0.157
-0.001 0.562 -0.237
-0.025 0.507 -0.294
-0.010 0.650 -0.210
-0.024 0.457 -0.267
-0.017 0.725 -0.264
-0.015 0.664 -0.288
0.017 0.190 -0.168
0.000 0.624 -0.237
-0.343 0.722 -0.374
-0.300 0.771 -0.339
-0.329 0.734 -0.368
-0.353 0.716 -0.377
-0.426 0.733 -0.249
-0.408 0.783 -0.279
-0.345 0.838 -0.242
-0.330 0.800 -0.302
-0.376 0.817 -0.274
-0.416 0.744 -0.286
-0.396 0.755 -0.318
-0.366 0.733 -0.352
-0.415 0.710 -0.306
-0.276 0.788 -0.143
-0.254 0.757 -0.138
-0.162 0.769 -0.133
-0.117 0.770 -0.132
-0.377 0.788 -0.165
-0.287 0.848 -0.262
-0.352 0.778 -0.160
-0.369 0.843 -0.204
-0.315 0.840 -0.257
-0.330 0.810 -0.162
-0.105 0.838 -0.221
-0.317 0.843 -0.198
-0.193 0.774 -0.137
-0.100 0.832 -0.170
-0.248 0.887 -0.227
-0.149 0.814 -0.149
-0.166 0.841 -0.178
-0.229 0.781 -0.142
-0.289 0.830 -0.164
-0.257 0.859 -0.187
-0.218 0.822 -0.161
-0.197 0.878 -0.221
-0.141 0.847 -0.232
-0.282 0.850 -0.220
-0.421 0.084 -0.000
-0.445 0.093 -0.066
-0.317 0.758 -0.147
-0.224 0.092 -0.034
-0.406 0.716 -0.152
-0.183 0.053 -0.041
-0.093 0.104 -0.072
-0.060 0.661 -0.111
-0.136 0.733 -0.122
-0.460 0.181 -0.117
-0.384 0.090 0.014
-0.300 0.731 -0.138
-0.108 0.167 -0.066
-0.091 0.359 -0.101
-0.410 0.601 -0.172
-0.252 0.060 -0.028
-0.086 0.460 -0.113
-0.087 0.507 -0.085
-0.191 0.708 -0.125
-0.114 0.297 -0.058
-0.161 0.255 -0.047
-0.089 0.233 -0.076
-0.312 0.079 -0.029
-0.417 0.502 -0.096
-0.094 0.409 -0.085
-0.446 0.121 -0.074
-0.410 0.428 -0.073
-0.165 0.646 -0.111
-0.159 0.192 -0.045
-0.173 0.135 -0.043
-0.117 0.058 -0.063
-0.153 0.089 -0.049
-0.075 0.617 -0.095
-0.436 0.377 -0.088
-0.423 0.633 -0.153
-0.418 0.600 -0.124
-0.446 0.276 -0.089
-0.441 0.555 -0.141
-0.399 0.560 -0.104
-0.180 0.304 -0.051
-0.132 0.679 -0.108
-0.361 0.732 -0.153
-0.343 0.657 -0.142
-0.323 0.687 -0.142
-0.254 0.130 -0.034
-0.074 0.706 -0.102
-0.451 0.317 -0.109
-0.427 0.331 -0.066
-0.408 0.295 -0.041
-0.375 0.334 -0.051
-0.122 0.342 -0.057
-0.169 0.375 -0.062
-0.256 0.716 -0.130
-0.078 0.556 -0.093
-0.190 0.539 -0.097
-0.133 0.509 -0.078
-0.133 0.585 -0.092
-0.422 0.157 -0.018
-0.332 0.216 -0.053
-0.383 0.206 -0.015
-0.371 0.144 -0.006
-0.323 0.152 -0.043
-0.253 0.196 -0.041
-0.450 0.212 -0.088
-0.442 0.451 -0.114
-0.396 0.374 -0.057
-0.338 0.355 -0.080
-0.373 0.430 -0.076
-0.328 0.509 -0.113
-0.332 0.457 -0.103
-0.379 0.499 -0.090
-0.387 0.628 -0.121
-0.221 0.241 -0.047
-0.426 0.225 -0.040
-0.100 0.464 -0.074
-0.123 0.413 -0.062
-0.380 0.259 -0.030
-0.332 0.282 -0.067
-0.270 0.548 -0.101
-0.264 0.494 -0.091
-0.341 0.566 -0.124
-0.280 0.260 -0.052
-0.245 0.667 -0.122
-0.323 0.602 -0.129
-0.213 0.379 -0.069
-0.307 0.392 -0.085
-0.271 0.424 -0.079
-0.221 0.444 -0.082
-0.276 0.335 -0.062
-0.217 0.614 -0.113
-0.281 0.619 -0.116
-0.175 0.464 -0.081
-0.232 0.321 -0.058
-0.401 0.732 -0.166
-0.405 0.668 -0.135
