-0.533 0.111 -1.377
-0.525 0.147 -1.362
-0.508 0.184 -1.358
-0.502 0.217 -1.347
-0.490 0.238 -1.343
-0.477 0.298 -1.323
-0.450 0.310 -1.318
-0.427 0.459 -1.267
-0.395 0.550 -1.236
-0.272 0.521 -1.271
-0.313 0.400 -1.308
-0.442 0.086 -1.403
-0.365 0.289 -1.357
-0.234 0.665 -1.263
-0.365 0.686 -1.175
-0.342 0.691 -1.189
-0.414 0.140 -1.403
-0.295 0.453 -1.283
-0.304 0.515 -1.248
-0.371 0.584 -1.226
-0.512 0.141 -1.372
-0.315 0.683 -1.190
-0.389 0.220 -1.387
-0.408 0.250 -1.361
-0.343 0.338 -1.333
-0.382 0.431 -1.270
-0.257 0.599 -1.271
-0.283 0.596 -1.237
-0.244 0.684 -1.218
-0.358 0.637 -1.207
-0.461 0.138 -1.374
-0.421 0.184 -1.381
-0.441 0.253 -1.337
-0.458 0.201 -1.352
-0.406 0.317 -1.323
-0.353 0.381 -1.304
-0.335 0.440 -1.277
-0.331 0.568 -1.224
-0.413 0.355 -1.299
-0.362 0.504 -1.244
-0.291 0.647 -1.205
-0.067 0.648 -1.156
-0.082 0.617 -1.169
-0.093 0.584 -1.173
-0.107 0.538 -1.183
-0.125 0.465 -1.188
-0.137 0.379 -1.226
-0.145 0.236 -1.242
-0.151 0.159 -1.271
-0.133 0.027 -1.332
-0.084 0.033 -1.369
-0.100 0.055 -1.345
-0.084 0.082 -1.359
-0.082 0.138 -1.352
-0.081 0.244 -1.330
-0.080 0.301 -1.322
-0.082 0.377 -1.298
-0.082 0.481 -1.283
-0.103 0.584 -1.229
-0.126 0.442 -1.228
-0.105 0.608 -1.212
-0.104 0.431 -1.267
-0.166 0.040 -1.310
-0.117 0.090 -1.330
-0.156 0.126 -1.282
-0.121 0.260 -1.298
-0.110 0.297 -1.298
-0.114 0.398 -1.266
-0.115 0.349 -1.278
-0.108 0.493 -1.247
-0.123 0.491 -1.203
-0.115 0.540 -1.212
-0.150 0.095 -1.311
-0.132 0.203 -1.299
-0.093 0.207 -1.323
-0.124 0.142 -1.319
-0.133 0.278 -1.254
-0.350 0.676 -1.111
-0.375 0.647 -1.112
-0.381 0.627 -1.123
-0.423 0.542 -1.156
-0.456 0.496 -1.184
-0.473 0.418 -1.201
-0.479 0.372 -1.209
-0.506 0.177 -1.226
-0.512 0.157 -1.243
-0.519 0.166 -1.358
-0.492 0.262 -1.334
-0.475 0.279 -1.330
-0.470 0.328 -1.312
-0.457 0.355 -1.305
-0.450 0.375 -1.298
-0.448 0.395 -1.292
-0.445 0.411 -1.285
-0.435 0.428 -1.278
-0.404 0.480 -1.259
-0.400 0.509 -1.249
-0.414 0.523 -1.241
-0.389 0.588 -1.218
-0.386 0.617 -1.195
-0.357 0.681 -1.139
-0.429 0.501 -1.230
-0.356 0.665 -1.128
-0.527 0.087 -1.277
-0.523 0.141 -1.282
-0.510 0.229 -1.303
-0.423 0.524 -1.183
-0.409 0.572 -1.183
-0.533 0.098 -1.311
-0.491 0.318 -1.271
-0.500 0.262 -1.243
-0.480 0.361 -1.268
-0.396 0.583 -1.151
-0.465 0.456 -1.203
-0.472 0.404 -1.242
-0.528 0.149 -1.330
-0.499 0.275 -1.296
-0.447 0.452 -1.255
-0.518 0.187 -1.298
-0.373 0.632 -1.149
-0.089 0.069 -1.387
-0.082 0.111 -1.358
-0.081 0.159 -1.346
-0.081 0.186 -1.343
-0.081 0.212 -1.339
-0.080 0.272 -1.326
-0.080 0.347 -1.308
-0.081 0.404 -1.302
-0.082 0.440 -1.292
-0.086 0.465 -1.278
-0.087 0.502 -1.269
-0.086 0.529 -1.265
-0.085 0.557 -1.262
-0.099 0.644 -1.211
-0.083 0.645 -1.184
-0.384 0.638 -1.182
-0.171 0.804 -1.161
-0.086 0.790 -1.163
-0.118 0.754 -1.206
-0.176 0.820 -1.142
-0.157 0.847 -1.116
-0.123 0.823 -1.124
-0.084 0.807 -1.125
-0.103 0.800 -1.157
-0.099 0.772 -1.180
-0.146 0.810 -1.147
-0.178 0.038 -1.430
-0.192 0.065 -1.430
-0.210 0.566 -1.335
-0.220 0.781 -1.177
-0.111 0.039 -1.406
-0.193 0.161 -1.415
-0.086 0.688 -1.207
-0.165 0.038 -1.424
-0.235 0.712 -1.246
-0.091 0.740 -1.228
-0.090 0.688 -1.252
-0.198 0.313 -1.382
-0.195 0.237 -1.399
-0.207 0.470 -1.352
-0.163 0.120 -1.406
-0.153 0.168 -1.392
-0.148 0.765 -1.201
-0.158 0.282 -1.369
-0.165 0.335 -1.361
-0.112 0.292 -1.353
-0.088 0.343 -1.327
-0.106 0.460 -1.314
-0.087 0.592 -1.253
-0.180 0.637 -1.301
-0.214 0.674 -1.301
-0.175 0.724 -1.245
-0.204 0.751 -1.210
-0.174 0.781 -1.179
-0.126 0.358 -1.343
-0.106 0.239 -1.362
-0.103 0.409 -1.323
-0.131 0.511 -1.311
-0.148 0.079 -1.409
-0.155 0.219 -1.382
-0.160 0.419 -1.340
-0.164 0.589 -1.306
-0.095 0.523 -1.294
-0.198 0.381 -1.366
-0.104 0.135 -1.383
-0.113 0.562 -1.296
-0.180 0.524 -1.326
-0.086 0.635 -1.248
-0.166 0.470 -1.330
-0.119 0.718 -1.245
-0.147 0.670 -1.278
-0.106 0.193 -1.372
-0.103 0.620 -1.280
-0.335 0.730 -1.201
-0.381 0.770 -1.139
-0.352 0.740 -1.188
-0.325 0.724 -1.208
-0.350 0.736 -1.165
-0.316 0.787 -1.158
-0.334 0.859 -1.096
-0.367 0.795 -1.089
-0.338 0.823 -1.127
-0.313 0.746 -1.167
-0.288 0.750 -1.137
-0.313 0.735 -1.178
-0.295 0.709 -1.177
-0.269 0.752 -1.044
-0.250 0.720 -1.055
-0.158 0.725 -1.065
-0.113 0.725 -1.073
-0.370 0.768 -1.057
-0.288 0.848 -1.131
-0.346 0.754 -1.054
-0.358 0.842 -1.062
-0.317 0.846 -1.112
-0.322 0.784 -1.046
-0.110 0.818 -1.111
-0.308 0.833 -1.059
-0.188 0.732 -1.061
-0.096 0.801 -1.065
-0.246 0.877 -1.074
-0.142 0.773 -1.053
-0.160 0.812 -1.057
-0.224 0.743 -1.054
-0.280 0.800 -1.042
-0.248 0.832 -1.056
-0.211 0.788 -1.053
-0.189 0.868 -1.074
-0.141 0.839 -1.107
-0.277 0.838 -1.085
-0.496 0.066 -1.183
-0.516 0.102 -1.240
-0.312 0.728 -1.054
-0.306 0.068 -1.235
-0.403 0.696 -1.071
-0.271 0.028 -1.257
-0.178 0.078 -1.276
-0.075 0.612 -1.135
-0.135 0.686 -1.079
-0.509 0.203 -1.257
-0.458 0.062 -1.172
-0.298 0.698 -1.059
-0.184 0.135 -1.246
-0.149 0.325 -1.213
-0.401 0.595 -1.130
-0.338 0.039 -1.235
-0.132 0.423 -1.189
-0.116 0.457 -1.148
-0.191 0.666 -1.076
-0.170 0.253 -1.192
-0.221 0.213 -1.188
-0.158 0.199 -1.236
-0.395 0.064 -1.228
-0.440 0.484 -1.110
-0.139 0.365 -1.180
-0.513 0.131 -1.237
-0.442 0.407 -1.117
-0.173 0.601 -1.095
-0.227 0.154 -1.210
-0.249 0.102 -1.226
-0.206 0.033 -1.280
-0.236 0.060 -1.251
-0.090 0.565 -1.127
-0.470 0.370 -1.154
-0.420 0.623 -1.111
-0.428 0.584 -1.097
-0.489 0.278 -1.195
-0.445 0.552 -1.137
-0.416 0.536 -1.091
-0.232 0.262 -1.170
-0.136 0.631 -1.097
-0.359 0.707 -1.059
-0.349 0.633 -1.078
-0.325 0.659 -1.071
-0.330 0.109 -1.226
-0.077 0.652 -1.108
-0.485 0.324 -1.198
-0.469 0.318 -1.150
-0.457 0.274 -1.139
-0.419 0.310 -1.135
-0.170 0.293 -1.172
-0.212 0.330 -1.154
-0.256 0.678 -1.065
-0.102 0.505 -1.143
-0.210 0.497 -1.117
-0.157 0.458 -1.127
-0.147 0.535 -1.110
-0.488 0.140 -1.171
-0.395 0.199 -1.190
-0.443 0.179 -1.152
-0.439 0.118 -1.170
-0.395 0.136 -1.208
-0.320 0.170 -1.205
-0.500 0.220 -1.218
-0.461 0.448 -1.151
-0.435 0.350 -1.123
-0.382 0.337 -1.159
-0.405 0.406 -1.119
-0.353 0.489 -1.126
-0.363 0.438 -1.138
-0.402 0.474 -1.103
-0.397 0.602 -1.075
-0.282 0.207 -1.189
-0.483 0.211 -1.166
-0.132 0.413 -1.148
-0.160 0.362 -1.150
-0.433 0.233 -1.145
-0.386 0.265 -1.177
-0.288 0.518 -1.121
-0.289 0.464 -1.136
-0.359 0.546 -1.110
-0.337 0.236 -1.187
-0.249 0.629 -1.078
-0.336 0.578 -1.100
-0.255 0.342 -1.154
-0.346 0.370 -1.156
-0.305 0.395 -1.153
-0.254 0.407 -1.141
-0.322 0.309 -1.171
-0.228 0.574 -1.094
-0.290 0.588 -1.097
-0.205 0.420 -1.135
-0.281 0.287 -1.169
-0.393 0.713 -1.076
-0.409 0.646 -1.076
