-0.555 0.118 -1.377
-0.545 0.154 -1.362
-0.527 0.191 -1.358
-0.520 0.224 -1.347
-0.508 0.244 -1.343
-0.493 0.304 -1.323
-0.465 0.315 -1.320
-0.436 0.463 -1.267
-0.401 0.553 -1.236
-0.284 0.527 -1.286
-0.328 0.406 -1.322
-0.467 0.094 -1.413
-0.384 0.295 -1.368
-0.234 0.665 -1.263
-0.367 0.687 -1.173
-0.344 0.692 -1.189
-0.439 0.148 -1.414
-0.308 0.459 -1.298
-0.312 0.519 -1.259
-0.376 0.586 -1.226
-0.533 0.148 -1.373
-0.317 0.684 -1.191
-0.412 0.227 -1.397
-0.428 0.257 -1.369
-0.360 0.344 -1.345
-0.392 0.435 -1.276
-0.269 0.606 -1.281
-0.290 0.600 -1.244
-0.245 0.682 -1.218
-0.362 0.638 -1.207
-0.483 0.145 -1.380
-0.443 0.192 -1.390
-0.458 0.259 -1.342
-0.477 0.208 -1.357
-0.422 0.323 -1.330
-0.367 0.387 -1.314
-0.346 0.444 -1.287
-0.336 0.570 -1.227
-0.427 0.360 -1.304
-0.370 0.506 -1.248
-0.295 0.648 -1.209
-0.068 0.649 -1.159
-0.083 0.618 -1.172
-0.094 0.585 -1.176
-0.109 0.539 -1.187
-0.127 0.467 -1.193
-0.139 0.381 -1.233
-0.149 0.239 -1.251
-0.156 0.162 -1.281
-0.138 0.030 -1.344
-0.088 0.036 -1.380
-0.105 0.058 -1.356
-0.088 0.085 -1.369
-0.086 0.141 -1.361
-0.084 0.247 -1.338
-0.083 0.304 -1.329
-0.084 0.380 -1.304
-0.083 0.483 -1.288
-0.104 0.586 -1.233
-0.128 0.444 -1.233
-0.106 0.610 -1.216
-0.106 0.433 -1.273
-0.172 0.044 -1.322
-0.122 0.093 -1.341
-0.161 0.129 -1.293
-0.124 0.263 -1.306
-0.112 0.300 -1.306
-0.116 0.401 -1.272
-0.118 0.351 -1.284
-0.109 0.495 -1.252
-0.125 0.492 -1.208
-0.116 0.542 -1.216
-0.155 0.099 -1.322
-0.136 0.207 -1.308
-0.097 0.210 -1.331
-0.129 0.145 -1.329
-0.137 0.281 -1.262
-0.350 0.676 -1.111
-0.376 0.647 -1.111
-0.382 0.627 -1.122
-0.425 0.543 -1.155
-0.460 0.498 -1.182
-0.478 0.420 -1.199
-0.485 0.375 -1.207
-0.514 0.181 -1.227
-0.521 0.161 -1.244
-0.539 0.173 -1.357
-0.509 0.268 -1.334
-0.491 0.285 -1.331
-0.484 0.334 -1.312
-0.471 0.360 -1.306
-0.463 0.379 -1.299
-0.460 0.399 -1.292
-0.457 0.416 -1.285
-0.446 0.433 -1.278
-0.413 0.484 -1.260
-0.407 0.512 -1.250
-0.421 0.526 -1.240
-0.394 0.590 -1.217
-0.390 0.618 -1.193
-0.358 0.682 -1.138
-0.436 0.503 -1.229
-0.356 0.665 -1.127
-0.540 0.092 -1.278
-0.535 0.146 -1.282
-0.524 0.234 -1.302
-0.427 0.526 -1.182
-0.412 0.573 -1.181
-0.549 0.104 -1.312
-0.502 0.322 -1.269
-0.509 0.265 -1.243
-0.490 0.365 -1.267
-0.398 0.584 -1.150
-0.470 0.459 -1.201
-0.480 0.408 -1.240
-0.545 0.155 -1.330
-0.512 0.280 -1.295
-0.456 0.455 -1.254
-0.532 0.192 -1.297
-0.375 0.633 -1.148
-0.093 0.073 -1.397
-0.086 0.114 -1.367
-0.084 0.162 -1.355
-0.084 0.189 -1.352
-0.084 0.215 -1.347
-0.083 0.275 -1.333
-0.082 0.350 -1.315
-0.083 0.407 -1.307
-0.083 0.442 -1.297
-0.087 0.467 -1.282
-0.088 0.504 -1.273
-0.087 0.531 -1.269
-0.086 0.559 -1.265
-0.099 0.646 -1.214
-0.083 0.646 -1.186
-0.386 0.639 -1.180
-0.171 0.804 -1.160
-0.086 0.790 -1.163
-0.118 0.755 -1.207
-0.176 0.819 -1.142
-0.157 0.847 -1.116
-0.123 0.823 -1.124
-0.084 0.807 -1.125
-0.104 0.800 -1.157
-0.099 0.772 -1.181
-0.146 0.810 -1.147
-0.181 0.043 -1.444
-0.194 0.071 -1.444
-0.210 0.569 -1.339
-0.220 0.780 -1.177
-0.115 0.044 -1.418
-0.194 0.167 -1.427
-0.086 0.690 -1.209
-0.167 0.043 -1.437
-0.235 0.712 -1.246
-0.092 0.742 -1.230
-0.090 0.689 -1.254
-0.199 0.318 -1.391
-0.196 0.242 -1.409
-0.207 0.474 -1.358
-0.165 0.125 -1.418
-0.155 0.173 -1.403
-0.149 0.766 -1.201
-0.160 0.287 -1.377
-0.166 0.339 -1.368
-0.114 0.295 -1.360
-0.089 0.346 -1.333
-0.107 0.463 -1.319
-0.087 0.593 -1.256
-0.180 0.640 -1.304
-0.214 0.676 -1.303
-0.176 0.726 -1.245
-0.204 0.751 -1.209
-0.174 0.781 -1.179
-0.128 0.361 -1.349
-0.109 0.242 -1.370
-0.105 0.411 -1.329
-0.132 0.514 -1.316
-0.151 0.084 -1.421
-0.157 0.224 -1.392
-0.161 0.422 -1.346
-0.164 0.592 -1.310
-0.095 0.525 -1.298
-0.199 0.385 -1.374
-0.107 0.139 -1.393
-0.114 0.565 -1.299
-0.181 0.528 -1.331
-0.087 0.637 -1.251
-0.166 0.473 -1.335
-0.119 0.720 -1.247
-0.147 0.672 -1.281
-0.108 0.196 -1.381
-0.103 0.622 -1.283
-0.335 0.730 -1.201
-0.382 0.770 -1.138
-0.352 0.740 -1.188
-0.325 0.724 -1.208
-0.351 0.737 -1.164
-0.315 0.787 -1.158
-0.334 0.859 -1.096
-0.367 0.795 -1.089
-0.337 0.823 -1.127
-0.313 0.746 -1.167
-0.288 0.749 -1.137
-0.314 0.734 -1.178
-0.296 0.709 -1.178
-0.269 0.752 -1.044
-0.250 0.720 -1.055
-0.158 0.725 -1.066
-0.114 0.725 -1.075
-0.370 0.768 -1.057
-0.288 0.848 -1.131
-0.346 0.754 -1.054
-0.358 0.842 -1.062
-0.317 0.846 -1.112
-0.322 0.784 -1.046
-0.110 0.818 -1.111
-0.308 0.833 -1.059
-0.189 0.732 -1.061
-0.096 0.801 -1.065
-0.246 0.877 -1.073
-0.142 0.772 -1.054
-0.160 0.812 -1.057
-0.224 0.743 -1.054
-0.280 0.800 -1.042
-0.248 0.832 -1.056
-0.211 0.787 -1.053
-0.189 0.868 -1.074
-0.141 0.839 -1.107
-0.277 0.838 -1.085
-0.500 0.068 -1.188
-0.525 0.106 -1.242
-0.312 0.729 -1.055
-0.312 0.072 -1.246
-0.403 0.696 -1.070
-0.277 0.032 -1.269
-0.183 0.081 -1.288
-0.076 0.612 -1.138
-0.136 0.686 -1.081
-0.520 0.208 -1.257
-0.462 0.064 -1.179
-0.298 0.699 -1.060
-0.189 0.138 -1.256
-0.152 0.326 -1.220
-0.402 0.596 -1.129
-0.343 0.042 -1.245
-0.135 0.424 -1.195
-0.118 0.457 -1.153
-0.192 0.666 -1.077
-0.174 0.254 -1.200
-0.225 0.215 -1.196
-0.163 0.201 -1.246
-0.400 0.068 -1.237
-0.441 0.485 -1.109
-0.142 0.366 -1.186
-0.522 0.134 -1.239
-0.443 0.408 -1.117
-0.174 0.601 -1.097
-0.232 0.156 -1.220
-0.254 0.105 -1.237
-0.212 0.036 -1.292
-0.242 0.064 -1.263
-0.091 0.565 -1.131
-0.473 0.371 -1.153
-0.421 0.624 -1.109
-0.429 0.584 -1.095
-0.495 0.281 -1.195
-0.447 0.553 -1.135
-0.417 0.537 -1.089
-0.236 0.263 -1.178
-0.137 0.631 -1.099
-0.359 0.707 -1.058
-0.349 0.632 -1.075
-0.326 0.659 -1.069
-0.336 0.112 -1.235
-0.078 0.653 -1.110
-0.491 0.326 -1.197
-0.472 0.319 -1.151
-0.459 0.275 -1.141
-0.421 0.311 -1.138
-0.173 0.295 -1.179
-0.214 0.332 -1.160
-0.256 0.678 -1.065
-0.104 0.506 -1.148
-0.212 0.498 -1.120
-0.159 0.459 -1.132
-0.149 0.535 -1.114
-0.492 0.142 -1.175
-0.399 0.202 -1.196
-0.446 0.181 -1.157
-0.443 0.121 -1.176
-0.400 0.140 -1.215
-0.324 0.173 -1.213
-0.507 0.223 -1.218
-0.465 0.449 -1.150
-0.437 0.351 -1.124
-0.385 0.339 -1.161
-0.406 0.407 -1.120
-0.354 0.490 -1.126
-0.365 0.439 -1.139
-0.404 0.475 -1.103
-0.398 0.602 -1.073
-0.286 0.210 -1.197
-0.487 0.213 -1.168
-0.134 0.413 -1.154
-0.163 0.363 -1.156
-0.436 0.235 -1.149
-0.390 0.267 -1.181
-0.290 0.519 -1.121
-0.291 0.465 -1.138
-0.360 0.546 -1.109
-0.341 0.238 -1.193
-0.250 0.630 -1.080
-0.337 0.578 -1.097
-0.258 0.344 -1.159
-0.349 0.372 -1.158
-0.307 0.397 -1.156
-0.256 0.409 -1.145
-0.325 0.311 -1.175
-0.229 0.575 -1.097
-0.291 0.589 -1.097
-0.208 0.421 -1.140
-0.285 0.289 -1.175
-0.393 0.713 -1.076
-0.410 0.646 -1.074
