-0.573 0.125 -1.376
-0.562 0.160 -1.360
-0.544 0.197 -1.357
-0.535 0.230 -1.346
-0.522 0.250 -1.343
-0.506 0.309 -1.322
-0.478 0.320 -1.322
-0.445 0.467 -1.267
-0.406 0.555 -1.236
-0.295 0.534 -1.297
-0.342 0.413 -1.335
-0.489 0.103 -1.421
-0.403 0.303 -1.378
-0.234 0.665 -1.263
-0.368 0.687 -1.172
-0.346 0.692 -1.188
-0.462 0.157 -1.423
-0.321 0.467 -1.312
-0.321 0.523 -1.269
-0.381 0.588 -1.226
-0.551 0.155 -1.373
-0.319 0.684 -1.191
-0.433 0.235 -1.407
-0.446 0.264 -1.376
-0.376 0.352 -1.357
-0.401 0.440 -1.281
-0.276 0.612 -1.286
-0.295 0.602 -1.249
-0.245 0.682 -1.218
-0.364 0.640 -1.206
-0.501 0.153 -1.385
-0.463 0.200 -1.398
-0.473 0.265 -1.346
-0.493 0.214 -1.360
-0.436 0.329 -1.335
-0.380 0.393 -1.324
-0.357 0.450 -1.298
-0.340 0.572 -1.231
-0.438 0.365 -1.308
-0.376 0.510 -1.252
-0.298 0.649 -1.211
-0.068 0.650 -1.161
-0.083 0.619 -1.174
-0.095 0.586 -1.179
-0.110 0.541 -1.190
-0.128 0.468 -1.197
-0.141 0.383 -1.238
-0.151 0.241 -1.257
-0.159 0.165 -1.288
-0.142 0.033 -1.353
-0.091 0.039 -1.388
-0.108 0.061 -1.364
-0.091 0.088 -1.376
-0.088 0.144 -1.368
-0.086 0.250 -1.344
-0.084 0.306 -1.334
-0.085 0.382 -1.309
-0.083 0.485 -1.292
-0.104 0.587 -1.236
-0.129 0.446 -1.238
-0.106 0.611 -1.218
-0.106 0.435 -1.277
-0.176 0.047 -1.331
-0.125 0.096 -1.349
-0.164 0.132 -1.301
-0.126 0.266 -1.312
-0.114 0.302 -1.311
-0.117 0.403 -1.277
-0.119 0.353 -1.289
-0.110 0.497 -1.255
-0.126 0.494 -1.212
-0.117 0.543 -1.219
-0.158 0.102 -1.331
-0.138 0.209 -1.315
-0.099 0.212 -1.338
-0.131 0.148 -1.337
-0.139 0.283 -1.268
-0.349 0.676 -1.110
-0.375 0.647 -1.110
-0.382 0.627 -1.120
-0.427 0.544 -1.154
-0.463 0.499 -1.180
-0.482 0.422 -1.197
-0.490 0.378 -1.206
-0.519 0.183 -1.228
-0.528 0.165 -1.245
-0.555 0.179 -1.356
-0.523 0.273 -1.333
-0.505 0.290 -1.331
-0.496 0.339 -1.312
-0.482 0.365 -1.306
-0.474 0.384 -1.299
-0.471 0.404 -1.292
-0.466 0.420 -1.285
-0.455 0.437 -1.279
-0.421 0.487 -1.261
-0.414 0.515 -1.251
-0.427 0.529 -1.239
-0.398 0.592 -1.216
-0.392 0.619 -1.192
-0.358 0.682 -1.137
-0.441 0.506 -1.228
-0.356 0.665 -1.126
-0.549 0.096 -1.279
-0.545 0.150 -1.282
-0.535 0.239 -1.301
-0.429 0.527 -1.181
-0.415 0.575 -1.180
-0.561 0.109 -1.311
-0.511 0.326 -1.268
-0.516 0.269 -1.242
-0.498 0.369 -1.265
-0.399 0.584 -1.149
-0.474 0.461 -1.199
-0.486 0.411 -1.238
-0.559 0.160 -1.329
-0.523 0.285 -1.294
-0.463 0.459 -1.252
-0.543 0.197 -1.296
-0.375 0.633 -1.147
-0.095 0.076 -1.405
-0.088 0.117 -1.374
-0.086 0.165 -1.362
-0.086 0.192 -1.358
-0.086 0.218 -1.353
-0.084 0.277 -1.339
-0.083 0.352 -1.320
-0.083 0.409 -1.312
-0.084 0.445 -1.301
-0.088 0.469 -1.286
-0.089 0.506 -1.277
-0.087 0.533 -1.272
-0.086 0.561 -1.268
-0.099 0.647 -1.216
-0.084 0.648 -1.189
-0.388 0.640 -1.179
-0.171 0.804 -1.160
-0.086 0.790 -1.164
-0.118 0.756 -1.207
-0.176 0.819 -1.142
-0.157 0.847 -1.116
-0.123 0.823 -1.124
-0.084 0.807 -1.125
-0.104 0.800 -1.157
-0.099 0.773 -1.181
-0.146 0.810 -1.146
-0.182 0.048 -1.454
-0.195 0.075 -1.454
-0.210 0.572 -1.343
-0.220 0.779 -1.176
-0.117 0.047 -1.426
-0.195 0.171 -1.436
-0.086 0.691 -1.211
-0.169 0.048 -1.447
-0.235 0.712 -1.246
-0.092 0.744 -1.231
-0.090 0.691 -1.256
-0.200 0.322 -1.397
-0.197 0.246 -1.416
-0.207 0.478 -1.362
-0.166 0.130 -1.427
-0.156 0.177 -1.411
-0.149 0.766 -1.201
-0.161 0.290 -1.384
-0.167 0.342 -1.374
-0.115 0.298 -1.366
-0.090 0.349 -1.338
-0.108 0.465 -1.323
-0.087 0.595 -1.259
-0.180 0.642 -1.307
-0.214 0.678 -1.304
-0.176 0.726 -1.246
-0.204 0.751 -1.209
-0.174 0.781 -1.178
-0.128 0.364 -1.355
-0.110 0.246 -1.377
-0.105 0.414 -1.334
-0.132 0.516 -1.319
-0.152 0.088 -1.430
-0.158 0.227 -1.399
-0.161 0.425 -1.351
-0.164 0.595 -1.313
-0.096 0.528 -1.301
-0.199 0.388 -1.379
-0.109 0.142 -1.400
-0.114 0.567 -1.303
-0.181 0.530 -1.335
-0.087 0.639 -1.253
-0.167 0.476 -1.339
-0.119 0.721 -1.248
-0.147 0.674 -1.283
-0.109 0.200 -1.388
-0.103 0.624 -1.285
-0.335 0.730 -1.201
-0.382 0.769 -1.138
-0.352 0.740 -1.188
-0.325 0.724 -1.208
-0.351 0.737 -1.162
-0.315 0.787 -1.158
-0.334 0.859 -1.095
-0.367 0.795 -1.089
-0.337 0.823 -1.127
-0.314 0.746 -1.167
-0.288 0.749 -1.137
-0.314 0.734 -1.178
-0.297 0.709 -1.178
-0.269 0.752 -1.044
-0.250 0.720 -1.055
-0.158 0.725 -1.067
-0.114 0.725 -1.076
-0.370 0.768 -1.057
-0.288 0.848 -1.131
-0.346 0.754 -1.054
-0.358 0.842 -1.062
-0.317 0.846 -1.112
-0.322 0.784 -1.046
-0.110 0.818 -1.111
-0.308 0.833 -1.059
-0.189 0.732 -1.062
-0.096 0.801 -1.065
-0.246 0.877 -1.073
-0.142 0.772 -1.054
-0.160 0.812 -1.057
-0.224 0.743 -1.055
-0.280 0.800 -1.042
-0.248 0.832 -1.056
-0.211 0.788 -1.053
-0.189 0.868 -1.074
-0.141 0.839 -1.107
-0.277 0.838 -1.085
-0.503 0.070 -1.193
-0.532 0.110 -1.244
-0.312 0.729 -1.055
-0.315 0.075 -1.255
-0.403 0.696 -1.070
-0.281 0.036 -1.278
-0.187 0.084 -1.297
-0.077 0.613 -1.140
-0.136 0.686 -1.082
-0.527 0.211 -1.257
-0.464 0.066 -1.186
-0.298 0.699 -1.059
-0.192 0.140 -1.265
-0.154 0.328 -1.226
-0.402 0.596 -1.128
-0.347 0.046 -1.254
-0.136 0.425 -1.200
-0.119 0.458 -1.158
-0.192 0.667 -1.078
-0.176 0.256 -1.206
-0.227 0.217 -1.203
-0.165 0.203 -1.253
-0.404 0.071 -1.245
-0.442 0.485 -1.107
-0.143 0.367 -1.192
-0.528 0.138 -1.240
-0.444 0.408 -1.117
-0.175 0.602 -1.099
-0.235 0.159 -1.227
-0.258 0.108 -1.246
-0.216 0.040 -1.302
-0.246 0.067 -1.272
-0.092 0.566 -1.134
-0.475 0.373 -1.153
-0.420 0.624 -1.107
-0.429 0.584 -1.093
-0.499 0.283 -1.194
-0.448 0.553 -1.133
-0.418 0.537 -1.088
-0.238 0.265 -1.184
-0.138 0.632 -1.101
-0.359 0.707 -1.058
-0.349 0.632 -1.073
-0.326 0.659 -1.067
-0.339 0.115 -1.243
-0.078 0.653 -1.113
-0.495 0.329 -1.197
-0.474 0.321 -1.151
-0.461 0.276 -1.143
-0.422 0.312 -1.140
-0.175 0.296 -1.185
-0.216 0.333 -1.166
-0.256 0.679 -1.065
-0.105 0.507 -1.152
-0.213 0.499 -1.122
-0.160 0.460 -1.136
-0.149 0.536 -1.117
-0.494 0.144 -1.178
-0.402 0.204 -1.201
-0.447 0.183 -1.161
-0.445 0.123 -1.182
-0.403 0.142 -1.221
-0.327 0.176 -1.220
-0.513 0.226 -1.219
-0.466 0.450 -1.148
-0.438 0.352 -1.125
-0.387 0.340 -1.163
-0.407 0.408 -1.120
-0.355 0.490 -1.126
-0.366 0.440 -1.140
-0.404 0.475 -1.102
-0.398 0.602 -1.071
-0.288 0.212 -1.203
-0.489 0.215 -1.170
-0.135 0.414 -1.159
-0.164 0.364 -1.162
-0.437 0.236 -1.152
-0.392 0.269 -1.185
-0.291 0.519 -1.122
-0.292 0.466 -1.139
-0.361 0.547 -1.108
-0.343 0.241 -1.198
-0.250 0.630 -1.081
-0.338 0.578 -1.096
-0.259 0.345 -1.163
-0.351 0.373 -1.161
-0.309 0.398 -1.158
-0.257 0.410 -1.149
-0.327 0.313 -1.179
-0.229 0.575 -1.098
-0.292 0.589 -1.097
-0.209 0.422 -1.144
-0.287 0.291 -1.180
-0.392 0.712 -1.077
-0.410 0.647 -1.073
