-0.586 0.131 -1.375
-0.574 0.166 -1.359
-0.556 0.203 -1.357
-0.547 0.235 -1.345
-0.534 0.255 -1.343
-0.516 0.314 -1.322
-0.488 0.325 -1.324
-0.451 0.470 -1.268
-0.410 0.557 -1.236
-0.301 0.538 -1.304
-0.354 0.420 -1.345
-0.506 0.110 -1.428
-0.418 0.310 -1.387
-0.234 0.665 -1.263
-0.368 0.688 -1.171
-0.346 0.693 -1.187
-0.480 0.165 -1.431
-0.330 0.472 -1.321
-0.327 0.527 -1.275
-0.384 0.590 -1.227
-0.564 0.161 -1.373
-0.320 0.685 -1.191
-0.450 0.243 -1.415
-0.461 0.271 -1.382
-0.390 0.359 -1.366
-0.409 0.444 -1.286
-0.279 0.614 -1.288
-0.298 0.604 -1.252
-0.246 0.681 -1.218
-0.366 0.640 -1.206
-0.516 0.159 -1.390
-0.479 0.207 -1.404
-0.485 0.271 -1.349
-0.506 0.220 -1.364
-0.447 0.335 -1.340
-0.391 0.399 -1.331
-0.366 0.455 -1.305
-0.344 0.574 -1.234
-0.447 0.370 -1.312
-0.381 0.512 -1.255
-0.299 0.650 -1.212
-0.069 0.651 -1.163
-0.084 0.620 -1.177
-0.095 0.587 -1.181
-0.110 0.542 -1.193
-0.128 0.469 -1.200
-0.141 0.385 -1.242
-0.152 0.243 -1.262
-0.160 0.167 -1.294
-0.143 0.036 -1.359
-0.092 0.042 -1.394
-0.109 0.063 -1.370
-0.091 0.091 -1.382
-0.088 0.146 -1.374
-0.086 0.252 -1.348
-0.084 0.308 -1.338
-0.085 0.384 -1.313
-0.083 0.487 -1.295
-0.104 0.589 -1.238
-0.129 0.448 -1.241
-0.106 0.613 -1.221
-0.106 0.437 -1.280
-0.177 0.050 -1.338
-0.126 0.099 -1.355
-0.165 0.134 -1.307
-0.126 0.268 -1.317
-0.114 0.304 -1.316
-0.117 0.405 -1.281
-0.119 0.355 -1.293
-0.110 0.499 -1.258
-0.126 0.495 -1.215
-0.117 0.545 -1.222
-0.159 0.105 -1.337
-0.138 0.212 -1.321
-0.099 0.214 -1.342
-0.132 0.150 -1.342
-0.139 0.285 -1.273
-0.349 0.675 -1.109
-0.375 0.646 -1.109
-0.381 0.626 -1.120
-0.428 0.544 -1.153
-0.464 0.501 -1.178
-0.484 0.424 -1.196
-0.493 0.379 -1.205
-0.522 0.186 -1.230
-0.532 0.167 -1.247
-0.567 0.185 -1.355
-0.533 0.278 -1.332
-0.515 0.295 -1.331
-0.505 0.343 -1.312
-0.491 0.369 -1.306
-0.483 0.388 -1.299
-0.479 0.408 -1.292
-0.474 0.424 -1.285
-0.462 0.440 -1.279
-0.427 0.491 -1.262
-0.419 0.518 -1.252
-0.431 0.532 -1.239
-0.400 0.594 -1.215
-0.393 0.620 -1.191
-0.357 0.682 -1.136
-0.445 0.508 -1.228
-0.356 0.665 -1.125
-0.556 0.100 -1.281
-0.552 0.154 -1.283
-0.543 0.243 -1.300
-0.431 0.528 -1.180
-0.416 0.576 -1.179
-0.570 0.114 -1.312
-0.517 0.329 -1.267
-0.521 0.272 -1.242
-0.504 0.372 -1.264
-0.399 0.584 -1.149
-0.476 0.462 -1.198
-0.490 0.413 -1.237
-0.569 0.165 -1.328
-0.530 0.289 -1.293
-0.468 0.462 -1.251
-0.551 0.200 -1.296
-0.375 0.633 -1.147
-0.095 0.079 -1.410
-0.088 0.120 -1.380
-0.087 0.168 -1.367
-0.087 0.194 -1.363
-0.086 0.220 -1.358
-0.085 0.279 -1.343
-0.084 0.354 -1.323
-0.083 0.411 -1.315
-0.084 0.447 -1.304
-0.088 0.471 -1.289
-0.089 0.508 -1.280
-0.087 0.535 -1.275
-0.086 0.563 -1.271
-0.099 0.649 -1.218
-0.084 0.649 -1.191
-0.389 0.641 -1.178
-0.171 0.803 -1.160
-0.086 0.791 -1.164
-0.118 0.757 -1.208
-0.176 0.819 -1.142
-0.157 0.847 -1.116
-0.123 0.823 -1.124
-0.084 0.807 -1.125
-0.104 0.800 -1.157
-0.099 0.773 -1.182
-0.146 0.810 -1.146
-0.182 0.051 -1.460
-0.195 0.079 -1.461
-0.210 0.574 -1.345
-0.220 0.779 -1.175
-0.117 0.050 -1.432
-0.195 0.175 -1.442
-0.086 0.692 -1.213
-0.169 0.051 -1.454
-0.235 0.712 -1.246
-0.092 0.745 -1.232
-0.090 0.693 -1.258
-0.200 0.325 -1.401
-0.197 0.249 -1.421
-0.207 0.480 -1.365
-0.167 0.133 -1.433
-0.156 0.180 -1.416
-0.149 0.766 -1.201
-0.161 0.293 -1.388
-0.166 0.345 -1.378
-0.115 0.300 -1.370
-0.090 0.351 -1.342
-0.107 0.467 -1.326
-0.087 0.597 -1.261
-0.180 0.644 -1.308
-0.215 0.680 -1.305
-0.176 0.727 -1.246
-0.204 0.751 -1.209
-0.174 0.780 -1.178
-0.128 0.366 -1.359
-0.110 0.248 -1.381
-0.105 0.416 -1.337
-0.132 0.518 -1.322
-0.153 0.091 -1.436
-0.158 0.230 -1.404
-0.161 0.428 -1.354
-0.164 0.597 -1.315
-0.095 0.530 -1.304
-0.199 0.391 -1.383
-0.109 0.145 -1.406
-0.114 0.569 -1.305
-0.181 0.533 -1.337
-0.087 0.640 -1.255
-0.166 0.479 -1.343
-0.119 0.723 -1.249
-0.147 0.676 -1.284
-0.110 0.202 -1.393
-0.103 0.626 -1.288
-0.335 0.730 -1.201
-0.382 0.769 -1.138
-0.352 0.740 -1.188
-0.325 0.725 -1.208
-0.351 0.737 -1.161
-0.315 0.787 -1.158
-0.334 0.859 -1.095
-0.367 0.795 -1.089
-0.337 0.823 -1.127
-0.314 0.747 -1.167
-0.288 0.749 -1.137
-0.314 0.734 -1.178
-0.297 0.709 -1.178
-0.269 0.752 -1.044
-0.250 0.720 -1.055
-0.158 0.726 -1.068
-0.114 0.725 -1.076
-0.370 0.768 -1.057
-0.288 0.848 -1.131
-0.346 0.755 -1.054
-0.358 0.842 -1.062
-0.317 0.847 -1.112
-0.322 0.784 -1.046
-0.110 0.818 -1.111
-0.308 0.833 -1.059
-0.189 0.732 -1.062
-0.096 0.801 -1.065
-0.246 0.877 -1.073
-0.142 0.773 -1.054
-0.160 0.812 -1.057
-0.224 0.743 -1.055
-0.280 0.800 -1.042
-0.248 0.832 -1.056
-0.211 0.788 -1.053
-0.189 0.868 -1.074
-0.140 0.840 -1.107
-0.277 0.838 -1.085
-0.504 0.072 -1.198
-0.536 0.112 -1.247
-0.312 0.729 -1.055
-0.317 0.078 -1.262
-0.403 0.696 -1.070
-0.283 0.038 -1.286
-0.188 0.086 -1.304
-0.077 0.614 -1.142
-0.136 0.687 -1.084
-0.532 0.214 -1.257
-0.465 0.068 -1.192
-0.298 0.699 -1.059
-0.193 0.142 -1.271
-0.154 0.330 -1.230
-0.402 0.596 -1.127
-0.349 0.048 -1.262
-0.136 0.427 -1.203
-0.119 0.459 -1.161
-0.192 0.667 -1.079
-0.177 0.258 -1.211
-0.228 0.219 -1.209
-0.166 0.205 -1.258
-0.405 0.074 -1.252
-0.442 0.485 -1.106
-0.144 0.369 -1.196
-0.532 0.140 -1.243
-0.444 0.409 -1.117
-0.175 0.602 -1.101
-0.236 0.161 -1.233
-0.259 0.110 -1.252
-0.218 0.042 -1.309
-0.247 0.070 -1.279
-0.092 0.567 -1.136
-0.476 0.374 -1.153
-0.420 0.623 -1.106
-0.428 0.584 -1.092
-0.501 0.285 -1.195
-0.448 0.554 -1.131
-0.417 0.537 -1.087
-0.239 0.267 -1.189
-0.138 0.632 -1.103
-0.358 0.707 -1.058
-0.349 0.632 -1.073
-0.325 0.659 -1.067
-0.340 0.118 -1.250
-0.078 0.654 -1.114
-0.497 0.330 -1.197
-0.474 0.322 -1.152
-0.461 0.277 -1.145
-0.423 0.313 -1.142
-0.176 0.298 -1.190
-0.217 0.334 -1.170
-0.256 0.679 -1.065
-0.105 0.508 -1.154
-0.213 0.499 -1.124
-0.160 0.461 -1.139
-0.150 0.537 -1.119
-0.495 0.146 -1.182
-0.403 0.206 -1.205
-0.448 0.184 -1.165
-0.446 0.124 -1.188
-0.404 0.145 -1.227
-0.328 0.178 -1.225
-0.516 0.228 -1.220
-0.467 0.451 -1.147
-0.438 0.353 -1.126
-0.388 0.342 -1.166
-0.407 0.408 -1.121
-0.355 0.491 -1.127
-0.367 0.441 -1.141
-0.404 0.476 -1.102
-0.398 0.602 -1.070
-0.289 0.214 -1.209
-0.490 0.216 -1.172
-0.136 0.416 -1.162
-0.165 0.365 -1.166
-0.438 0.238 -1.156
-0.393 0.271 -1.189
-0.291 0.520 -1.123
-0.292 0.467 -1.141
-0.361 0.547 -1.108
-0.344 0.243 -1.202
-0.250 0.630 -1.081
-0.338 0.578 -1.095
-0.260 0.346 -1.167
-0.351 0.374 -1.163
-0.309 0.399 -1.160
-0.258 0.411 -1.151
-0.328 0.314 -1.183
-0.229 0.575 -1.099
-0.292 0.589 -1.097
-0.209 0.423 -1.147
-0.287 0.292 -1.184
-0.392 0.712 -1.077
-0.409 0.647 -1.072
