-0.594 0.135 -1.375
-0.581 0.170 -1.360
-0.563 0.207 -1.358
-0.554 0.239 -1.346
-0.541 0.259 -1.344
-0.522 0.318 -1.322
-0.494 0.329 -1.325
-0.455 0.473 -1.268
-0.412 0.559 -1.236
-0.305 0.540 -1.306
-0.361 0.423 -1.350
-0.518 0.117 -1.434
-0.428 0.317 -1.394
-0.234 0.665 -1.263
-0.368 0.688 -1.170
-0.347 0.693 -1.187
-0.492 0.172 -1.437
-0.335 0.475 -1.325
-0.330 0.528 -1.277
-0.385 0.591 -1.227
-0.572 0.165 -1.374
-0.320 0.685 -1.191
-0.462 0.250 -1.421
-0.471 0.277 -1.387
-0.400 0.365 -1.373
-0.414 0.447 -1.289
-0.279 0.615 -1.289
-0.299 0.604 -1.253
-0.246 0.681 -1.218
-0.366 0.641 -1.205
-0.525 0.165 -1.394
-0.490 0.213 -1.409
-0.492 0.275 -1.353
-0.514 0.225 -1.367
-0.455 0.339 -1.344
-0.399 0.404 -1.337
-0.371 0.458 -1.309
-0.345 0.575 -1.235
-0.453 0.374 -1.315
-0.384 0.514 -1.257
-0.300 0.650 -1.212
-0.069 0.652 -1.164
-0.084 0.622 -1.178
-0.095 0.588 -1.183
-0.109 0.543 -1.195
-0.128 0.471 -1.203
-0.141 0.386 -1.244
-0.151 0.244 -1.265
-0.159 0.169 -1.297
-0.142 0.038 -1.363
-0.091 0.044 -1.397
-0.108 0.065 -1.374
-0.090 0.093 -1.385
-0.087 0.148 -1.377
-0.085 0.254 -1.351
-0.083 0.310 -1.341
-0.084 0.386 -1.315
-0.083 0.489 -1.297
-0.104 0.590 -1.240
-0.128 0.449 -1.243
-0.106 0.614 -1.222
-0.106 0.439 -1.283
-0.176 0.052 -1.342
-0.125 0.101 -1.359
-0.164 0.135 -1.310
-0.125 0.270 -1.320
-0.113 0.306 -1.318
-0.116 0.406 -1.283
-0.118 0.357 -1.296
-0.109 0.500 -1.260
-0.126 0.497 -1.217
-0.117 0.546 -1.224
-0.158 0.106 -1.340
-0.137 0.213 -1.324
-0.098 0.216 -1.345
-0.131 0.152 -1.346
-0.138 0.286 -1.276
-0.348 0.675 -1.109
-0.374 0.646 -1.109
-0.380 0.626 -1.120
-0.428 0.544 -1.153
-0.465 0.501 -1.178
-0.485 0.425 -1.196
-0.494 0.381 -1.205
-0.524 0.188 -1.232
-0.535 0.169 -1.249
-0.574 0.189 -1.356
-0.540 0.282 -1.333
-0.522 0.299 -1.332
-0.511 0.347 -1.312
-0.497 0.372 -1.306
-0.488 0.392 -1.300
-0.484 0.411 -1.292
-0.479 0.427 -1.285
-0.467 0.443 -1.279
-0.430 0.493 -1.263
-0.422 0.520 -1.252
-0.434 0.533 -1.238
-0.401 0.595 -1.215
-0.393 0.621 -1.191
-0.357 0.682 -1.136
-0.447 0.510 -1.228
-0.355 0.665 -1.125
-0.559 0.102 -1.284
-0.555 0.156 -1.285
-0.548 0.246 -1.301
-0.432 0.529 -1.180
-0.416 0.576 -1.179
-0.574 0.117 -1.314
-0.520 0.331 -1.267
-0.523 0.274 -1.243
-0.508 0.374 -1.264
-0.399 0.585 -1.149
-0.477 0.463 -1.198
-0.493 0.415 -1.237
-0.574 0.168 -1.329
-0.535 0.292 -1.293
-0.472 0.464 -1.251
-0.555 0.203 -1.297
-0.375 0.633 -1.146
-0.094 0.081 -1.414
-0.087 0.122 -1.383
-0.086 0.169 -1.370
-0.085 0.196 -1.366
-0.085 0.222 -1.361
-0.084 0.281 -1.346
-0.083 0.356 -1.326
-0.083 0.413 -1.318
-0.083 0.448 -1.307
-0.087 0.473 -1.291
-0.088 0.509 -1.282
-0.087 0.537 -1.277
-0.085 0.564 -1.273
-0.099 0.650 -1.220
-0.084 0.650 -1.192
-0.389 0.641 -1.177
-0.171 0.803 -1.160
-0.086 0.791 -1.164
-0.118 0.757 -1.208
-0.176 0.819 -1.142
-0.157 0.847 -1.116
-0.124 0.823 -1.124
-0.084 0.807 -1.125
-0.104 0.801 -1.157
-0.099 0.774 -1.182
-0.146 0.809 -1.146
-0.181 0.053 -1.464
-0.194 0.081 -1.464
-0.210 0.576 -1.346
-0.220 0.779 -1.175
-0.116 0.052 -1.436
-0.194 0.176 -1.445
-0.085 0.694 -1.214
-0.168 0.053 -1.457
-0.235 0.712 -1.246
-0.092 0.746 -1.233
-0.090 0.694 -1.259
-0.199 0.326 -1.404
-0.196 0.251 -1.424
-0.207 0.482 -1.367
-0.166 0.134 -1.436
-0.155 0.181 -1.419
-0.149 0.767 -1.201
-0.160 0.294 -1.391
-0.166 0.346 -1.381
-0.114 0.302 -1.373
-0.089 0.353 -1.345
-0.107 0.469 -1.328
-0.087 0.599 -1.263
-0.180 0.645 -1.310
-0.215 0.681 -1.306
-0.176 0.728 -1.247
-0.204 0.751 -1.209
-0.174 0.780 -1.178
-0.127 0.368 -1.361
-0.109 0.250 -1.384
-0.104 0.418 -1.340
-0.131 0.520 -1.324
-0.151 0.093 -1.439
-0.157 0.232 -1.406
-0.161 0.429 -1.356
-0.164 0.598 -1.317
-0.095 0.531 -1.306
-0.198 0.393 -1.385
-0.108 0.147 -1.409
-0.114 0.571 -1.307
-0.180 0.534 -1.339
-0.087 0.642 -1.256
-0.166 0.480 -1.345
-0.119 0.724 -1.250
-0.147 0.677 -1.286
-0.108 0.204 -1.396
-0.103 0.628 -1.289
-0.335 0.730 -1.201
-0.382 0.769 -1.138
-0.352 0.740 -1.188
-0.325 0.725 -1.208
-0.351 0.737 -1.161
-0.315 0.787 -1.158
-0.334 0.859 -1.095
-0.367 0.795 -1.089
-0.337 0.823 -1.127
-0.314 0.747 -1.167
-0.288 0.749 -1.137
-0.314 0.734 -1.178
-0.297 0.709 -1.178
-0.269 0.752 -1.044
-0.250 0.720 -1.055
-0.158 0.726 -1.068
-0.113 0.725 -1.076
-0.370 0.768 -1.057
-0.288 0.848 -1.131
-0.346 0.755 -1.054
-0.358 0.842 -1.062
-0.317 0.847 -1.112
-0.322 0.784 -1.046
-0.110 0.818 -1.111
-0.307 0.833 -1.059
-0.189 0.732 -1.062
-0.096 0.801 -1.065
-0.246 0.877 -1.073
-0.142 0.773 -1.054
-0.160 0.812 -1.057
-0.223 0.743 -1.055
-0.280 0.800 -1.042
-0.248 0.833 -1.056
-0.211 0.788 -1.053
-0.189 0.868 -1.074
-0.140 0.840 -1.107
-0.277 0.838 -1.085
-0.504 0.073 -1.204
-0.538 0.114 -1.250
-0.312 0.729 -1.055
-0.317 0.080 -1.267
-0.403 0.696 -1.071
-0.283 0.040 -1.291
-0.187 0.088 -1.308
-0.077 0.615 -1.144
-0.136 0.687 -1.084
-0.535 0.216 -1.259
-0.464 0.069 -1.198
-0.298 0.699 -1.059
-0.192 0.144 -1.274
-0.154 0.331 -1.233
-0.401 0.596 -1.127
-0.348 0.051 -1.268
-0.136 0.428 -1.206
-0.119 0.460 -1.163
-0.192 0.667 -1.079
-0.176 0.259 -1.215
-0.228 0.220 -1.213
-0.166 0.207 -1.262
-0.405 0.076 -1.258
-0.441 0.485 -1.106
-0.143 0.370 -1.198
-0.534 0.142 -1.246
-0.443 0.409 -1.118
-0.175 0.603 -1.102
-0.236 0.162 -1.238
-0.259 0.112 -1.257
-0.217 0.044 -1.313
-0.247 0.071 -1.284
-0.092 0.568 -1.138
-0.475 0.374 -1.154
-0.419 0.623 -1.106
-0.428 0.584 -1.091
-0.502 0.286 -1.197
-0.447 0.554 -1.131
-0.417 0.537 -1.086
-0.238 0.268 -1.192
-0.138 0.633 -1.104
-0.358 0.707 -1.058
-0.349 0.632 -1.072
-0.325 0.659 -1.067
-0.340 0.120 -1.255
-0.078 0.655 -1.116
-0.498 0.332 -1.198
-0.474 0.322 -1.154
-0.460 0.278 -1.148
-0.422 0.314 -1.145
-0.176 0.299 -1.193
-0.216 0.335 -1.173
-0.255 0.679 -1.065
-0.105 0.509 -1.156
-0.212 0.500 -1.126
-0.160 0.461 -1.141
-0.149 0.537 -1.121
-0.494 0.147 -1.187
-0.402 0.208 -1.210
-0.447 0.185 -1.170
-0.446 0.126 -1.194
-0.404 0.147 -1.232
-0.328 0.180 -1.230
-0.517 0.230 -1.222
-0.467 0.452 -1.147
-0.437 0.353 -1.128
-0.387 0.343 -1.168
-0.407 0.408 -1.122
-0.355 0.491 -1.127
-0.366 0.442 -1.142
-0.403 0.476 -1.103
-0.397 0.602 -1.069
-0.289 0.215 -1.213
-0.489 0.217 -1.175
-0.136 0.417 -1.165
-0.164 0.366 -1.168
-0.437 0.238 -1.160
-0.393 0.272 -1.192
-0.290 0.520 -1.124
-0.292 0.468 -1.142
-0.360 0.547 -1.108
-0.344 0.244 -1.206
-0.249 0.630 -1.080
-0.337 0.579 -1.095
-0.260 0.347 -1.170
-0.351 0.375 -1.165
-0.309 0.400 -1.163
-0.257 0.412 -1.153
-0.328 0.315 -1.186
-0.229 0.576 -1.100
-0.291 0.589 -1.097
-0.209 0.424 -1.149
-0.287 0.294 -1.188
-0.392 0.712 -1.077
-0.409 0.647 -1.072
