-0.598 0.138 -1.378
-0.584 0.173 -1.362
-0.567 0.210 -1.360
-0.557 0.242 -1.348
-0.544 0.262 -1.346
-0.524 0.320 -1.324
-0.497 0.332 -1.328
-0.456 0.474 -1.269
-0.413 0.560 -1.236
-0.305 0.540 -1.307
-0.363 0.426 -1.353
-0.523 0.122 -1.440
-0.433 0.321 -1.398
-0.234 0.665 -1.263
-0.368 0.688 -1.170
-0.347 0.693 -1.187
-0.498 0.177 -1.443
-0.337 0.476 -1.326
-0.331 0.529 -1.278
-0.385 0.592 -1.227
-0.576 0.168 -1.377
-0.320 0.685 -1.191
-0.467 0.255 -1.426
-0.475 0.281 -1.391
-0.403 0.368 -1.377
-0.415 0.449 -1.291
-0.279 0.615 -1.289
-0.299 0.605 -1.253
-0.246 0.681 -1.218
-0.367 0.641 -1.206
-0.529 0.169 -1.399
-0.495 0.217 -1.414
-0.496 0.279 -1.356
-0.517 0.228 -1.371
-0.458 0.342 -1.347
-0.401 0.406 -1.340
-0.373 0.460 -1.311
-0.346 0.575 -1.236
-0.456 0.376 -1.317
-0.385 0.515 -1.258
-0.300 0.650 -1.212
-0.068 0.653 -1.165
-0.083 0.622 -1.179
-0.094 0.589 -1.184
-0.109 0.544 -1.196
-0.127 0.471 -1.204
-0.139 0.387 -1.245
-0.149 0.245 -1.267
-0.157 0.169 -1.299
-0.139 0.039 -1.365
-0.087 0.045 -1.399
-0.105 0.066 -1.375
-0.087 0.094 -1.387
-0.084 0.149 -1.378
-0.083 0.255 -1.352
-0.081 0.311 -1.342
-0.083 0.387 -1.316
-0.082 0.490 -1.298
-0.104 0.591 -1.240
-0.127 0.450 -1.244
-0.106 0.615 -1.223
-0.105 0.440 -1.284
-0.173 0.053 -1.344
-0.122 0.102 -1.360
-0.162 0.136 -1.312
-0.123 0.271 -1.321
-0.111 0.307 -1.320
-0.115 0.407 -1.284
-0.117 0.358 -1.297
-0.108 0.501 -1.261
-0.125 0.498 -1.218
-0.116 0.547 -1.224
-0.155 0.107 -1.342
-0.135 0.214 -1.325
-0.096 0.217 -1.347
-0.128 0.153 -1.347
-0.137 0.287 -1.277
-0.348 0.675 -1.109
-0.374 0.646 -1.109
-0.380 0.626 -1.120
-0.427 0.545 -1.153
-0.465 0.502 -1.178
-0.486 0.426 -1.197
-0.494 0.382 -1.207
-0.523 0.189 -1.236
-0.534 0.171 -1.253
-0.577 0.191 -1.358
-0.543 0.284 -1.334
-0.525 0.302 -1.334
-0.514 0.349 -1.313
-0.499 0.374 -1.308
-0.490 0.394 -1.301
-0.486 0.413 -1.294
-0.480 0.429 -1.286
-0.468 0.445 -1.280
-0.431 0.494 -1.264
-0.423 0.521 -1.253
-0.434 0.534 -1.239
-0.402 0.595 -1.215
-0.394 0.621 -1.191
-0.357 0.682 -1.136
-0.448 0.511 -1.228
-0.355 0.665 -1.125
-0.559 0.104 -1.288
-0.556 0.158 -1.288
-0.549 0.248 -1.303
-0.432 0.529 -1.181
-0.416 0.576 -1.179
-0.575 0.119 -1.318
-0.521 0.333 -1.269
-0.524 0.275 -1.245
-0.509 0.376 -1.265
-0.399 0.585 -1.149
-0.478 0.464 -1.198
-0.494 0.416 -1.238
-0.576 0.171 -1.332
-0.537 0.293 -1.295
-0.473 0.465 -1.252
-0.556 0.205 -1.300
-0.375 0.633 -1.147
-0.091 0.082 -1.415
-0.084 0.123 -1.384
-0.083 0.171 -1.371
-0.083 0.197 -1.368
-0.082 0.223 -1.362
-0.082 0.282 -1.347
-0.081 0.357 -1.327
-0.081 0.414 -1.319
-0.082 0.449 -1.308
-0.086 0.474 -1.292
-0.087 0.510 -1.283
-0.086 0.538 -1.278
-0.085 0.565 -1.274
-0.099 0.651 -1.221
-0.083 0.651 -1.193
-0.389 0.641 -1.177
-0.171 0.803 -1.160
-0.086 0.791 -1.164
-0.118 0.758 -1.209
-0.176 0.819 -1.142
-0.157 0.847 -1.116
-0.124 0.823 -1.124
-0.084 0.807 -1.125
-0.104 0.801 -1.157
-0.099 0.774 -1.182
-0.146 0.809 -1.146
-0.179 0.054 -1.464
-0.192 0.081 -1.464
-0.209 0.576 -1.347
-0.220 0.778 -1.175
-0.113 0.053 -1.437
-0.192 0.177 -1.445
-0.085 0.695 -1.215
-0.165 0.054 -1.458
-0.235 0.712 -1.246
-0.092 0.747 -1.233
-0.090 0.695 -1.260
-0.198 0.327 -1.404
-0.194 0.252 -1.424
-0.206 0.482 -1.368
-0.163 0.135 -1.437
-0.153 0.182 -1.420
-0.149 0.767 -1.201
-0.158 0.295 -1.391
-0.164 0.347 -1.381
-0.112 0.303 -1.374
-0.088 0.354 -1.346
-0.106 0.470 -1.329
-0.087 0.600 -1.264
-0.180 0.646 -1.310
-0.215 0.681 -1.306
-0.176 0.728 -1.247
-0.204 0.751 -1.209
-0.174 0.780 -1.178
-0.126 0.369 -1.362
-0.107 0.251 -1.385
-0.103 0.419 -1.341
-0.130 0.521 -1.325
-0.149 0.094 -1.440
-0.155 0.233 -1.407
-0.159 0.430 -1.357
-0.163 0.599 -1.317
-0.094 0.532 -1.307
-0.197 0.393 -1.386
-0.105 0.148 -1.410
-0.113 0.572 -1.308
-0.180 0.535 -1.340
-0.086 0.643 -1.257
-0.165 0.481 -1.345
-0.120 0.725 -1.251
-0.147 0.678 -1.286
-0.106 0.205 -1.397
-0.103 0.629 -1.290
-0.335 0.730 -1.201
-0.382 0.769 -1.138
-0.352 0.740 -1.188
-0.325 0.725 -1.208
-0.351 0.737 -1.160
-0.315 0.788 -1.158
-0.334 0.859 -1.095
-0.367 0.795 -1.089
-0.336 0.823 -1.127
-0.314 0.747 -1.167
-0.288 0.749 -1.137
-0.314 0.734 -1.178
-0.297 0.709 -1.178
-0.269 0.752 -1.044
-0.250 0.720 -1.055
-0.158 0.726 -1.068
-0.113 0.726 -1.076
-0.370 0.768 -1.057
-0.288 0.848 -1.131
-0.346 0.754 -1.054
-0.358 0.842 -1.062
-0.317 0.847 -1.112
-0.322 0.784 -1.046
-0.110 0.818 -1.111
-0.307 0.833 -1.059
-0.188 0.733 -1.062
-0.096 0.801 -1.065
-0.246 0.877 -1.073
-0.142 0.773 -1.054
-0.159 0.812 -1.057
-0.223 0.743 -1.055
-0.280 0.800 -1.042
-0.248 0.833 -1.056
-0.211 0.788 -1.053
-0.189 0.868 -1.074
-0.140 0.840 -1.107
-0.277 0.838 -1.085
-0.503 0.074 -1.209
-0.537 0.116 -1.255
-0.312 0.729 -1.055
-0.315 0.081 -1.271
-0.402 0.696 -1.071
-0.280 0.041 -1.294
-0.185 0.089 -1.309
-0.077 0.616 -1.145
-0.136 0.688 -1.085
-0.536 0.218 -1.262
-0.463 0.070 -1.204
-0.297 0.699 -1.059
-0.190 0.145 -1.276
-0.152 0.332 -1.234
-0.401 0.595 -1.127
-0.346 0.052 -1.272
-0.135 0.429 -1.207
-0.118 0.461 -1.164
-0.191 0.667 -1.079
-0.175 0.260 -1.216
-0.227 0.221 -1.215
-0.164 0.208 -1.263
-0.403 0.078 -1.263
-0.440 0.485 -1.107
-0.142 0.371 -1.200
-0.534 0.143 -1.250
-0.442 0.409 -1.120
-0.174 0.603 -1.102
-0.234 0.163 -1.240
-0.257 0.113 -1.259
-0.214 0.045 -1.315
-0.245 0.072 -1.286
-0.092 0.569 -1.139
-0.475 0.374 -1.155
-0.419 0.623 -1.106
-0.427 0.584 -1.091
-0.501 0.287 -1.199
-0.447 0.554 -1.131
-0.416 0.537 -1.087
-0.237 0.269 -1.194
-0.137 0.633 -1.104
-0.358 0.707 -1.058
-0.348 0.632 -1.073
-0.325 0.659 -1.067
-0.338 0.121 -1.259
-0.078 0.655 -1.116
-0.498 0.332 -1.200
-0.473 0.322 -1.156
-0.459 0.278 -1.151
-0.421 0.314 -1.148
-0.174 0.300 -1.194
-0.215 0.336 -1.174
-0.255 0.679 -1.065
-0.104 0.510 -1.157
-0.212 0.501 -1.127
-0.159 0.462 -1.142
-0.149 0.538 -1.122
-0.493 0.147 -1.191
-0.401 0.209 -1.214
-0.446 0.185 -1.174
-0.444 0.126 -1.199
-0.402 0.148 -1.237
-0.326 0.181 -1.233
-0.517 0.231 -1.225
-0.467 0.452 -1.148
-0.436 0.353 -1.131
-0.386 0.343 -1.171
-0.406 0.408 -1.124
-0.354 0.492 -1.128
-0.365 0.442 -1.143
-0.403 0.475 -1.104
-0.396 0.602 -1.069
-0.288 0.216 -1.216
-0.488 0.218 -1.179
-0.135 0.417 -1.166
-0.163 0.367 -1.170
-0.436 0.239 -1.163
-0.391 0.273 -1.196
-0.290 0.521 -1.125
-0.291 0.468 -1.144
-0.360 0.547 -1.108
-0.342 0.245 -1.209
-0.249 0.630 -1.081
-0.337 0.579 -1.096
-0.258 0.348 -1.172
-0.350 0.376 -1.168
-0.308 0.401 -1.164
-0.257 0.412 -1.155
-0.327 0.316 -1.189
-0.229 0.576 -1.100
-0.291 0.590 -1.098
-0.208 0.425 -1.151
-0.286 0.294 -1.190
-0.392 0.712 -1.078
-0.409 0.646 -1.072
