-0.596 0.139 -1.382
-0.583 0.174 -1.366
-0.565 0.211 -1.364
-0.556 0.243 -1.351
-0.543 0.263 -1.349
-0.524 0.321 -1.327
-0.496 0.333 -1.330
-0.455 0.475 -1.270
-0.412 0.560 -1.237
-0.304 0.540 -1.306
-0.362 0.426 -1.354
-0.522 0.124 -1.445
-0.432 0.322 -1.400
-0.234 0.665 -1.263
-0.368 0.688 -1.170
-0.347 0.693 -1.187
-0.497 0.179 -1.447
-0.335 0.475 -1.326
-0.330 0.528 -1.278
-0.385 0.592 -1.228
-0.574 0.170 -1.381
-0.320 0.685 -1.192
-0.466 0.257 -1.429
-0.474 0.282 -1.394
-0.402 0.369 -1.378
-0.414 0.449 -1.291
-0.279 0.615 -1.289
-0.299 0.605 -1.253
-0.246 0.681 -1.218
-0.366 0.641 -1.206
-0.528 0.170 -1.403
-0.494 0.219 -1.418
-0.495 0.280 -1.359
-0.516 0.230 -1.375
-0.457 0.343 -1.350
-0.400 0.407 -1.341
-0.372 0.460 -1.311
-0.345 0.575 -1.236
-0.455 0.377 -1.319
-0.385 0.515 -1.258
-0.300 0.650 -1.213
-0.068 0.654 -1.165
-0.083 0.623 -1.179
-0.094 0.590 -1.184
-0.108 0.545 -1.196
-0.125 0.472 -1.204
-0.137 0.387 -1.245
-0.146 0.245 -1.266
-0.153 0.170 -1.298
-0.134 0.039 -1.364
-0.083 0.046 -1.398
-0.100 0.067 -1.374
-0.082 0.094 -1.386
-0.080 0.150 -1.377
-0.079 0.256 -1.352
-0.078 0.312 -1.342
-0.081 0.388 -1.316
-0.080 0.491 -1.297
-0.103 0.592 -1.240
-0.126 0.450 -1.244
-0.105 0.616 -1.223
-0.103 0.440 -1.284
-0.168 0.053 -1.343
-0.117 0.102 -1.359
-0.158 0.136 -1.311
-0.120 0.271 -1.321
-0.108 0.307 -1.319
-0.113 0.408 -1.284
-0.114 0.358 -1.297
-0.107 0.502 -1.261
-0.123 0.498 -1.218
-0.115 0.547 -1.224
-0.151 0.107 -1.341
-0.131 0.214 -1.324
-0.092 0.218 -1.346
-0.124 0.153 -1.346
-0.134 0.287 -1.277
-0.348 0.675 -1.110
-0.374 0.646 -1.109
-0.380 0.626 -1.120
-0.427 0.544 -1.154
-0.464 0.502 -1.179
-0.485 0.426 -1.199
-0.493 0.382 -1.209
-0.521 0.189 -1.240
-0.532 0.171 -1.257
-0.576 0.192 -1.362
-0.542 0.285 -1.337
-0.524 0.303 -1.337
-0.513 0.350 -1.316
-0.498 0.375 -1.310
-0.489 0.394 -1.303
-0.485 0.413 -1.295
-0.480 0.429 -1.288
-0.467 0.445 -1.282
-0.430 0.494 -1.265
-0.422 0.521 -1.254
-0.434 0.534 -1.240
-0.401 0.595 -1.216
-0.393 0.621 -1.191
-0.357 0.682 -1.136
-0.447 0.511 -1.229
-0.355 0.665 -1.126
-0.557 0.104 -1.293
-0.554 0.158 -1.293
-0.548 0.249 -1.306
-0.431 0.529 -1.182
-0.416 0.576 -1.180
-0.573 0.119 -1.322
-0.520 0.333 -1.271
-0.522 0.275 -1.249
-0.508 0.376 -1.267
-0.398 0.585 -1.150
-0.477 0.464 -1.200
-0.493 0.417 -1.240
-0.575 0.171 -1.336
-0.536 0.294 -1.298
-0.472 0.466 -1.253
-0.555 0.206 -1.304
-0.375 0.633 -1.147
-0.087 0.082 -1.414
-0.080 0.123 -1.383
-0.079 0.171 -1.371
-0.079 0.197 -1.367
-0.079 0.224 -1.361
-0.078 0.283 -1.346
-0.079 0.357 -1.327
-0.079 0.414 -1.319
-0.080 0.450 -1.307
-0.084 0.475 -1.292
-0.086 0.511 -1.283
-0.085 0.538 -1.278
-0.084 0.566 -1.274
-0.098 0.651 -1.221
-0.083 0.652 -1.193
-0.389 0.641 -1.178
-0.171 0.803 -1.160
-0.086 0.791 -1.164
-0.118 0.758 -1.209
-0.176 0.819 -1.141
-0.157 0.847 -1.116
-0.124 0.823 -1.124
-0.084 0.807 -1.125
-0.104 0.801 -1.157
-0.099 0.774 -1.182
-0.146 0.809 -1.146
-0.174 0.053 -1.462
-0.187 0.081 -1.462
-0.209 0.576 -1.347
-0.220 0.778 -1.175
-0.108 0.053 -1.436
-0.188 0.176 -1.443
-0.085 0.695 -1.215
-0.160 0.053 -1.456
-0.235 0.712 -1.246
-0.092 0.748 -1.233
-0.090 0.696 -1.260
-0.195 0.326 -1.403
-0.191 0.251 -1.423
-0.204 0.482 -1.368
-0.159 0.135 -1.435
-0.149 0.182 -1.419
-0.149 0.767 -1.202
-0.155 0.295 -1.391
-0.162 0.347 -1.381
-0.109 0.304 -1.373
-0.085 0.354 -1.345
-0.104 0.471 -1.329
-0.086 0.600 -1.264
-0.180 0.646 -1.310
-0.215 0.681 -1.306
-0.176 0.728 -1.247
-0.204 0.751 -1.209
-0.174 0.780 -1.178
-0.124 0.369 -1.361
-0.103 0.251 -1.385
-0.101 0.420 -1.340
-0.129 0.521 -1.325
-0.145 0.094 -1.439
-0.152 0.233 -1.406
-0.158 0.430 -1.357
-0.163 0.599 -1.317
-0.093 0.533 -1.307
-0.195 0.393 -1.385
-0.101 0.148 -1.409
-0.112 0.572 -1.308
-0.179 0.535 -1.340
-0.086 0.643 -1.257
-0.163 0.481 -1.345
-0.120 0.725 -1.251
-0.147 0.678 -1.286
-0.103 0.205 -1.396
-0.102 0.629 -1.290
-0.335 0.730 -1.201
-0.382 0.769 -1.138
-0.352 0.740 -1.188
-0.325 0.725 -1.208
-0.351 0.738 -1.161
-0.315 0.788 -1.158
-0.334 0.859 -1.095
-0.367 0.796 -1.089
-0.337 0.823 -1.127
-0.314 0.747 -1.167
-0.288 0.749 -1.137
-0.314 0.734 -1.178
-0.297 0.710 -1.179
-0.269 0.752 -1.044
-0.249 0.720 -1.055
-0.158 0.726 -1.068
-0.113 0.726 -1.076
-0.370 0.768 -1.057
-0.288 0.848 -1.131
-0.346 0.754 -1.054
-0.358 0.842 -1.062
-0.317 0.847 -1.112
-0.322 0.784 -1.046
-0.110 0.818 -1.111
-0.307 0.833 -1.059
-0.188 0.733 -1.062
-0.096 0.801 -1.065
-0.246 0.877 -1.073
-0.142 0.773 -1.054
-0.159 0.812 -1.057
-0.223 0.743 -1.055
-0.280 0.800 -1.042
-0.248 0.833 -1.056
-0.211 0.788 -1.053
-0.189 0.868 -1.074
-0.140 0.840 -1.107
-0.277 0.838 -1.085
-0.500 0.074 -1.214
-0.535 0.116 -1.259
-0.311 0.729 -1.055
-0.311 0.081 -1.273
-0.402 0.695 -1.071
-0.276 0.042 -1.295
-0.181 0.089 -1.309
-0.076 0.616 -1.145
-0.135 0.688 -1.085
-0.534 0.218 -1.266
-0.460 0.070 -1.209
-0.297 0.699 -1.060
-0.187 0.145 -1.276
-0.150 0.332 -1.234
-0.400 0.595 -1.128
-0.343 0.052 -1.275
-0.133 0.429 -1.207
-0.117 0.462 -1.164
-0.191 0.667 -1.079
-0.172 0.260 -1.216
-0.224 0.221 -1.215
-0.161 0.208 -1.263
-0.400 0.078 -1.267
-0.439 0.485 -1.109
-0.140 0.371 -1.200
-0.531 0.144 -1.254
-0.441 0.408 -1.122
-0.174 0.604 -1.103
-0.231 0.163 -1.240
-0.254 0.113 -1.260
-0.210 0.045 -1.315
-0.241 0.072 -1.287
-0.091 0.569 -1.139
-0.473 0.374 -1.158
-0.418 0.622 -1.106
-0.427 0.583 -1.092
-0.500 0.287 -1.203
-0.447 0.553 -1.132
-0.415 0.536 -1.088
-0.235 0.269 -1.195
-0.137 0.634 -1.104
-0.358 0.707 -1.059
-0.348 0.632 -1.074
-0.325 0.659 -1.068
-0.335 0.121 -1.261
-0.078 0.656 -1.116
-0.496 0.332 -1.202
-0.471 0.322 -1.159
-0.457 0.278 -1.155
-0.419 0.314 -1.151
-0.172 0.300 -1.194
-0.214 0.336 -1.175
-0.255 0.679 -1.065
-0.103 0.510 -1.157
-0.211 0.501 -1.128
-0.158 0.463 -1.142
-0.148 0.538 -1.122
-0.491 0.147 -1.196
-0.398 0.209 -1.217
-0.444 0.185 -1.179
-0.442 0.126 -1.203
-0.399 0.148 -1.241
-0.324 0.181 -1.236
-0.515 0.231 -1.229
-0.466 0.451 -1.149
-0.434 0.352 -1.134
-0.384 0.343 -1.174
-0.404 0.408 -1.127
-0.353 0.492 -1.130
-0.364 0.442 -1.145
-0.402 0.475 -1.106
-0.396 0.602 -1.070
-0.285 0.217 -1.217
-0.486 0.217 -1.183
-0.133 0.418 -1.166
-0.162 0.367 -1.170
-0.434 0.239 -1.167
-0.389 0.273 -1.199
-0.289 0.521 -1.126
-0.290 0.469 -1.145
-0.359 0.547 -1.109
-0.340 0.245 -1.212
-0.249 0.630 -1.081
-0.336 0.578 -1.097
-0.257 0.348 -1.173
-0.348 0.376 -1.170
-0.306 0.401 -1.166
-0.255 0.412 -1.156
-0.325 0.316 -1.191
-0.228 0.576 -1.101
-0.290 0.590 -1.099
-0.206 0.425 -1.151
-0.284 0.295 -1.192
-0.392 0.711 -1.078
-0.408 0.646 -1.073
