-0.590 0.138 -1.387
-0.578 0.173 -1.371
-0.560 0.210 -1.368
-0.551 0.242 -1.356
-0.538 0.262 -1.353
-0.520 0.320 -1.330
-0.492 0.332 -1.333
-0.453 0.474 -1.272
-0.411 0.560 -1.238
-0.301 0.539 -1.305
-0.358 0.425 -1.353
-0.515 0.123 -1.448
-0.426 0.322 -1.401
-0.234 0.665 -1.263
-0.368 0.688 -1.171
-0.346 0.694 -1.188
-0.490 0.179 -1.450
-0.331 0.474 -1.324
-0.328 0.528 -1.277
-0.384 0.592 -1.229
-0.568 0.169 -1.386
-0.320 0.685 -1.192
-0.459 0.257 -1.431
-0.468 0.282 -1.396
-0.397 0.369 -1.379
-0.411 0.448 -1.292
-0.278 0.615 -1.289
-0.298 0.604 -1.252
-0.246 0.681 -1.218
-0.366 0.642 -1.207
-0.522 0.170 -1.407
-0.487 0.219 -1.421
-0.490 0.279 -1.362
-0.511 0.229 -1.378
-0.452 0.343 -1.352
-0.396 0.406 -1.341
-0.368 0.459 -1.310
-0.344 0.575 -1.236
-0.451 0.376 -1.321
-0.383 0.515 -1.259
-0.299 0.650 -1.212
-0.067 0.654 -1.164
-0.082 0.623 -1.178
-0.093 0.590 -1.183
-0.106 0.545 -1.195
-0.123 0.472 -1.203
-0.135 0.387 -1.244
-0.142 0.245 -1.264
-0.148 0.169 -1.296
-0.127 0.038 -1.360
-0.076 0.045 -1.394
-0.094 0.066 -1.370
-0.076 0.094 -1.382
-0.075 0.150 -1.374
-0.075 0.256 -1.350
-0.074 0.312 -1.340
-0.078 0.388 -1.314
-0.078 0.491 -1.296
-0.102 0.592 -1.240
-0.123 0.450 -1.243
-0.104 0.616 -1.222
-0.100 0.440 -1.282
-0.162 0.052 -1.340
-0.112 0.101 -1.356
-0.152 0.136 -1.309
-0.116 0.270 -1.319
-0.104 0.307 -1.317
-0.110 0.407 -1.283
-0.111 0.358 -1.295
-0.105 0.502 -1.260
-0.122 0.498 -1.217
-0.113 0.547 -1.224
-0.145 0.107 -1.338
-0.127 0.214 -1.322
-0.087 0.218 -1.343
-0.119 0.153 -1.343
-0.130 0.287 -1.275
-0.348 0.675 -1.110
-0.374 0.646 -1.111
-0.380 0.626 -1.122
-0.426 0.544 -1.156
-0.464 0.501 -1.181
-0.483 0.425 -1.202
-0.491 0.381 -1.212
-0.518 0.188 -1.244
-0.528 0.170 -1.261
-0.571 0.192 -1.367
-0.537 0.285 -1.341
-0.520 0.302 -1.341
-0.509 0.349 -1.319
-0.495 0.375 -1.313
-0.486 0.394 -1.306
-0.482 0.413 -1.298
-0.477 0.429 -1.290
-0.465 0.445 -1.284
-0.428 0.494 -1.266
-0.420 0.521 -1.255
-0.432 0.534 -1.242
-0.400 0.595 -1.217
-0.393 0.621 -1.193
-0.357 0.682 -1.137
-0.446 0.511 -1.231
-0.355 0.665 -1.127
-0.552 0.103 -1.298
-0.549 0.157 -1.297
-0.544 0.248 -1.311
-0.430 0.529 -1.184
-0.416 0.576 -1.181
-0.568 0.118 -1.327
-0.517 0.333 -1.275
-0.519 0.274 -1.252
-0.506 0.375 -1.270
-0.398 0.584 -1.151
-0.476 0.463 -1.202
-0.491 0.416 -1.242
-0.570 0.171 -1.340
-0.532 0.293 -1.302
-0.470 0.465 -1.256
-0.550 0.205 -1.308
-0.375 0.633 -1.148
-0.080 0.082 -1.411
-0.074 0.123 -1.380
-0.074 0.171 -1.368
-0.074 0.197 -1.364
-0.074 0.224 -1.359
-0.074 0.283 -1.344
-0.075 0.357 -1.325
-0.077 0.414 -1.317
-0.078 0.450 -1.306
-0.082 0.475 -1.291
-0.084 0.511 -1.282
-0.083 0.538 -1.277
-0.083 0.566 -1.273
-0.098 0.651 -1.220
-0.082 0.652 -1.192
-0.389 0.641 -1.179
-0.171 0.803 -1.160
-0.086 0.792 -1.164
-0.118 0.758 -1.209
-0.176 0.819 -1.142
-0.157 0.847 -1.116
-0.124 0.823 -1.124
-0.084 0.807 -1.125
-0.104 0.801 -1.157
-0.099 0.774 -1.183
-0.146 0.810 -1.146
-0.168 0.051 -1.459
-0.181 0.079 -1.459
-0.208 0.574 -1.345
-0.220 0.779 -1.175
-0.102 0.053 -1.432
-0.183 0.175 -1.440
-0.085 0.695 -1.215
-0.154 0.052 -1.453
-0.235 0.712 -1.246
-0.092 0.748 -1.233
-0.090 0.696 -1.259
-0.192 0.325 -1.401
-0.187 0.249 -1.420
-0.202 0.480 -1.366
-0.154 0.133 -1.432
-0.144 0.181 -1.416
-0.149 0.767 -1.202
-0.151 0.294 -1.388
-0.158 0.346 -1.379
-0.105 0.303 -1.371
-0.082 0.354 -1.344
-0.102 0.470 -1.328
-0.085 0.600 -1.263
-0.179 0.645 -1.309
-0.215 0.680 -1.305
-0.176 0.728 -1.247
-0.204 0.751 -1.209
-0.175 0.781 -1.178
-0.121 0.369 -1.360
-0.099 0.251 -1.382
-0.098 0.419 -1.339
-0.128 0.521 -1.324
-0.139 0.093 -1.436
-0.147 0.231 -1.404
-0.155 0.429 -1.355
-0.162 0.598 -1.316
-0.092 0.533 -1.306
-0.192 0.391 -1.383
-0.096 0.148 -1.406
-0.111 0.572 -1.307
-0.177 0.533 -1.338
-0.085 0.644 -1.257
-0.161 0.480 -1.344
-0.119 0.725 -1.251
-0.147 0.678 -1.286
-0.098 0.205 -1.393
-0.102 0.629 -1.289
-0.335 0.730 -1.201
-0.382 0.769 -1.138
-0.352 0.740 -1.188
-0.325 0.724 -1.208
-0.351 0.738 -1.161
-0.315 0.788 -1.158
-0.334 0.859 -1.095
-0.367 0.796 -1.089
-0.337 0.823 -1.127
-0.314 0.747 -1.167
-0.288 0.749 -1.137
-0.314 0.734 -1.178
-0.297 0.710 -1.179
-0.269 0.752 -1.044
-0.249 0.720 -1.056
-0.157 0.726 -1.068
-0.113 0.726 -1.076
-0.370 0.768 -1.057
-0.288 0.848 -1.131
-0.346 0.754 -1.055
-0.358 0.842 -1.062
-0.317 0.847 -1.112
-0.322 0.784 -1.046
-0.110 0.818 -1.112
-0.307 0.833 -1.059
-0.188 0.733 -1.062
-0.096 0.801 -1.065
-0.246 0.877 -1.073
-0.142 0.773 -1.054
-0.159 0.812 -1.057
-0.223 0.743 -1.055
-0.280 0.800 -1.042
-0.248 0.833 -1.056
-0.211 0.788 -1.053
-0.189 0.868 -1.074
-0.140 0.840 -1.107
-0.277 0.838 -1.085
-0.496 0.073 -1.218
-0.531 0.115 -1.264
-0.311 0.729 -1.056
-0.307 0.080 -1.273
-0.402 0.695 -1.072
-0.271 0.041 -1.294
-0.175 0.088 -1.306
-0.075 0.617 -1.144
-0.135 0.688 -1.084
-0.530 0.217 -1.270
-0.457 0.070 -1.213
-0.297 0.699 -1.060
-0.182 0.144 -1.274
-0.147 0.332 -1.233
-0.400 0.595 -1.129
-0.338 0.052 -1.276
-0.131 0.429 -1.205
-0.115 0.462 -1.163
-0.191 0.667 -1.079
-0.169 0.260 -1.214
-0.221 0.221 -1.214
-0.156 0.207 -1.261
-0.396 0.078 -1.270
-0.438 0.484 -1.111
-0.138 0.371 -1.198
-0.527 0.143 -1.259
-0.440 0.407 -1.125
-0.173 0.604 -1.103
-0.227 0.163 -1.239
-0.249 0.113 -1.259
-0.204 0.044 -1.313
-0.236 0.072 -1.285
-0.090 0.570 -1.138
-0.472 0.373 -1.161
-0.418 0.622 -1.107
-0.426 0.583 -1.094
-0.497 0.286 -1.206
-0.446 0.553 -1.133
-0.414 0.535 -1.090
-0.232 0.269 -1.195
-0.136 0.634 -1.104
-0.358 0.707 -1.059
-0.348 0.632 -1.075
-0.324 0.659 -1.069
-0.331 0.121 -1.263
-0.077 0.656 -1.116
-0.494 0.331 -1.205
-0.469 0.321 -1.162
-0.455 0.277 -1.158
-0.417 0.313 -1.154
-0.170 0.300 -1.193
-0.211 0.336 -1.174
-0.255 0.679 -1.066
-0.102 0.511 -1.156
-0.210 0.501 -1.128
-0.156 0.463 -1.142
-0.147 0.539 -1.122
-0.487 0.146 -1.200
-0.395 0.208 -1.220
-0.441 0.184 -1.182
-0.438 0.126 -1.206
-0.395 0.148 -1.243
-0.320 0.181 -1.237
-0.512 0.230 -1.232
-0.464 0.451 -1.152
-0.433 0.352 -1.136
-0.382 0.343 -1.176
-0.403 0.407 -1.129
-0.352 0.491 -1.132
-0.362 0.442 -1.147
-0.400 0.474 -1.108
-0.395 0.601 -1.072
-0.282 0.216 -1.218
-0.483 0.216 -1.187
-0.131 0.418 -1.165
-0.160 0.367 -1.169
-0.431 0.238 -1.170
-0.386 0.273 -1.201
-0.288 0.521 -1.127
-0.289 0.469 -1.146
-0.358 0.547 -1.111
-0.337 0.245 -1.214
-0.248 0.630 -1.082
-0.335 0.578 -1.098
-0.255 0.348 -1.173
-0.346 0.376 -1.171
-0.304 0.401 -1.167
-0.253 0.412 -1.156
-0.322 0.316 -1.192
-0.227 0.576 -1.101
-0.290 0.590 -1.100
-0.205 0.425 -1.151
-0.281 0.295 -1.193
-0.392 0.711 -1.078
-0.408 0.645 -1.074
