-0.580 0.136 -1.393
-0.568 0.170 -1.376
-0.551 0.208 -1.373
-0.543 0.239 -1.360
-0.531 0.260 -1.357
-0.513 0.318 -1.334
-0.486 0.331 -1.336
-0.450 0.473 -1.274
-0.409 0.559 -1.240
-0.298 0.538 -1.303
-0.351 0.423 -1.350
-0.502 0.121 -1.450
-0.417 0.320 -1.402
-0.234 0.665 -1.263
-0.368 0.688 -1.173
-0.346 0.694 -1.189
-0.477 0.176 -1.452
-0.326 0.472 -1.321
-0.324 0.527 -1.275
-0.383 0.591 -1.230
-0.559 0.166 -1.390
-0.319 0.685 -1.192
-0.449 0.254 -1.433
-0.459 0.280 -1.398
-0.389 0.367 -1.378
-0.407 0.446 -1.291
-0.277 0.614 -1.288
-0.297 0.604 -1.252
-0.246 0.681 -1.218
-0.365 0.641 -1.208
-0.511 0.167 -1.409
-0.477 0.217 -1.423
-0.482 0.278 -1.365
-0.502 0.227 -1.381
-0.446 0.342 -1.354
-0.390 0.405 -1.341
-0.363 0.457 -1.308
-0.343 0.574 -1.235
-0.447 0.376 -1.324
-0.380 0.514 -1.259
-0.299 0.650 -1.212
-0.067 0.654 -1.163
-0.081 0.624 -1.177
-0.091 0.590 -1.182
-0.105 0.544 -1.193
-0.121 0.472 -1.200
-0.131 0.387 -1.241
-0.138 0.244 -1.261
-0.143 0.168 -1.292
-0.120 0.037 -1.355
-0.068 0.044 -1.388
-0.087 0.065 -1.365
-0.069 0.093 -1.377
-0.068 0.149 -1.369
-0.070 0.255 -1.346
-0.070 0.311 -1.336
-0.074 0.387 -1.311
-0.076 0.490 -1.294
-0.100 0.591 -1.238
-0.121 0.450 -1.241
-0.103 0.615 -1.221
-0.097 0.440 -1.280
-0.155 0.050 -1.335
-0.105 0.100 -1.351
-0.146 0.135 -1.304
-0.111 0.270 -1.315
-0.100 0.306 -1.314
-0.107 0.407 -1.280
-0.107 0.357 -1.292
-0.103 0.501 -1.258
-0.120 0.498 -1.215
-0.112 0.547 -1.222
-0.138 0.105 -1.333
-0.121 0.213 -1.318
-0.082 0.217 -1.339
-0.112 0.152 -1.339
-0.126 0.287 -1.271
-0.348 0.675 -1.112
-0.374 0.646 -1.112
-0.380 0.626 -1.123
-0.426 0.544 -1.158
-0.462 0.500 -1.184
-0.481 0.424 -1.205
-0.488 0.379 -1.215
-0.512 0.186 -1.247
-0.523 0.168 -1.265
-0.562 0.189 -1.372
-0.530 0.283 -1.345
-0.513 0.300 -1.344
-0.504 0.347 -1.323
-0.490 0.373 -1.316
-0.481 0.392 -1.308
-0.477 0.411 -1.301
-0.473 0.428 -1.293
-0.461 0.444 -1.287
-0.425 0.493 -1.268
-0.418 0.520 -1.257
-0.430 0.533 -1.244
-0.399 0.595 -1.219
-0.393 0.621 -1.194
-0.357 0.682 -1.138
-0.444 0.510 -1.233
-0.355 0.665 -1.128
-0.545 0.101 -1.302
-0.543 0.155 -1.301
-0.537 0.246 -1.315
-0.429 0.528 -1.186
-0.415 0.576 -1.183
-0.560 0.116 -1.332
-0.513 0.331 -1.278
-0.514 0.272 -1.256
-0.502 0.374 -1.274
-0.398 0.584 -1.153
-0.474 0.462 -1.205
-0.488 0.415 -1.245
-0.562 0.168 -1.345
-0.526 0.291 -1.306
-0.467 0.464 -1.259
-0.543 0.203 -1.312
-0.375 0.633 -1.150
-0.073 0.081 -1.405
-0.068 0.122 -1.375
-0.067 0.170 -1.363
-0.068 0.196 -1.360
-0.069 0.223 -1.354
-0.069 0.282 -1.340
-0.071 0.357 -1.322
-0.073 0.414 -1.314
-0.075 0.450 -1.304
-0.080 0.474 -1.289
-0.082 0.510 -1.280
-0.081 0.538 -1.275
-0.081 0.565 -1.271
-0.097 0.651 -1.219
-0.082 0.652 -1.191
-0.388 0.641 -1.181
-0.171 0.803 -1.160
-0.086 0.791 -1.164
-0.118 0.758 -1.208
-0.176 0.819 -1.142
-0.157 0.847 -1.116
-0.124 0.823 -1.124
-0.084 0.807 -1.125
-0.104 0.801 -1.157
-0.099 0.774 -1.182
-0.146 0.809 -1.146
-0.160 0.049 -1.453
-0.174 0.076 -1.454
-0.206 0.572 -1.343
-0.220 0.779 -1.175
-0.094 0.051 -1.427
-0.177 0.172 -1.436
-0.084 0.695 -1.214
-0.146 0.049 -1.447
-0.235 0.712 -1.246
-0.092 0.747 -1.233
-0.089 0.696 -1.258
-0.187 0.322 -1.398
-0.181 0.247 -1.416
-0.200 0.478 -1.364
-0.147 0.131 -1.427
-0.138 0.179 -1.411
-0.149 0.767 -1.202
-0.146 0.292 -1.385
-0.154 0.344 -1.375
-0.101 0.302 -1.368
-0.078 0.353 -1.340
-0.099 0.469 -1.326
-0.084 0.600 -1.262
-0.179 0.643 -1.308
-0.214 0.678 -1.304
-0.176 0.728 -1.247
-0.204 0.751 -1.209
-0.175 0.781 -1.178
-0.117 0.367 -1.357
-0.094 0.249 -1.378
-0.095 0.418 -1.336
-0.126 0.519 -1.322
-0.131 0.090 -1.430
-0.142 0.229 -1.399
-0.152 0.427 -1.353
-0.161 0.597 -1.314
-0.090 0.532 -1.304
-0.189 0.389 -1.380
-0.089 0.146 -1.401
-0.109 0.571 -1.305
-0.175 0.532 -1.336
-0.084 0.643 -1.256
-0.159 0.478 -1.341
-0.119 0.724 -1.250
-0.147 0.676 -1.284
-0.092 0.203 -1.389
-0.101 0.628 -1.288
-0.336 0.730 -1.201
-0.382 0.769 -1.138
-0.352 0.740 -1.188
-0.325 0.724 -1.208
-0.351 0.738 -1.162
-0.315 0.788 -1.158
-0.334 0.859 -1.095
-0.367 0.796 -1.089
-0.337 0.823 -1.127
-0.314 0.747 -1.167
-0.288 0.749 -1.137
-0.314 0.734 -1.178
-0.297 0.710 -1.179
-0.269 0.752 -1.045
-0.249 0.720 -1.056
-0.157 0.726 -1.067
-0.113 0.726 -1.075
-0.370 0.768 -1.058
-0.288 0.848 -1.131
-0.346 0.754 -1.055
-0.358 0.842 -1.062
-0.317 0.847 -1.112
-0.322 0.784 -1.047
-0.111 0.818 -1.111
-0.307 0.833 -1.059
-0.188 0.733 -1.062
-0.096 0.801 -1.065
-0.246 0.877 -1.073
-0.142 0.773 -1.053
-0.159 0.812 -1.056
-0.223 0.743 -1.055
-0.280 0.800 -1.042
-0.248 0.832 -1.056
-0.211 0.788 -1.053
-0.189 0.868 -1.074
-0.141 0.840 -1.107
-0.277 0.838 -1.085
-0.491 0.072 -1.221
-0.525 0.113 -1.267
-0.311 0.729 -1.056
-0.301 0.079 -1.272
-0.402 0.694 -1.072
-0.265 0.040 -1.292
-0.169 0.087 -1.302
-0.074 0.617 -1.143
-0.135 0.688 -1.084
-0.524 0.215 -1.273
-0.452 0.068 -1.214
-0.297 0.699 -1.061
-0.177 0.143 -1.270
-0.144 0.332 -1.230
-0.400 0.595 -1.131
-0.333 0.050 -1.275
-0.128 0.429 -1.203
-0.113 0.462 -1.161
-0.190 0.668 -1.079
-0.165 0.259 -1.211
-0.217 0.220 -1.212
-0.152 0.207 -1.257
-0.390 0.076 -1.271
-0.437 0.483 -1.113
-0.135 0.371 -1.195
-0.522 0.141 -1.262
-0.438 0.407 -1.127
-0.172 0.604 -1.102
-0.222 0.162 -1.237
-0.244 0.112 -1.257
-0.198 0.043 -1.309
-0.230 0.070 -1.282
-0.089 0.570 -1.136
-0.469 0.372 -1.163
-0.419 0.622 -1.109
-0.426 0.582 -1.096
-0.494 0.284 -1.209
-0.446 0.552 -1.135
-0.414 0.535 -1.092
-0.229 0.268 -1.193
-0.135 0.634 -1.103
-0.358 0.706 -1.060
-0.347 0.632 -1.077
-0.324 0.658 -1.070
-0.325 0.120 -1.262
-0.077 0.657 -1.115
-0.491 0.330 -1.209
-0.467 0.320 -1.165
-0.452 0.276 -1.160
-0.414 0.312 -1.156
-0.166 0.299 -1.190
-0.208 0.336 -1.172
-0.254 0.679 -1.067
-0.100 0.511 -1.154
-0.208 0.501 -1.127
-0.154 0.463 -1.140
-0.146 0.539 -1.121
-0.483 0.145 -1.202
-0.391 0.207 -1.221
-0.437 0.183 -1.184
-0.434 0.125 -1.208
-0.390 0.146 -1.244
-0.315 0.180 -1.237
-0.507 0.228 -1.236
-0.463 0.450 -1.155
-0.430 0.351 -1.139
-0.379 0.342 -1.178
-0.401 0.407 -1.131
-0.351 0.491 -1.134
-0.360 0.441 -1.149
-0.399 0.474 -1.110
-0.395 0.600 -1.074
-0.278 0.216 -1.217
-0.479 0.215 -1.189
-0.129 0.418 -1.162
-0.157 0.367 -1.166
-0.428 0.237 -1.172
-0.383 0.272 -1.203
-0.286 0.521 -1.128
-0.287 0.468 -1.147
-0.357 0.547 -1.113
-0.333 0.244 -1.214
-0.248 0.630 -1.083
-0.335 0.578 -1.100
-0.252 0.348 -1.173
-0.344 0.375 -1.173
-0.302 0.400 -1.168
-0.251 0.412 -1.156
-0.319 0.315 -1.193
-0.226 0.576 -1.102
-0.289 0.590 -1.101
-0.203 0.425 -1.150
-0.278 0.294 -1.192
-0.392 0.711 -1.079
-0.408 0.645 -1.075
