-0.567 0.131 -1.397
-0.556 0.166 -1.381
-0.540 0.204 -1.377
-0.532 0.236 -1.364
-0.521 0.257 -1.361
-0.505 0.315 -1.337
-0.478 0.328 -1.339
-0.445 0.471 -1.276
-0.407 0.558 -1.242
-0.293 0.536 -1.299
-0.343 0.421 -1.346
-0.486 0.117 -1.451
-0.407 0.318 -1.402
-0.234 0.665 -1.263
-0.368 0.688 -1.174
-0.346 0.694 -1.190
-0.462 0.173 -1.452
-0.320 0.470 -1.317
-0.320 0.525 -1.272
-0.381 0.590 -1.231
-0.546 0.162 -1.394
-0.319 0.685 -1.193
-0.436 0.252 -1.433
-0.448 0.278 -1.399
-0.379 0.365 -1.376
-0.402 0.444 -1.291
-0.275 0.613 -1.287
-0.295 0.603 -1.250
-0.245 0.682 -1.218
-0.365 0.641 -1.209
-0.498 0.164 -1.411
-0.464 0.213 -1.424
-0.472 0.275 -1.367
-0.491 0.224 -1.383
-0.439 0.341 -1.357
-0.382 0.402 -1.339
-0.357 0.454 -1.305
-0.341 0.574 -1.234
-0.440 0.375 -1.327
-0.377 0.512 -1.258
-0.298 0.650 -1.212
-0.066 0.655 -1.161
-0.080 0.624 -1.175
-0.090 0.590 -1.179
-0.103 0.544 -1.190
-0.119 0.471 -1.197
-0.128 0.386 -1.238
-0.132 0.243 -1.256
-0.136 0.167 -1.286
-0.112 0.035 -1.347
-0.060 0.042 -1.380
-0.079 0.064 -1.357
-0.061 0.091 -1.369
-0.061 0.147 -1.362
-0.064 0.254 -1.340
-0.064 0.310 -1.331
-0.070 0.386 -1.307
-0.073 0.490 -1.291
-0.099 0.591 -1.236
-0.118 0.449 -1.238
-0.102 0.615 -1.219
-0.094 0.439 -1.276
-0.147 0.049 -1.328
-0.097 0.099 -1.344
-0.140 0.133 -1.298
-0.105 0.268 -1.310
-0.095 0.305 -1.309
-0.103 0.406 -1.276
-0.103 0.356 -1.288
-0.100 0.500 -1.255
-0.117 0.497 -1.212
-0.110 0.546 -1.219
-0.131 0.104 -1.327
-0.115 0.211 -1.312
-0.075 0.216 -1.333
-0.105 0.150 -1.332
-0.121 0.286 -1.267
-0.348 0.675 -1.113
-0.374 0.646 -1.114
-0.380 0.626 -1.125
-0.425 0.543 -1.160
-0.461 0.499 -1.186
-0.478 0.422 -1.207
-0.484 0.378 -1.218
-0.506 0.184 -1.250
-0.515 0.166 -1.268
-0.550 0.185 -1.376
-0.521 0.279 -1.349
-0.504 0.297 -1.348
-0.497 0.345 -1.326
-0.483 0.371 -1.319
-0.476 0.390 -1.311
-0.472 0.410 -1.303
-0.468 0.426 -1.296
-0.456 0.442 -1.289
-0.421 0.491 -1.269
-0.415 0.519 -1.258
-0.428 0.532 -1.246
-0.398 0.594 -1.221
-0.392 0.621 -1.196
-0.357 0.682 -1.140
-0.441 0.509 -1.236
-0.355 0.665 -1.130
-0.536 0.098 -1.304
-0.534 0.152 -1.304
-0.529 0.243 -1.318
-0.428 0.528 -1.188
-0.414 0.575 -1.185
-0.550 0.113 -1.335
-0.507 0.328 -1.281
-0.508 0.270 -1.259
-0.496 0.372 -1.277
-0.397 0.584 -1.155
-0.471 0.461 -1.208
-0.484 0.413 -1.248
-0.551 0.165 -1.349
-0.519 0.288 -1.309
-0.463 0.462 -1.261
-0.534 0.200 -1.316
-0.375 0.633 -1.152
-0.064 0.079 -1.397
-0.060 0.120 -1.368
-0.060 0.169 -1.356
-0.061 0.195 -1.353
-0.062 0.222 -1.348
-0.064 0.281 -1.335
-0.067 0.356 -1.317
-0.069 0.413 -1.311
-0.071 0.449 -1.300
-0.077 0.473 -1.286
-0.079 0.510 -1.277
-0.079 0.537 -1.272
-0.079 0.565 -1.269
-0.096 0.651 -1.217
-0.081 0.652 -1.189
-0.388 0.641 -1.182
-0.171 0.803 -1.160
-0.086 0.791 -1.164
-0.118 0.758 -1.208
-0.176 0.819 -1.142
-0.157 0.847 -1.116
-0.124 0.823 -1.124
-0.084 0.807 -1.125
-0.104 0.801 -1.157
-0.099 0.774 -1.182
-0.146 0.810 -1.146
-0.150 0.045 -1.446
-0.165 0.072 -1.447
-0.205 0.569 -1.340
-0.220 0.779 -1.176
-0.085 0.049 -1.419
-0.169 0.168 -1.430
-0.084 0.695 -1.212
-0.137 0.046 -1.440
-0.235 0.712 -1.246
-0.092 0.747 -1.232
-0.089 0.695 -1.257
-0.182 0.319 -1.393
-0.175 0.243 -1.411
-0.197 0.475 -1.360
-0.139 0.128 -1.421
-0.131 0.176 -1.405
-0.149 0.767 -1.202
-0.141 0.289 -1.380
-0.149 0.341 -1.371
-0.095 0.300 -1.363
-0.073 0.352 -1.336
-0.096 0.468 -1.322
-0.082 0.599 -1.259
-0.178 0.641 -1.305
-0.214 0.676 -1.303
-0.176 0.727 -1.246
-0.204 0.751 -1.209
-0.175 0.781 -1.178
-0.112 0.365 -1.352
-0.087 0.248 -1.373
-0.091 0.417 -1.332
-0.123 0.518 -1.319
-0.122 0.088 -1.423
-0.135 0.227 -1.394
-0.148 0.425 -1.349
-0.160 0.595 -1.312
-0.087 0.531 -1.301
-0.184 0.386 -1.376
-0.081 0.144 -1.394
-0.108 0.570 -1.302
-0.173 0.529 -1.333
-0.083 0.643 -1.254
-0.156 0.476 -1.338
-0.119 0.724 -1.249
-0.146 0.675 -1.283
-0.085 0.201 -1.383
-0.100 0.627 -1.286
-0.336 0.730 -1.201
-0.382 0.769 -1.138
-0.352 0.740 -1.188
-0.325 0.724 -1.208
-0.351 0.738 -1.163
-0.315 0.788 -1.158
-0.334 0.859 -1.095
-0.367 0.796 -1.089
-0.337 0.823 -1.127
-0.314 0.747 -1.167
-0.288 0.749 -1.137
-0.314 0.734 -1.178
-0.297 0.710 -1.179
-0.269 0.752 -1.045
-0.249 0.720 -1.056
-0.157 0.726 -1.066
-0.112 0.727 -1.074
-0.370 0.768 -1.058
-0.288 0.848 -1.131
-0.346 0.754 -1.055
-0.358 0.842 -1.062
-0.317 0.847 -1.112
-0.322 0.784 -1.047
-0.110 0.818 -1.112
-0.307 0.832 -1.059
-0.188 0.733 -1.061
-0.096 0.801 -1.065
-0.246 0.877 -1.073
-0.142 0.773 -1.053
-0.159 0.813 -1.056
-0.223 0.743 -1.055
-0.280 0.800 -1.042
-0.248 0.832 -1.056
-0.210 0.788 -1.053
-0.189 0.868 -1.074
-0.140 0.840 -1.107
-0.277 0.838 -1.085
-0.485 0.070 -1.221
-0.517 0.110 -1.269
-0.311 0.729 -1.057
-0.295 0.077 -1.269
-0.402 0.694 -1.073
-0.258 0.038 -1.287
-0.162 0.085 -1.295
-0.073 0.617 -1.141
-0.134 0.688 -1.082
-0.517 0.213 -1.276
-0.446 0.066 -1.213
-0.297 0.699 -1.062
-0.171 0.142 -1.265
-0.140 0.331 -1.226
-0.400 0.595 -1.133
-0.326 0.048 -1.272
-0.125 0.428 -1.200
-0.111 0.462 -1.158
-0.190 0.668 -1.079
-0.161 0.259 -1.207
-0.212 0.219 -1.208
-0.146 0.206 -1.251
-0.384 0.074 -1.269
-0.435 0.482 -1.116
-0.132 0.370 -1.192
-0.514 0.138 -1.264
-0.435 0.406 -1.129
-0.171 0.604 -1.101
-0.217 0.161 -1.232
-0.238 0.110 -1.253
-0.190 0.041 -1.303
-0.223 0.069 -1.277
-0.087 0.570 -1.134
-0.466 0.370 -1.166
-0.419 0.621 -1.110
-0.425 0.581 -1.098
-0.489 0.282 -1.212
-0.445 0.551 -1.138
-0.412 0.534 -1.095
-0.225 0.267 -1.190
-0.134 0.634 -1.102
-0.358 0.706 -1.061
-0.347 0.631 -1.079
-0.324 0.658 -1.072
-0.319 0.118 -1.260
-0.076 0.657 -1.113
-0.487 0.328 -1.211
-0.463 0.319 -1.167
-0.448 0.274 -1.162
-0.411 0.311 -1.157
-0.163 0.299 -1.186
-0.205 0.335 -1.170
-0.254 0.679 -1.067
-0.098 0.511 -1.152
-0.206 0.501 -1.126
-0.152 0.463 -1.138
-0.144 0.539 -1.119
-0.478 0.143 -1.203
-0.386 0.206 -1.221
-0.433 0.182 -1.184
-0.429 0.123 -1.207
-0.385 0.144 -1.244
-0.310 0.178 -1.235
-0.501 0.226 -1.238
-0.460 0.448 -1.157
-0.427 0.350 -1.141
-0.376 0.341 -1.179
-0.399 0.406 -1.133
-0.349 0.491 -1.135
-0.358 0.440 -1.151
-0.397 0.473 -1.112
-0.394 0.600 -1.076
-0.273 0.214 -1.215
-0.475 0.213 -1.191
-0.126 0.418 -1.159
-0.154 0.367 -1.163
-0.424 0.236 -1.173
-0.379 0.270 -1.203
-0.285 0.520 -1.129
-0.284 0.468 -1.147
-0.356 0.546 -1.115
-0.328 0.243 -1.213
-0.247 0.631 -1.084
-0.334 0.578 -1.102
-0.249 0.347 -1.171
-0.340 0.374 -1.173
-0.299 0.400 -1.167
-0.249 0.412 -1.155
-0.315 0.314 -1.192
-0.225 0.577 -1.102
-0.288 0.590 -1.102
-0.200 0.425 -1.148
-0.274 0.293 -1.191
-0.392 0.711 -1.079
-0.407 0.644 -1.076
