-0.485 0.052 -0.196
-0.484 0.092 -0.195
-0.478 0.131 -0.207
-0.480 0.166 -0.209
-0.475 0.188 -0.216
-0.478 0.253 -0.220
-0.457 0.271 -0.233
-0.475 0.430 -0.239
-0.467 0.531 -0.251
-0.426 0.512 -0.373
-0.405 0.380 -0.342
-0.404 0.038 -0.250
-0.401 0.252 -0.309
-0.433 0.664 -0.404
-0.435 0.682 -0.246
-0.442 0.687 -0.273
-0.400 0.092 -0.278
-0.413 0.441 -0.353
-0.421 0.509 -0.333
-0.458 0.571 -0.265
-0.473 0.086 -0.207
-0.430 0.682 -0.298
-0.404 0.174 -0.299
-0.420 0.208 -0.276
-0.401 0.310 -0.321
-0.435 0.412 -0.271
-0.443 0.592 -0.388
-0.430 0.593 -0.348
-0.432 0.685 -0.370
-0.453 0.628 -0.267
-0.428 0.092 -0.230
-0.413 0.139 -0.268
-0.436 0.214 -0.240
-0.438 0.158 -0.229
-0.428 0.284 -0.265
-0.414 0.359 -0.305
-0.419 0.425 -0.314
-0.431 0.563 -0.299
-0.439 0.327 -0.253
-0.438 0.491 -0.279
-0.425 0.647 -0.325
-0.044 0.694 -0.146
-0.051 0.659 -0.153
-0.058 0.624 -0.149
-0.066 0.576 -0.147
-0.079 0.504 -0.131
-0.073 0.409 -0.133
-0.073 0.272 -0.092
-0.069 0.190 -0.089
-0.029 0.048 -0.082
0.032 0.048 -0.096
0.006 0.074 -0.091
0.028 0.098 -0.105
0.029 0.152 -0.119
0.022 0.259 -0.139
0.022 0.315 -0.151
0.011 0.393 -0.161
0.008 0.496 -0.186
-0.036 0.605 -0.197
-0.061 0.469 -0.155
-0.047 0.633 -0.195
-0.022 0.450 -0.169
-0.068 0.064 -0.082
-0.014 0.109 -0.099
-0.069 0.154 -0.088
-0.027 0.278 -0.138
-0.016 0.314 -0.147
-0.032 0.418 -0.161
-0.029 0.368 -0.152
-0.034 0.514 -0.179
-0.071 0.523 -0.153
-0.058 0.567 -0.174
-0.052 0.116 -0.098
-0.039 0.223 -0.123
0.006 0.224 -0.125
-0.024 0.160 -0.113
-0.057 0.308 -0.114
-0.376 0.687 -0.217
-0.392 0.659 -0.195
-0.399 0.636 -0.195
-0.432 0.543 -0.174
-0.461 0.488 -0.164
-0.462 0.407 -0.150
-0.461 0.362 -0.140
-0.448 0.172 -0.084
-0.452 0.147 -0.092
-0.483 0.112 -0.198
-0.482 0.213 -0.214
-0.472 0.233 -0.223
-0.478 0.286 -0.222
-0.475 0.315 -0.229
-0.474 0.337 -0.232
-0.477 0.358 -0.232
-0.478 0.376 -0.232
-0.474 0.396 -0.237
-0.463 0.457 -0.252
-0.465 0.487 -0.253
-0.474 0.501 -0.237
-0.463 0.574 -0.246
-0.452 0.608 -0.235
-0.402 0.685 -0.231
-0.469 0.481 -0.217
-0.390 0.672 -0.222
-0.457 0.067 -0.097
-0.463 0.116 -0.121
-0.478 0.191 -0.170
-0.442 0.518 -0.191
-0.447 0.566 -0.206
-0.468 0.064 -0.132
-0.477 0.287 -0.174
-0.464 0.244 -0.129
-0.478 0.330 -0.188
-0.418 0.585 -0.197
-0.467 0.443 -0.166
-0.474 0.381 -0.181
-0.480 0.104 -0.166
-0.479 0.238 -0.182
-0.479 0.424 -0.215
-0.473 0.153 -0.150
-0.411 0.634 -0.220
0.036 0.076 -0.125
0.030 0.125 -0.113
0.027 0.174 -0.121
0.027 0.200 -0.128
0.026 0.226 -0.134
0.022 0.286 -0.144
0.016 0.362 -0.157
0.016 0.418 -0.173
0.011 0.455 -0.178
0.000 0.482 -0.178
-0.003 0.519 -0.186
-0.003 0.546 -0.192
-0.003 0.573 -0.199
-0.042 0.668 -0.204
-0.044 0.681 -0.175
-0.444 0.632 -0.232
-0.109 0.806 -0.302
-0.049 0.832 -0.248
-0.035 0.776 -0.273
-0.134 0.816 -0.295
-0.157 0.846 -0.256
-0.110 0.839 -0.248
-0.073 0.844 -0.228
-0.068 0.831 -0.258
-0.039 0.810 -0.260
-0.107 0.820 -0.277
-0.021 0.020 -0.191
-0.031 0.043 -0.208
-0.018 0.539 -0.341
-0.108 0.775 -0.353
0.025 0.038 -0.141
-0.033 0.138 -0.232
-0.034 0.714 -0.210
-0.012 0.024 -0.180
-0.035 0.712 -0.385
-0.016 0.757 -0.247
-0.003 0.700 -0.239
-0.035 0.290 -0.270
-0.033 0.213 -0.251
-0.029 0.445 -0.315
-0.015 0.107 -0.196
-0.010 0.157 -0.197
-0.053 0.779 -0.300
-0.015 0.271 -0.225
-0.019 0.322 -0.242
0.013 0.291 -0.189
0.021 0.352 -0.174
0.009 0.463 -0.215
-0.008 0.609 -0.205
-0.011 0.622 -0.323
-0.005 0.651 -0.364
-0.024 0.727 -0.328
-0.067 0.752 -0.348
-0.087 0.788 -0.314
0.001 0.355 -0.213
0.019 0.240 -0.175
0.012 0.412 -0.203
-0.004 0.508 -0.248
-0.003 0.070 -0.175
-0.012 0.208 -0.210
-0.018 0.408 -0.255
-0.014 0.578 -0.297
0.010 0.530 -0.215
-0.034 0.358 -0.284
0.025 0.136 -0.153
0.003 0.564 -0.242
-0.019 0.508 -0.299
-0.008 0.651 -0.216
-0.019 0.458 -0.271
-0.014 0.726 -0.272
-0.011 0.665 -0.295
0.021 0.193 -0.166
0.003 0.625 -0.243
-0.350 0.722 -0.385
-0.304 0.769 -0.350
-0.334 0.733 -0.379
-0.359 0.716 -0.388
-0.428 0.734 -0.258
-0.410 0.784 -0.288
-0.345 0.838 -0.252
-0.332 0.800 -0.312
-0.378 0.817 -0.283
-0.420 0.746 -0.295
-0.400 0.756 -0.328
-0.371 0.733 -0.363
-0.420 0.711 -0.315
-0.276 0.791 -0.153
-0.254 0.760 -0.147
-0.162 0.772 -0.142
-0.117 0.773 -0.141
-0.377 0.791 -0.174
-0.287 0.848 -0.272
-0.352 0.781 -0.169
-0.369 0.845 -0.214
-0.315 0.840 -0.267
-0.330 0.813 -0.171
-0.104 0.839 -0.231
-0.317 0.845 -0.208
-0.193 0.776 -0.146
-0.100 0.834 -0.180
-0.248 0.887 -0.238
-0.149 0.817 -0.159
-0.166 0.843 -0.188
-0.229 0.784 -0.151
-0.289 0.832 -0.174
-0.257 0.861 -0.198
-0.219 0.825 -0.171
-0.197 0.879 -0.232
-0.141 0.848 -0.242
-0.282 0.851 -0.230
-0.421 0.087 -0.004
-0.447 0.097 -0.069
-0.317 0.761 -0.156
-0.223 0.096 -0.036
-0.406 0.719 -0.162
-0.182 0.057 -0.042
-0.091 0.108 -0.072
-0.059 0.664 -0.119
-0.137 0.736 -0.131
-0.463 0.184 -0.120
-0.384 0.093 0.009
-0.300 0.733 -0.148
-0.107 0.171 -0.066
-0.089 0.362 -0.105
-0.411 0.603 -0.181
-0.251 0.064 -0.030
-0.085 0.463 -0.118
-0.087 0.511 -0.091
-0.191 0.711 -0.133
-0.113 0.301 -0.062
-0.161 0.259 -0.050
-0.088 0.237 -0.077
-0.311 0.082 -0.033
-0.417 0.505 -0.103
-0.094 0.412 -0.090
-0.448 0.124 -0.077
-0.409 0.431 -0.080
-0.165 0.649 -0.119
-0.158 0.196 -0.048
-0.172 0.139 -0.045
-0.115 0.062 -0.062
-0.152 0.093 -0.050
-0.075 0.620 -0.102
-0.437 0.380 -0.093
-0.424 0.635 -0.162
-0.418 0.603 -0.133
-0.447 0.279 -0.094
-0.442 0.557 -0.149
-0.399 0.563 -0.112
-0.180 0.307 -0.056
-0.132 0.682 -0.116
-0.361 0.734 -0.163
-0.343 0.660 -0.151
-0.323 0.689 -0.151
-0.253 0.134 -0.037
-0.074 0.709 -0.110
-0.453 0.320 -0.113
-0.426 0.334 -0.072
-0.408 0.299 -0.047
-0.374 0.338 -0.058
-0.122 0.346 -0.061
-0.169 0.378 -0.067
-0.256 0.718 -0.139
-0.078 0.559 -0.100
-0.190 0.542 -0.105
-0.133 0.512 -0.085
-0.133 0.589 -0.099
-0.421 0.161 -0.023
-0.331 0.219 -0.058
-0.382 0.210 -0.020
-0.371 0.147 -0.011
-0.322 0.155 -0.047
-0.253 0.200 -0.045
-0.451 0.215 -0.092
-0.442 0.454 -0.120
-0.395 0.377 -0.063
-0.338 0.358 -0.087
-0.372 0.433 -0.083
-0.327 0.512 -0.121
-0.331 0.460 -0.110
-0.378 0.502 -0.098
-0.387 0.630 -0.130
-0.220 0.244 -0.051
-0.425 0.229 -0.045
-0.100 0.468 -0.079
-0.123 0.417 -0.067
-0.379 0.263 -0.036
-0.331 0.285 -0.073
-0.270 0.551 -0.109
-0.264 0.497 -0.099
-0.341 0.569 -0.133
-0.279 0.264 -0.057
-0.245 0.670 -0.131
-0.323 0.604 -0.138
-0.213 0.383 -0.075
-0.306 0.395 -0.092
-0.270 0.427 -0.086
-0.221 0.447 -0.088
-0.275 0.339 -0.069
-0.217 0.617 -0.121
-0.281 0.622 -0.125
-0.175 0.467 -0.087
-0.232 0.324 -0.064
-0.401 0.734 -0.176
-0.405 0.670 -0.145
