-0.552 0.126 -1.400
-0.543 0.162 -1.384
-0.527 0.199 -1.379
-0.521 0.232 -1.366
-0.509 0.253 -1.363
-0.496 0.312 -1.340
-0.469 0.325 -1.340
-0.441 0.469 -1.278
-0.404 0.557 -1.243
-0.288 0.534 -1.296
-0.334 0.418 -1.342
-0.468 0.112 -1.450
-0.395 0.316 -1.401
-0.234 0.665 -1.263
-0.368 0.688 -1.175
-0.345 0.693 -1.191
-0.445 0.168 -1.451
-0.313 0.468 -1.313
-0.316 0.524 -1.269
-0.379 0.590 -1.232
-0.532 0.157 -1.397
-0.319 0.685 -1.193
-0.422 0.248 -1.432
-0.436 0.274 -1.399
-0.369 0.362 -1.374
-0.396 0.442 -1.291
-0.274 0.612 -1.286
-0.293 0.603 -1.249
-0.245 0.682 -1.218
-0.364 0.641 -1.211
-0.483 0.159 -1.411
-0.449 0.210 -1.423
-0.461 0.272 -1.368
-0.478 0.220 -1.384
-0.429 0.338 -1.357
-0.374 0.400 -1.337
-0.351 0.452 -1.302
-0.339 0.573 -1.233
-0.433 0.372 -1.327
-0.373 0.511 -1.258
-0.297 0.650 -1.212
-0.065 0.655 -1.159
-0.078 0.624 -1.172
-0.088 0.590 -1.176
-0.101 0.544 -1.187
-0.116 0.471 -1.193
-0.124 0.385 -1.233
-0.127 0.242 -1.249
-0.130 0.165 -1.278
-0.103 0.033 -1.338
-0.050 0.040 -1.370
-0.070 0.062 -1.347
-0.053 0.090 -1.360
-0.053 0.145 -1.353
-0.057 0.252 -1.332
-0.059 0.309 -1.325
-0.065 0.385 -1.302
-0.070 0.489 -1.287
-0.097 0.590 -1.233
-0.114 0.448 -1.233
-0.100 0.614 -1.216
-0.090 0.438 -1.272
-0.139 0.046 -1.319
-0.089 0.097 -1.334
-0.132 0.132 -1.290
-0.099 0.267 -1.303
-0.089 0.304 -1.302
-0.099 0.405 -1.271
-0.098 0.355 -1.283
-0.097 0.499 -1.252
-0.114 0.496 -1.209
-0.108 0.545 -1.216
-0.123 0.102 -1.318
-0.108 0.210 -1.305
-0.068 0.214 -1.325
-0.098 0.148 -1.324
-0.115 0.284 -1.260
-0.349 0.675 -1.114
-0.374 0.645 -1.115
-0.380 0.626 -1.126
-0.424 0.542 -1.162
-0.458 0.498 -1.189
-0.474 0.420 -1.210
-0.480 0.375 -1.220
-0.498 0.181 -1.251
-0.507 0.162 -1.269
-0.537 0.180 -1.379
-0.511 0.275 -1.352
-0.494 0.294 -1.350
-0.488 0.342 -1.328
-0.476 0.368 -1.321
-0.469 0.388 -1.313
-0.466 0.407 -1.305
-0.462 0.423 -1.298
-0.451 0.440 -1.291
-0.417 0.490 -1.270
-0.411 0.517 -1.259
-0.425 0.531 -1.247
-0.396 0.593 -1.222
-0.391 0.620 -1.198
-0.357 0.682 -1.141
-0.438 0.507 -1.237
-0.356 0.665 -1.131
-0.525 0.094 -1.306
-0.523 0.148 -1.306
-0.519 0.239 -1.321
-0.426 0.527 -1.190
-0.413 0.575 -1.187
-0.538 0.108 -1.337
-0.500 0.325 -1.284
-0.501 0.267 -1.261
-0.490 0.369 -1.279
-0.397 0.584 -1.156
-0.468 0.459 -1.210
-0.479 0.411 -1.251
-0.539 0.160 -1.352
-0.510 0.285 -1.312
-0.459 0.460 -1.263
-0.524 0.196 -1.318
-0.375 0.633 -1.153
-0.055 0.076 -1.388
-0.051 0.119 -1.358
-0.053 0.167 -1.348
-0.054 0.193 -1.345
-0.055 0.220 -1.340
-0.057 0.280 -1.328
-0.061 0.355 -1.311
-0.065 0.412 -1.305
-0.067 0.448 -1.296
-0.073 0.473 -1.281
-0.076 0.509 -1.273
-0.077 0.537 -1.269
-0.077 0.564 -1.265
-0.095 0.650 -1.215
-0.080 0.652 -1.187
-0.388 0.641 -1.184
-0.171 0.804 -1.160
-0.086 0.791 -1.164
-0.118 0.757 -1.208
-0.176 0.819 -1.142
-0.157 0.847 -1.116
-0.124 0.823 -1.124
-0.084 0.807 -1.125
-0.104 0.801 -1.157
-0.099 0.774 -1.182
-0.146 0.810 -1.146
-0.140 0.041 -1.437
-0.155 0.068 -1.438
-0.203 0.566 -1.337
-0.220 0.780 -1.176
-0.075 0.046 -1.409
-0.160 0.164 -1.423
-0.084 0.695 -1.211
-0.127 0.042 -1.430
-0.235 0.712 -1.246
-0.092 0.746 -1.232
-0.088 0.694 -1.255
-0.175 0.315 -1.388
-0.167 0.239 -1.405
-0.193 0.471 -1.356
-0.130 0.124 -1.413
-0.122 0.173 -1.398
-0.149 0.767 -1.202
-0.134 0.286 -1.373
-0.143 0.338 -1.366
-0.089 0.298 -1.356
-0.068 0.351 -1.330
-0.093 0.466 -1.318
-0.081 0.598 -1.257
-0.177 0.639 -1.303
-0.213 0.673 -1.301
-0.176 0.726 -1.246
-0.204 0.751 -1.209
-0.174 0.781 -1.178
-0.107 0.363 -1.347
-0.080 0.245 -1.365
-0.087 0.415 -1.328
-0.120 0.516 -1.315
-0.113 0.084 -1.414
-0.127 0.224 -1.387
-0.144 0.422 -1.344
-0.158 0.592 -1.308
-0.085 0.530 -1.297
-0.179 0.382 -1.371
-0.073 0.142 -1.386
-0.106 0.568 -1.299
-0.171 0.526 -1.329
-0.082 0.642 -1.251
-0.152 0.473 -1.334
-0.119 0.723 -1.248
-0.146 0.673 -1.280
-0.077 0.199 -1.375
-0.099 0.626 -1.283
-0.336 0.730 -1.201
-0.383 0.769 -1.138
-0.353 0.740 -1.188
-0.325 0.724 -1.208
-0.351 0.738 -1.164
-0.315 0.788 -1.158
-0.334 0.859 -1.095
-0.367 0.796 -1.089
-0.337 0.823 -1.127
-0.314 0.747 -1.168
-0.288 0.749 -1.138
-0.314 0.734 -1.178
-0.297 0.710 -1.179
-0.269 0.752 -1.045
-0.249 0.720 -1.057
-0.156 0.727 -1.065
-0.112 0.727 -1.073
-0.370 0.768 -1.058
-0.288 0.848 -1.131
-0.346 0.754 -1.056
-0.358 0.842 -1.062
-0.317 0.847 -1.112
-0.322 0.784 -1.047
-0.110 0.818 -1.112
-0.307 0.833 -1.059
-0.187 0.733 -1.061
-0.096 0.801 -1.064
-0.246 0.877 -1.073
-0.142 0.774 -1.052
-0.159 0.813 -1.056
-0.223 0.743 -1.055
-0.280 0.800 -1.042
-0.248 0.833 -1.056
-0.210 0.788 -1.052
-0.189 0.868 -1.074
-0.140 0.840 -1.107
-0.277 0.838 -1.085
-0.479 0.067 -1.220
-0.508 0.107 -1.270
-0.311 0.729 -1.058
-0.288 0.075 -1.263
-0.402 0.694 -1.073
-0.251 0.035 -1.280
-0.154 0.084 -1.287
-0.071 0.618 -1.138
-0.133 0.689 -1.081
-0.509 0.209 -1.278
-0.440 0.064 -1.210
-0.296 0.699 -1.063
-0.164 0.141 -1.257
-0.135 0.330 -1.220
-0.400 0.594 -1.134
-0.319 0.046 -1.267
-0.122 0.428 -1.195
-0.108 0.462 -1.153
-0.189 0.668 -1.079
-0.156 0.258 -1.201
-0.208 0.218 -1.203
-0.140 0.204 -1.245
-0.377 0.071 -1.265
-0.433 0.481 -1.118
-0.128 0.370 -1.187
-0.506 0.135 -1.265
-0.433 0.404 -1.131
-0.170 0.604 -1.100
-0.211 0.160 -1.226
-0.232 0.108 -1.246
-0.183 0.039 -1.294
-0.216 0.067 -1.270
-0.085 0.570 -1.131
-0.463 0.369 -1.168
-0.419 0.621 -1.112
-0.424 0.581 -1.099
-0.484 0.280 -1.213
-0.444 0.550 -1.139
-0.411 0.533 -1.097
-0.221 0.267 -1.185
-0.133 0.635 -1.100
-0.357 0.706 -1.061
-0.346 0.631 -1.080
-0.323 0.658 -1.073
-0.313 0.116 -1.255
-0.075 0.658 -1.111
-0.482 0.326 -1.213
-0.459 0.317 -1.169
-0.444 0.273 -1.162
-0.407 0.310 -1.157
-0.159 0.298 -1.181
-0.202 0.335 -1.166
-0.254 0.679 -1.068
-0.096 0.511 -1.148
-0.204 0.501 -1.125
-0.150 0.463 -1.134
-0.142 0.539 -1.116
-0.472 0.141 -1.202
-0.381 0.204 -1.219
-0.428 0.180 -1.183
-0.423 0.121 -1.205
-0.379 0.142 -1.241
-0.304 0.177 -1.231
-0.495 0.223 -1.240
-0.458 0.447 -1.159
-0.424 0.349 -1.142
-0.372 0.340 -1.179
-0.396 0.405 -1.134
-0.346 0.490 -1.136
-0.355 0.439 -1.151
-0.395 0.473 -1.114
-0.393 0.599 -1.078
-0.268 0.213 -1.210
-0.470 0.211 -1.192
-0.123 0.418 -1.154
-0.151 0.367 -1.158
-0.420 0.234 -1.172
-0.374 0.269 -1.202
-0.283 0.520 -1.129
-0.282 0.467 -1.147
-0.354 0.546 -1.117
-0.323 0.241 -1.211
-0.246 0.631 -1.084
-0.332 0.578 -1.104
-0.245 0.346 -1.168
-0.337 0.373 -1.173
-0.296 0.399 -1.167
-0.246 0.411 -1.153
-0.311 0.313 -1.191
-0.224 0.577 -1.101
-0.287 0.590 -1.103
-0.198 0.425 -1.145
-0.270 0.292 -1.188
-0.392 0.711 -1.079
-0.407 0.644 -1.078
