-0.537 0.121 -1.402
-0.529 0.156 -1.385
-0.514 0.194 -1.381
-0.508 0.227 -1.368
-0.498 0.248 -1.364
-0.486 0.308 -1.341
-0.460 0.322 -1.341
-0.436 0.467 -1.279
-0.401 0.555 -1.244
-0.284 0.533 -1.292
-0.326 0.416 -1.338
-0.451 0.107 -1.447
-0.383 0.312 -1.398
-0.234 0.665 -1.263
-0.368 0.688 -1.176
-0.345 0.693 -1.191
-0.429 0.164 -1.448
-0.307 0.466 -1.308
-0.312 0.523 -1.266
-0.377 0.588 -1.232
-0.517 0.152 -1.398
-0.318 0.685 -1.193
-0.407 0.244 -1.429
-0.423 0.271 -1.397
-0.359 0.360 -1.371
-0.391 0.440 -1.289
-0.272 0.611 -1.285
-0.291 0.602 -1.248
-0.245 0.682 -1.218
-0.363 0.640 -1.211
-0.468 0.155 -1.410
-0.434 0.205 -1.421
-0.450 0.268 -1.367
-0.465 0.216 -1.383
-0.419 0.335 -1.356
-0.366 0.397 -1.334
-0.345 0.450 -1.299
-0.337 0.572 -1.232
-0.424 0.369 -1.326
-0.369 0.510 -1.257
-0.296 0.650 -1.211
-0.065 0.653 -1.157
-0.078 0.622 -1.170
-0.088 0.588 -1.174
-0.099 0.542 -1.184
-0.114 0.469 -1.189
-0.120 0.383 -1.228
-0.121 0.240 -1.241
-0.123 0.163 -1.270
-0.094 0.030 -1.326
-0.041 0.037 -1.357
-0.061 0.059 -1.336
-0.044 0.087 -1.348
-0.045 0.143 -1.343
-0.050 0.250 -1.324
-0.053 0.306 -1.317
-0.061 0.383 -1.296
-0.067 0.487 -1.283
-0.097 0.588 -1.230
-0.112 0.446 -1.229
-0.101 0.612 -1.213
-0.087 0.436 -1.267
-0.130 0.043 -1.309
-0.080 0.094 -1.324
-0.125 0.129 -1.281
-0.093 0.264 -1.295
-0.083 0.301 -1.295
-0.095 0.403 -1.266
-0.093 0.353 -1.277
-0.096 0.497 -1.248
-0.113 0.494 -1.205
-0.107 0.543 -1.213
-0.115 0.099 -1.309
-0.101 0.207 -1.297
-0.061 0.211 -1.316
-0.090 0.146 -1.315
-0.110 0.282 -1.253
-0.349 0.675 -1.115
-0.374 0.645 -1.116
-0.380 0.625 -1.127
-0.422 0.541 -1.163
-0.456 0.495 -1.190
-0.470 0.417 -1.211
-0.475 0.373 -1.221
-0.490 0.177 -1.251
-0.498 0.159 -1.269
-0.523 0.175 -1.380
-0.500 0.271 -1.353
-0.484 0.289 -1.351
-0.479 0.338 -1.329
-0.468 0.364 -1.322
-0.461 0.384 -1.314
-0.459 0.404 -1.306
-0.455 0.420 -1.299
-0.445 0.437 -1.291
-0.412 0.487 -1.271
-0.407 0.515 -1.259
-0.421 0.528 -1.248
-0.395 0.592 -1.223
-0.390 0.619 -1.199
-0.357 0.681 -1.142
-0.435 0.505 -1.238
-0.356 0.665 -1.132
-0.514 0.090 -1.306
-0.513 0.144 -1.307
-0.509 0.234 -1.322
-0.424 0.525 -1.191
-0.412 0.573 -1.188
-0.525 0.103 -1.338
-0.492 0.322 -1.285
-0.494 0.263 -1.262
-0.484 0.365 -1.281
-0.396 0.583 -1.157
-0.465 0.456 -1.211
-0.474 0.407 -1.252
-0.526 0.155 -1.353
-0.501 0.281 -1.313
-0.454 0.457 -1.264
-0.514 0.191 -1.319
-0.374 0.633 -1.154
-0.046 0.073 -1.376
-0.043 0.116 -1.347
-0.045 0.164 -1.338
-0.046 0.191 -1.335
-0.048 0.217 -1.331
-0.051 0.277 -1.320
-0.056 0.353 -1.305
-0.061 0.410 -1.300
-0.064 0.446 -1.291
-0.071 0.471 -1.277
-0.074 0.507 -1.269
-0.075 0.535 -1.265
-0.076 0.562 -1.262
-0.096 0.648 -1.212
-0.080 0.650 -1.185
-0.387 0.640 -1.185
-0.174 0.807 -1.165
-0.089 0.804 -1.179
-0.120 0.764 -1.217
-0.178 0.821 -1.145
-0.157 0.847 -1.116
-0.125 0.827 -1.133
-0.086 0.810 -1.141
-0.107 0.811 -1.171
-0.102 0.785 -1.196
-0.148 0.816 -1.154
-0.129 0.036 -1.426
-0.144 0.063 -1.428
-0.202 0.560 -1.332
-0.221 0.778 -1.177
-0.064 0.042 -1.397
-0.151 0.159 -1.414
-0.085 0.694 -1.209
-0.116 0.037 -1.419
-0.235 0.712 -1.246
-0.093 0.745 -1.234
-0.090 0.691 -1.253
-0.169 0.310 -1.382
-0.160 0.234 -1.397
-0.191 0.466 -1.352
-0.120 0.120 -1.403
-0.114 0.168 -1.389
-0.151 0.772 -1.209
-0.127 0.282 -1.367
-0.138 0.334 -1.359
-0.082 0.294 -1.349
-0.063 0.348 -1.324
-0.090 0.464 -1.313
-0.081 0.597 -1.253
-0.178 0.634 -1.299
-0.214 0.669 -1.299
-0.177 0.727 -1.249
-0.205 0.753 -1.212
-0.176 0.784 -1.184
-0.102 0.360 -1.341
-0.073 0.242 -1.357
-0.083 0.412 -1.322
-0.119 0.512 -1.311
-0.103 0.080 -1.404
-0.120 0.219 -1.379
-0.140 0.418 -1.339
-0.158 0.588 -1.304
-0.083 0.528 -1.294
-0.174 0.377 -1.366
-0.064 0.138 -1.375
-0.105 0.565 -1.295
-0.169 0.522 -1.325
-0.083 0.640 -1.248
-0.150 0.469 -1.329
-0.120 0.721 -1.248
-0.147 0.670 -1.277
-0.069 0.196 -1.366
-0.099 0.623 -1.280
-0.336 0.729 -1.201
-0.383 0.769 -1.138
-0.353 0.739 -1.188
-0.325 0.724 -1.208
-0.351 0.737 -1.165
-0.316 0.788 -1.158
-0.334 0.859 -1.095
-0.367 0.796 -1.089
-0.337 0.823 -1.127
-0.314 0.747 -1.168
-0.288 0.749 -1.138
-0.314 0.734 -1.178
-0.296 0.710 -1.179
-0.267 0.752 -1.046
-0.247 0.719 -1.057
-0.155 0.724 -1.065
-0.111 0.722 -1.075
-0.370 0.768 -1.058
-0.288 0.848 -1.131
-0.345 0.754 -1.056
-0.357 0.842 -1.061
-0.317 0.847 -1.112
-0.321 0.783 -1.048
-0.112 0.819 -1.124
-0.306 0.832 -1.059
-0.186 0.731 -1.061
-0.093 0.792 -1.086
-0.246 0.877 -1.074
-0.138 0.771 -1.059
-0.155 0.810 -1.062
-0.221 0.742 -1.055
-0.278 0.799 -1.043
-0.247 0.832 -1.057
-0.207 0.787 -1.054
-0.187 0.867 -1.073
-0.139 0.841 -1.110
-0.277 0.837 -1.085
-0.473 0.064 -1.217
-0.500 0.103 -1.269
-0.310 0.728 -1.059
-0.281 0.072 -1.256
-0.402 0.693 -1.073
-0.243 0.032 -1.272
-0.147 0.081 -1.278
-0.070 0.616 -1.136
-0.132 0.685 -1.080
-0.500 0.205 -1.279
-0.435 0.061 -1.206
-0.296 0.698 -1.064
-0.158 0.138 -1.249
-0.131 0.328 -1.215
-0.399 0.594 -1.135
-0.312 0.042 -1.260
-0.120 0.426 -1.191
-0.106 0.460 -1.149
-0.188 0.666 -1.078
-0.152 0.256 -1.194
-0.203 0.216 -1.197
-0.135 0.202 -1.237
-0.370 0.068 -1.259
-0.431 0.480 -1.119
-0.125 0.368 -1.181
-0.497 0.131 -1.265
-0.430 0.403 -1.131
-0.169 0.602 -1.099
-0.206 0.157 -1.219
-0.225 0.106 -1.239
-0.175 0.036 -1.285
-0.209 0.064 -1.262
-0.084 0.569 -1.128
-0.459 0.366 -1.168
-0.418 0.620 -1.113
-0.423 0.579 -1.101
-0.478 0.277 -1.214
-0.443 0.549 -1.141
-0.410 0.532 -1.098
-0.217 0.265 -1.180
-0.133 0.632 -1.099
-0.357 0.706 -1.063
-0.345 0.631 -1.082
-0.322 0.658 -1.075
-0.306 0.112 -1.249
-0.074 0.655 -1.109
-0.477 0.323 -1.214
-0.455 0.315 -1.169
-0.441 0.271 -1.162
-0.404 0.308 -1.156
-0.155 0.297 -1.175
-0.199 0.333 -1.161
-0.253 0.678 -1.068
-0.094 0.509 -1.144
-0.203 0.499 -1.122
-0.148 0.461 -1.130
-0.141 0.538 -1.113
-0.467 0.138 -1.201
-0.376 0.201 -1.216
-0.423 0.178 -1.180
-0.418 0.118 -1.201
-0.373 0.139 -1.236
-0.299 0.174 -1.226
-0.488 0.220 -1.240
-0.455 0.445 -1.160
-0.421 0.347 -1.141
-0.368 0.337 -1.178
-0.393 0.403 -1.134
-0.344 0.488 -1.137
-0.353 0.438 -1.151
-0.394 0.471 -1.115
-0.392 0.599 -1.079
-0.263 0.211 -1.205
-0.465 0.209 -1.191
-0.121 0.416 -1.150
-0.148 0.365 -1.153
-0.415 0.232 -1.170
-0.370 0.266 -1.200
-0.281 0.519 -1.129
-0.280 0.466 -1.145
-0.353 0.545 -1.118
-0.319 0.239 -1.207
-0.246 0.630 -1.084
-0.331 0.577 -1.105
-0.242 0.345 -1.164
-0.334 0.371 -1.172
-0.293 0.397 -1.165
-0.243 0.410 -1.150
-0.307 0.311 -1.188
-0.223 0.575 -1.100
-0.286 0.589 -1.104
-0.195 0.423 -1.142
-0.266 0.290 -1.184
-0.392 0.711 -1.079
-0.406 0.643 -1.078
