-0.522 0.115 -1.402
-0.515 0.151 -1.385
-0.501 0.189 -1.380
-0.496 0.222 -1.367
-0.486 0.243 -1.364
-0.476 0.303 -1.340
-0.450 0.317 -1.339
-0.430 0.463 -1.278
-0.398 0.553 -1.244
-0.280 0.531 -1.289
-0.318 0.414 -1.333
-0.434 0.102 -1.443
-0.371 0.308 -1.394
-0.234 0.665 -1.263
-0.368 0.687 -1.177
-0.345 0.692 -1.192
-0.413 0.159 -1.443
-0.300 0.464 -1.304
-0.308 0.521 -1.263
-0.375 0.587 -1.232
-0.503 0.147 -1.397
-0.318 0.684 -1.193
-0.393 0.240 -1.425
-0.411 0.266 -1.394
-0.349 0.356 -1.366
-0.384 0.437 -1.287
-0.270 0.610 -1.283
-0.289 0.601 -1.246
-0.245 0.683 -1.218
-0.361 0.639 -1.211
-0.453 0.149 -1.407
-0.420 0.200 -1.417
-0.438 0.264 -1.365
-0.452 0.211 -1.381
-0.409 0.331 -1.353
-0.357 0.394 -1.331
-0.338 0.448 -1.296
-0.334 0.571 -1.231
-0.416 0.366 -1.324
-0.365 0.508 -1.255
-0.295 0.649 -1.210
-0.064 0.652 -1.154
-0.077 0.621 -1.167
-0.087 0.587 -1.170
-0.098 0.540 -1.180
-0.112 0.467 -1.184
-0.117 0.381 -1.222
-0.117 0.238 -1.233
-0.117 0.160 -1.260
-0.086 0.027 -1.314
-0.032 0.034 -1.343
-0.053 0.056 -1.323
-0.036 0.084 -1.335
-0.037 0.140 -1.331
-0.044 0.247 -1.315
-0.048 0.304 -1.309
-0.057 0.381 -1.289
-0.066 0.485 -1.278
-0.097 0.586 -1.226
-0.110 0.444 -1.224
-0.101 0.611 -1.210
-0.085 0.434 -1.262
-0.123 0.040 -1.297
-0.073 0.091 -1.312
-0.119 0.126 -1.271
-0.088 0.261 -1.287
-0.079 0.299 -1.288
-0.093 0.400 -1.260
-0.090 0.350 -1.270
-0.094 0.495 -1.243
-0.111 0.492 -1.200
-0.106 0.542 -1.209
-0.108 0.096 -1.298
-0.096 0.204 -1.287
-0.055 0.209 -1.306
-0.083 0.143 -1.304
-0.106 0.280 -1.246
-0.349 0.674 -1.116
-0.374 0.645 -1.116
-0.380 0.625 -1.127
-0.420 0.539 -1.163
-0.453 0.493 -1.190
-0.466 0.415 -1.211
-0.470 0.369 -1.221
-0.484 0.174 -1.249
-0.490 0.155 -1.267
-0.510 0.170 -1.380
-0.489 0.266 -1.353
-0.473 0.285 -1.350
-0.470 0.333 -1.329
-0.459 0.360 -1.321
-0.453 0.380 -1.314
-0.451 0.400 -1.306
-0.449 0.416 -1.298
-0.438 0.433 -1.291
-0.408 0.485 -1.270
-0.403 0.513 -1.259
-0.418 0.526 -1.248
-0.392 0.590 -1.223
-0.389 0.618 -1.199
-0.357 0.681 -1.142
-0.431 0.502 -1.239
-0.355 0.664 -1.132
-0.504 0.085 -1.304
-0.503 0.140 -1.306
-0.499 0.230 -1.322
-0.421 0.523 -1.191
-0.410 0.572 -1.188
-0.514 0.098 -1.337
-0.485 0.317 -1.285
-0.487 0.259 -1.261
-0.477 0.361 -1.281
-0.395 0.582 -1.157
-0.461 0.454 -1.212
-0.468 0.404 -1.252
-0.514 0.150 -1.353
-0.492 0.276 -1.313
-0.449 0.454 -1.265
-0.503 0.187 -1.319
-0.374 0.632 -1.154
-0.037 0.069 -1.363
-0.035 0.113 -1.335
-0.038 0.161 -1.327
-0.040 0.188 -1.325
-0.041 0.215 -1.321
-0.046 0.275 -1.311
-0.052 0.350 -1.298
-0.058 0.407 -1.294
-0.062 0.444 -1.285
-0.069 0.469 -1.272
-0.073 0.505 -1.264
-0.074 0.533 -1.261
-0.075 0.560 -1.258
-0.096 0.647 -1.209
-0.080 0.649 -1.182
-0.386 0.639 -1.186
-0.174 0.808 -1.167
-0.089 0.805 -1.181
-0.120 0.765 -1.219
-0.178 0.821 -1.146
-0.157 0.847 -1.116
-0.125 0.827 -1.134
-0.086 0.810 -1.142
-0.107 0.812 -1.172
-0.102 0.787 -1.198
-0.148 0.816 -1.156
-0.119 0.030 -1.414
-0.134 0.057 -1.417
-0.202 0.556 -1.327
-0.221 0.779 -1.179
-0.055 0.037 -1.384
-0.143 0.153 -1.405
-0.086 0.692 -1.206
-0.106 0.032 -1.407
-0.235 0.712 -1.246
-0.093 0.744 -1.233
-0.091 0.689 -1.251
-0.164 0.304 -1.375
-0.152 0.229 -1.389
-0.188 0.461 -1.346
-0.111 0.115 -1.392
-0.106 0.163 -1.379
-0.151 0.773 -1.211
-0.122 0.278 -1.359
-0.133 0.329 -1.353
-0.077 0.291 -1.341
-0.058 0.345 -1.316
-0.087 0.461 -1.308
-0.080 0.595 -1.250
-0.178 0.631 -1.295
-0.215 0.665 -1.296
-0.177 0.727 -1.250
-0.205 0.753 -1.213
-0.176 0.786 -1.186
-0.097 0.356 -1.334
-0.067 0.238 -1.348
-0.079 0.409 -1.316
-0.117 0.509 -1.306
-0.094 0.075 -1.392
-0.112 0.215 -1.370
-0.136 0.414 -1.334
-0.158 0.584 -1.299
-0.082 0.525 -1.289
-0.170 0.372 -1.360
-0.056 0.134 -1.364
-0.105 0.562 -1.291
-0.168 0.517 -1.320
-0.083 0.638 -1.245
-0.147 0.465 -1.324
-0.120 0.720 -1.247
-0.148 0.667 -1.274
-0.062 0.192 -1.356
-0.100 0.621 -1.276
-0.336 0.729 -1.201
-0.383 0.769 -1.138
-0.353 0.739 -1.188
-0.325 0.723 -1.208
-0.351 0.737 -1.166
-0.316 0.788 -1.158
-0.334 0.859 -1.095
-0.367 0.796 -1.089
-0.337 0.823 -1.127
-0.314 0.747 -1.168
-0.288 0.750 -1.138
-0.314 0.734 -1.178
-0.296 0.710 -1.179
-0.267 0.751 -1.047
-0.247 0.719 -1.057
-0.154 0.723 -1.065
-0.111 0.722 -1.074
-0.370 0.768 -1.058
-0.288 0.848 -1.131
-0.345 0.754 -1.056
-0.357 0.842 -1.061
-0.317 0.847 -1.112
-0.321 0.783 -1.048
-0.112 0.819 -1.125
-0.307 0.832 -1.059
-0.185 0.731 -1.061
-0.094 0.791 -1.086
-0.246 0.877 -1.074
-0.138 0.771 -1.059
-0.154 0.810 -1.062
-0.221 0.742 -1.055
-0.278 0.799 -1.044
-0.247 0.832 -1.057
-0.207 0.787 -1.054
-0.187 0.867 -1.072
-0.139 0.841 -1.111
-0.277 0.838 -1.085
-0.468 0.061 -1.213
-0.492 0.099 -1.267
-0.310 0.728 -1.059
-0.275 0.069 -1.248
-0.402 0.693 -1.073
-0.237 0.029 -1.263
-0.141 0.078 -1.267
-0.069 0.615 -1.133
-0.132 0.685 -1.078
-0.492 0.201 -1.278
-0.430 0.058 -1.200
-0.295 0.698 -1.065
-0.152 0.136 -1.240
-0.128 0.326 -1.208
-0.398 0.593 -1.136
-0.305 0.039 -1.251
-0.117 0.425 -1.185
-0.104 0.459 -1.144
-0.188 0.666 -1.077
-0.148 0.255 -1.186
-0.199 0.214 -1.189
-0.130 0.200 -1.228
-0.364 0.064 -1.252
-0.430 0.478 -1.119
-0.122 0.367 -1.175
-0.490 0.127 -1.263
-0.428 0.401 -1.130
-0.168 0.602 -1.096
-0.201 0.155 -1.211
-0.220 0.103 -1.230
-0.168 0.033 -1.275
-0.203 0.061 -1.252
-0.083 0.568 -1.125
-0.456 0.364 -1.168
-0.418 0.619 -1.113
-0.422 0.578 -1.101
-0.473 0.274 -1.213
-0.441 0.547 -1.141
-0.408 0.531 -1.098
-0.213 0.263 -1.174
-0.132 0.632 -1.097
-0.357 0.706 -1.063
-0.345 0.631 -1.083
-0.322 0.658 -1.076
-0.301 0.109 -1.242
-0.073 0.655 -1.106
-0.472 0.320 -1.213
-0.452 0.312 -1.167
-0.437 0.268 -1.159
-0.401 0.305 -1.154
-0.152 0.296 -1.168
-0.196 0.332 -1.155
-0.253 0.678 -1.068
-0.092 0.508 -1.140
-0.201 0.498 -1.119
-0.146 0.461 -1.126
-0.140 0.537 -1.110
-0.462 0.135 -1.197
-0.371 0.198 -1.211
-0.419 0.175 -1.176
-0.413 0.115 -1.196
-0.367 0.135 -1.230
-0.294 0.171 -1.220
-0.482 0.216 -1.239
-0.452 0.442 -1.161
-0.419 0.345 -1.139
-0.365 0.335 -1.175
-0.391 0.402 -1.133
-0.343 0.487 -1.136
-0.351 0.436 -1.150
-0.392 0.470 -1.114
-0.392 0.598 -1.080
-0.259 0.208 -1.199
-0.461 0.206 -1.188
-0.119 0.415 -1.144
-0.146 0.364 -1.147
-0.412 0.229 -1.167
-0.366 0.263 -1.196
-0.279 0.518 -1.127
-0.278 0.464 -1.143
-0.351 0.543 -1.117
-0.314 0.236 -1.202
-0.245 0.629 -1.083
-0.330 0.576 -1.105
-0.239 0.343 -1.160
-0.331 0.369 -1.169
-0.290 0.395 -1.162
-0.241 0.408 -1.146
-0.303 0.309 -1.184
-0.222 0.574 -1.098
-0.285 0.588 -1.103
-0.193 0.422 -1.137
-0.262 0.288 -1.179
-0.392 0.711 -1.079
-0.406 0.642 -1.079
