-0.509 0.109 -1.399
-0.503 0.145 -1.382
-0.489 0.184 -1.377
-0.485 0.217 -1.365
-0.475 0.238 -1.361
-0.467 0.299 -1.338
-0.441 0.313 -1.336
-0.425 0.460 -1.277
-0.395 0.551 -1.243
-0.275 0.530 -1.285
-0.310 0.411 -1.327
-0.419 0.096 -1.436
-0.360 0.304 -1.388
-0.234 0.665 -1.263
-0.367 0.686 -1.177
-0.344 0.692 -1.192
-0.398 0.153 -1.437
-0.294 0.462 -1.298
-0.304 0.519 -1.259
-0.372 0.585 -1.231
-0.490 0.141 -1.394
-0.317 0.684 -1.192
-0.380 0.235 -1.419
-0.399 0.261 -1.389
-0.340 0.353 -1.360
-0.378 0.434 -1.284
-0.268 0.608 -1.282
-0.287 0.600 -1.244
-0.244 0.683 -1.218
-0.360 0.638 -1.211
-0.440 0.144 -1.402
-0.407 0.195 -1.411
-0.428 0.259 -1.361
-0.441 0.206 -1.377
-0.400 0.327 -1.349
-0.349 0.391 -1.325
-0.332 0.445 -1.291
-0.331 0.569 -1.228
-0.408 0.362 -1.321
-0.361 0.505 -1.252
-0.294 0.649 -1.209
-0.063 0.652 -1.151
-0.077 0.620 -1.163
-0.086 0.586 -1.166
-0.097 0.539 -1.175
-0.110 0.466 -1.178
-0.115 0.379 -1.214
-0.113 0.236 -1.224
-0.112 0.158 -1.249
-0.079 0.024 -1.300
-0.025 0.031 -1.329
-0.046 0.053 -1.309
-0.029 0.081 -1.322
-0.031 0.137 -1.319
-0.040 0.245 -1.305
-0.044 0.302 -1.300
-0.054 0.379 -1.281
-0.064 0.483 -1.272
-0.096 0.584 -1.222
-0.108 0.442 -1.218
-0.100 0.609 -1.206
-0.082 0.432 -1.255
-0.117 0.037 -1.285
-0.067 0.088 -1.299
-0.114 0.124 -1.260
-0.083 0.259 -1.278
-0.075 0.296 -1.279
-0.090 0.398 -1.253
-0.086 0.348 -1.262
-0.092 0.493 -1.237
-0.109 0.491 -1.194
-0.105 0.540 -1.204
-0.102 0.093 -1.286
-0.091 0.202 -1.277
-0.050 0.206 -1.296
-0.078 0.140 -1.292
-0.102 0.278 -1.237
-0.349 0.674 -1.115
-0.374 0.645 -1.116
-0.379 0.624 -1.127
-0.418 0.538 -1.162
-0.450 0.491 -1.190
-0.462 0.412 -1.210
-0.466 0.366 -1.220
-0.477 0.170 -1.246
-0.483 0.151 -1.264
-0.498 0.164 -1.377
-0.479 0.261 -1.350
-0.464 0.280 -1.347
-0.462 0.329 -1.327
-0.451 0.356 -1.319
-0.446 0.376 -1.312
-0.444 0.396 -1.304
-0.442 0.413 -1.297
-0.432 0.430 -1.289
-0.403 0.482 -1.268
-0.399 0.510 -1.257
-0.414 0.523 -1.247
-0.390 0.588 -1.223
-0.387 0.616 -1.199
-0.357 0.681 -1.142
-0.427 0.499 -1.238
-0.355 0.664 -1.132
-0.496 0.081 -1.300
-0.494 0.135 -1.303
-0.490 0.225 -1.320
-0.419 0.521 -1.190
-0.408 0.570 -1.188
-0.503 0.094 -1.334
-0.477 0.314 -1.284
-0.480 0.256 -1.259
-0.470 0.358 -1.279
-0.393 0.581 -1.157
-0.457 0.451 -1.211
-0.463 0.401 -1.251
-0.503 0.145 -1.350
-0.483 0.272 -1.311
-0.444 0.451 -1.263
-0.494 0.182 -1.316
-0.373 0.631 -1.154
-0.029 0.066 -1.349
-0.029 0.110 -1.322
-0.032 0.159 -1.315
-0.034 0.185 -1.313
-0.036 0.212 -1.311
-0.041 0.272 -1.302
-0.049 0.348 -1.289
-0.055 0.405 -1.287
-0.059 0.441 -1.279
-0.067 0.467 -1.266
-0.071 0.503 -1.259
-0.073 0.531 -1.255
-0.074 0.558 -1.253
-0.096 0.645 -1.205
-0.079 0.648 -1.178
-0.385 0.638 -1.185
-0.174 0.808 -1.167
-0.089 0.804 -1.180
-0.120 0.763 -1.217
-0.178 0.821 -1.146
-0.157 0.847 -1.116
-0.125 0.827 -1.134
-0.086 0.810 -1.142
-0.107 0.811 -1.172
-0.102 0.786 -1.197
-0.148 0.816 -1.156
-0.110 0.025 -1.401
-0.126 0.051 -1.404
-0.201 0.551 -1.322
-0.221 0.780 -1.179
-0.047 0.034 -1.370
-0.136 0.148 -1.394
-0.086 0.691 -1.203
-0.097 0.027 -1.393
-0.235 0.712 -1.246
-0.093 0.742 -1.230
-0.091 0.687 -1.247
-0.159 0.300 -1.367
-0.147 0.224 -1.380
-0.186 0.457 -1.341
-0.104 0.110 -1.380
-0.099 0.159 -1.368
-0.151 0.772 -1.210
-0.117 0.273 -1.350
-0.129 0.325 -1.345
-0.072 0.288 -1.332
-0.055 0.343 -1.308
-0.085 0.458 -1.302
-0.079 0.593 -1.245
-0.178 0.627 -1.290
-0.214 0.662 -1.292
-0.176 0.725 -1.249
-0.205 0.753 -1.213
-0.176 0.785 -1.185
-0.094 0.353 -1.326
-0.062 0.235 -1.338
-0.076 0.407 -1.309
-0.115 0.506 -1.301
-0.086 0.070 -1.379
-0.107 0.210 -1.360
-0.134 0.410 -1.327
-0.158 0.581 -1.294
-0.080 0.523 -1.284
-0.166 0.367 -1.353
-0.049 0.131 -1.352
-0.104 0.560 -1.286
-0.166 0.513 -1.314
-0.083 0.636 -1.241
-0.145 0.461 -1.319
-0.120 0.718 -1.246
-0.148 0.664 -1.270
-0.056 0.189 -1.345
-0.099 0.618 -1.272
-0.336 0.729 -1.201
-0.382 0.769 -1.138
-0.353 0.739 -1.188
-0.326 0.723 -1.208
-0.352 0.736 -1.166
-0.317 0.787 -1.158
-0.334 0.859 -1.095
-0.367 0.796 -1.089
-0.338 0.823 -1.127
-0.314 0.746 -1.168
-0.288 0.750 -1.138
-0.314 0.734 -1.178
-0.296 0.709 -1.178
-0.267 0.752 -1.046
-0.247 0.719 -1.057
-0.154 0.724 -1.064
-0.111 0.722 -1.072
-0.370 0.768 -1.057
-0.288 0.848 -1.131
-0.345 0.754 -1.056
-0.357 0.842 -1.061
-0.317 0.847 -1.112
-0.321 0.783 -1.048
-0.112 0.818 -1.125
-0.307 0.832 -1.059
-0.185 0.731 -1.059
-0.093 0.791 -1.086
-0.246 0.878 -1.074
-0.138 0.771 -1.058
-0.154 0.810 -1.062
-0.221 0.742 -1.054
-0.278 0.799 -1.043
-0.247 0.832 -1.057
-0.207 0.787 -1.053
-0.187 0.867 -1.072
-0.139 0.841 -1.111
-0.277 0.838 -1.085
-0.463 0.058 -1.207
-0.484 0.096 -1.263
-0.310 0.728 -1.059
-0.270 0.066 -1.238
-0.401 0.693 -1.073
-0.231 0.026 -1.252
-0.135 0.076 -1.256
-0.068 0.615 -1.129
-0.132 0.685 -1.076
-0.484 0.197 -1.275
-0.426 0.055 -1.193
-0.295 0.698 -1.064
-0.148 0.134 -1.229
-0.125 0.325 -1.200
-0.397 0.592 -1.135
-0.300 0.036 -1.242
-0.115 0.423 -1.179
-0.102 0.459 -1.138
-0.188 0.666 -1.076
-0.145 0.253 -1.178
-0.195 0.213 -1.180
-0.126 0.199 -1.218
-0.358 0.060 -1.244
-0.428 0.477 -1.117
-0.120 0.366 -1.168
-0.483 0.124 -1.259
-0.426 0.399 -1.128
-0.168 0.602 -1.093
-0.197 0.153 -1.201
-0.215 0.101 -1.220
-0.162 0.030 -1.263
-0.198 0.059 -1.241
-0.081 0.568 -1.120
-0.453 0.362 -1.166
-0.418 0.618 -1.113
-0.422 0.577 -1.101
-0.469 0.271 -1.210
-0.440 0.545 -1.141
-0.407 0.530 -1.097
-0.210 0.262 -1.166
-0.131 0.632 -1.094
-0.356 0.706 -1.063
-0.344 0.630 -1.083
-0.322 0.658 -1.076
-0.296 0.106 -1.233
-0.072 0.655 -1.103
-0.467 0.317 -1.211
-0.449 0.310 -1.165
-0.435 0.266 -1.155
-0.398 0.303 -1.149
-0.149 0.295 -1.159
-0.193 0.331 -1.148
-0.252 0.678 -1.067
-0.091 0.508 -1.135
-0.200 0.498 -1.115
-0.145 0.460 -1.120
-0.139 0.537 -1.105
-0.458 0.132 -1.192
-0.367 0.195 -1.205
-0.416 0.173 -1.170
-0.409 0.112 -1.189
-0.363 0.132 -1.223
-0.290 0.168 -1.212
-0.476 0.213 -1.236
-0.450 0.440 -1.159
-0.417 0.343 -1.136
-0.362 0.333 -1.170
-0.389 0.400 -1.130
-0.341 0.486 -1.133
-0.349 0.434 -1.147
-0.391 0.468 -1.112
-0.391 0.597 -1.080
-0.255 0.206 -1.191
-0.457 0.203 -1.184
-0.117 0.415 -1.137
-0.143 0.364 -1.140
-0.409 0.227 -1.162
-0.362 0.261 -1.191
-0.278 0.517 -1.124
-0.276 0.463 -1.139
-0.350 0.542 -1.116
-0.311 0.234 -1.196
-0.245 0.629 -1.082
-0.329 0.576 -1.103
-0.237 0.342 -1.153
-0.328 0.367 -1.165
-0.288 0.394 -1.157
-0.239 0.407 -1.141
-0.300 0.307 -1.178
-0.221 0.574 -1.095
-0.284 0.587 -1.102
-0.192 0.421 -1.131
-0.259 0.286 -1.172
-0.392 0.711 -1.079
-0.406 0.642 -1.079
