-0.498 0.104 -1.393
-0.492 0.140 -1.377
-0.479 0.178 -1.372
-0.476 0.212 -1.360
-0.466 0.233 -1.356
-0.459 0.294 -1.334
-0.433 0.309 -1.332
-0.419 0.457 -1.274
-0.391 0.548 -1.241
-0.270 0.527 -1.279
-0.303 0.407 -1.320
-0.407 0.091 -1.427
-0.350 0.300 -1.380
-0.234 0.665 -1.263
-0.366 0.685 -1.177
-0.343 0.691 -1.191
-0.386 0.148 -1.428
-0.288 0.459 -1.291
-0.300 0.517 -1.253
-0.369 0.583 -1.229
-0.479 0.136 -1.388
-0.316 0.683 -1.192
-0.369 0.230 -1.410
-0.389 0.257 -1.382
-0.331 0.349 -1.353
-0.373 0.431 -1.279
-0.264 0.606 -1.279
-0.284 0.599 -1.242
-0.244 0.684 -1.218
-0.358 0.636 -1.210
-0.429 0.139 -1.394
-0.395 0.190 -1.404
-0.419 0.255 -1.355
-0.431 0.201 -1.370
-0.392 0.323 -1.343
-0.342 0.387 -1.319
-0.326 0.442 -1.285
-0.329 0.568 -1.226
-0.401 0.358 -1.316
-0.357 0.503 -1.248
-0.292 0.648 -1.208
-0.063 0.651 -1.147
-0.076 0.619 -1.158
-0.085 0.585 -1.161
-0.095 0.538 -1.169
-0.108 0.465 -1.172
-0.112 0.378 -1.206
-0.109 0.235 -1.213
-0.108 0.156 -1.238
-0.074 0.022 -1.286
-0.019 0.029 -1.314
-0.041 0.051 -1.295
-0.024 0.078 -1.308
-0.026 0.135 -1.306
-0.036 0.242 -1.294
-0.041 0.299 -1.290
-0.052 0.377 -1.273
-0.062 0.481 -1.265
-0.095 0.583 -1.217
-0.106 0.441 -1.210
-0.099 0.608 -1.201
-0.081 0.430 -1.248
-0.112 0.035 -1.271
-0.062 0.086 -1.286
-0.109 0.122 -1.247
-0.080 0.257 -1.267
-0.072 0.294 -1.269
-0.088 0.396 -1.245
-0.083 0.346 -1.253
-0.091 0.492 -1.231
-0.108 0.490 -1.188
-0.104 0.539 -1.198
-0.097 0.091 -1.273
-0.087 0.200 -1.266
-0.046 0.204 -1.284
-0.073 0.138 -1.280
-0.099 0.276 -1.227
-0.348 0.674 -1.115
-0.373 0.644 -1.115
-0.378 0.624 -1.126
-0.416 0.536 -1.160
-0.447 0.489 -1.188
-0.458 0.409 -1.207
-0.462 0.364 -1.216
-0.472 0.167 -1.240
-0.477 0.147 -1.258
-0.488 0.159 -1.372
-0.470 0.256 -1.346
-0.455 0.275 -1.343
-0.454 0.325 -1.323
-0.444 0.352 -1.315
-0.439 0.372 -1.308
-0.438 0.392 -1.301
-0.436 0.409 -1.294
-0.426 0.426 -1.286
-0.398 0.479 -1.265
-0.394 0.507 -1.255
-0.410 0.520 -1.245
-0.387 0.586 -1.221
-0.386 0.615 -1.198
-0.356 0.680 -1.142
-0.423 0.497 -1.235
-0.355 0.664 -1.131
-0.488 0.077 -1.294
-0.487 0.131 -1.297
-0.482 0.221 -1.315
-0.416 0.519 -1.188
-0.406 0.568 -1.186
-0.495 0.089 -1.328
-0.471 0.310 -1.280
-0.475 0.252 -1.255
-0.464 0.354 -1.276
-0.392 0.580 -1.155
-0.454 0.449 -1.209
-0.458 0.398 -1.248
-0.494 0.140 -1.345
-0.476 0.268 -1.307
-0.439 0.448 -1.261
-0.486 0.178 -1.311
-0.372 0.630 -1.153
-0.024 0.063 -1.335
-0.024 0.107 -1.309
-0.027 0.156 -1.302
-0.030 0.183 -1.302
-0.032 0.210 -1.299
-0.038 0.270 -1.291
-0.046 0.346 -1.281
-0.053 0.403 -1.279
-0.058 0.439 -1.271
-0.065 0.465 -1.259
-0.070 0.501 -1.252
-0.072 0.529 -1.250
-0.073 0.556 -1.247
-0.095 0.644 -1.201
-0.079 0.647 -1.174
-0.384 0.636 -1.185
-0.173 0.808 -1.167
-0.089 0.803 -1.179
-0.119 0.762 -1.216
-0.178 0.822 -1.146
-0.157 0.847 -1.116
-0.125 0.827 -1.134
-0.086 0.810 -1.142
-0.107 0.811 -1.171
-0.101 0.785 -1.196
-0.148 0.816 -1.156
-0.104 0.021 -1.386
-0.120 0.047 -1.391
-0.200 0.548 -1.316
-0.221 0.780 -1.180
-0.041 0.030 -1.355
-0.131 0.143 -1.382
-0.086 0.690 -1.199
-0.091 0.023 -1.379
-0.235 0.712 -1.246
-0.093 0.740 -1.228
-0.090 0.685 -1.244
-0.155 0.295 -1.358
-0.142 0.219 -1.370
-0.183 0.453 -1.335
-0.099 0.106 -1.368
-0.094 0.155 -1.356
-0.151 0.771 -1.210
-0.113 0.270 -1.340
-0.125 0.322 -1.336
-0.069 0.285 -1.322
-0.052 0.340 -1.299
-0.083 0.455 -1.295
-0.079 0.591 -1.240
-0.177 0.624 -1.285
-0.214 0.659 -1.289
-0.176 0.724 -1.248
-0.205 0.753 -1.213
-0.176 0.785 -1.185
-0.091 0.350 -1.318
-0.057 0.232 -1.327
-0.074 0.404 -1.302
-0.114 0.503 -1.295
-0.080 0.066 -1.366
-0.102 0.207 -1.349
-0.131 0.407 -1.320
-0.157 0.577 -1.288
-0.079 0.520 -1.278
-0.163 0.363 -1.346
-0.044 0.128 -1.339
-0.103 0.557 -1.281
-0.165 0.510 -1.308
-0.082 0.634 -1.237
-0.143 0.458 -1.313
-0.119 0.716 -1.244
-0.147 0.661 -1.266
-0.052 0.185 -1.333
-0.098 0.616 -1.268
-0.336 0.729 -1.201
-0.382 0.769 -1.138
-0.353 0.739 -1.187
-0.326 0.723 -1.208
-0.351 0.736 -1.166
-0.317 0.787 -1.159
-0.334 0.859 -1.095
-0.367 0.796 -1.090
-0.338 0.823 -1.127
-0.314 0.746 -1.168
-0.288 0.750 -1.138
-0.314 0.734 -1.178
-0.296 0.709 -1.178
-0.267 0.752 -1.045
-0.247 0.719 -1.055
-0.154 0.724 -1.062
-0.110 0.723 -1.070
-0.370 0.768 -1.057
-0.288 0.848 -1.131
-0.345 0.754 -1.056
-0.357 0.842 -1.061
-0.317 0.847 -1.112
-0.321 0.783 -1.048
-0.112 0.818 -1.125
-0.307 0.832 -1.059
-0.185 0.731 -1.058
-0.093 0.791 -1.086
-0.246 0.878 -1.074
-0.138 0.771 -1.057
-0.154 0.810 -1.062
-0.221 0.742 -1.053
-0.279 0.799 -1.043
-0.247 0.832 -1.057
-0.207 0.787 -1.053
-0.187 0.867 -1.072
-0.139 0.841 -1.111
-0.277 0.838 -1.085
-0.459 0.055 -1.199
-0.478 0.092 -1.256
-0.310 0.728 -1.058
-0.265 0.064 -1.227
-0.401 0.693 -1.073
-0.226 0.024 -1.240
-0.131 0.074 -1.243
-0.068 0.615 -1.124
-0.131 0.685 -1.074
-0.478 0.194 -1.270
-0.422 0.053 -1.184
-0.295 0.698 -1.063
-0.144 0.132 -1.217
-0.123 0.324 -1.191
-0.396 0.591 -1.134
-0.296 0.033 -1.230
-0.113 0.422 -1.171
-0.101 0.459 -1.131
-0.187 0.666 -1.073
-0.142 0.252 -1.168
-0.192 0.212 -1.170
-0.122 0.197 -1.207
-0.354 0.058 -1.234
-0.427 0.476 -1.115
-0.117 0.365 -1.159
-0.477 0.121 -1.253
-0.425 0.398 -1.125
-0.167 0.602 -1.089
-0.193 0.152 -1.191
-0.211 0.099 -1.209
-0.157 0.028 -1.250
-0.193 0.057 -1.229
-0.080 0.568 -1.115
-0.451 0.360 -1.162
-0.417 0.618 -1.112
-0.421 0.577 -1.100
-0.465 0.268 -1.206
-0.438 0.544 -1.140
-0.407 0.529 -1.095
-0.207 0.261 -1.157
-0.131 0.632 -1.090
-0.356 0.706 -1.063
-0.344 0.630 -1.082
-0.321 0.658 -1.075
-0.291 0.104 -1.223
-0.072 0.655 -1.099
-0.463 0.314 -1.208
-0.446 0.308 -1.160
-0.432 0.264 -1.150
-0.396 0.302 -1.144
-0.147 0.294 -1.150
-0.191 0.330 -1.140
-0.252 0.678 -1.065
-0.089 0.508 -1.128
-0.199 0.498 -1.109
-0.143 0.460 -1.114
-0.138 0.537 -1.100
-0.455 0.130 -1.186
-0.363 0.193 -1.197
-0.413 0.171 -1.163
-0.405 0.110 -1.181
-0.359 0.130 -1.214
-0.286 0.166 -1.202
-0.471 0.210 -1.230
-0.448 0.439 -1.157
-0.415 0.342 -1.132
-0.360 0.331 -1.165
-0.388 0.399 -1.125
-0.340 0.485 -1.129
-0.347 0.433 -1.142
-0.389 0.468 -1.109
-0.391 0.597 -1.078
-0.252 0.205 -1.182
-0.454 0.201 -1.178
-0.115 0.414 -1.130
-0.141 0.363 -1.132
-0.406 0.225 -1.155
-0.359 0.259 -1.184
-0.277 0.516 -1.120
-0.274 0.462 -1.134
-0.349 0.542 -1.113
-0.308 0.232 -1.187
-0.244 0.629 -1.079
-0.329 0.575 -1.101
-0.234 0.341 -1.146
-0.326 0.366 -1.159
-0.286 0.392 -1.151
-0.237 0.406 -1.135
-0.298 0.305 -1.171
-0.221 0.574 -1.092
-0.283 0.587 -1.099
-0.190 0.421 -1.125
-0.257 0.285 -1.164
-0.392 0.711 -1.079
-0.405 0.642 -1.078
