-0.489 0.098 -1.385
-0.484 0.135 -1.370
-0.470 0.173 -1.365
-0.468 0.207 -1.353
-0.458 0.228 -1.349
-0.452 0.290 -1.328
-0.426 0.304 -1.325
-0.414 0.454 -1.270
-0.387 0.546 -1.238
-0.262 0.521 -1.267
-0.296 0.402 -1.310
-0.396 0.084 -1.416
-0.341 0.294 -1.371
-0.234 0.665 -1.263
-0.364 0.683 -1.176
-0.341 0.689 -1.190
-0.376 0.142 -1.417
-0.282 0.453 -1.280
-0.295 0.514 -1.245
-0.365 0.581 -1.227
-0.470 0.130 -1.380
-0.314 0.682 -1.190
-0.359 0.224 -1.400
-0.380 0.251 -1.373
-0.323 0.344 -1.343
-0.367 0.428 -1.273
-0.252 0.599 -1.269
-0.278 0.596 -1.235
-0.243 0.685 -1.219
-0.355 0.634 -1.209
-0.419 0.133 -1.385
-0.386 0.184 -1.394
-0.411 0.250 -1.347
-0.422 0.196 -1.362
-0.384 0.318 -1.335
-0.335 0.383 -1.311
-0.320 0.438 -1.277
-0.325 0.566 -1.223
-0.394 0.354 -1.310
-0.352 0.501 -1.244
-0.289 0.647 -1.205
-0.062 0.651 -1.142
-0.075 0.619 -1.154
-0.084 0.584 -1.156
-0.095 0.538 -1.163
-0.107 0.464 -1.164
-0.110 0.376 -1.197
-0.107 0.233 -1.202
-0.105 0.155 -1.225
-0.070 0.020 -1.271
-0.015 0.026 -1.299
-0.037 0.049 -1.281
-0.020 0.076 -1.294
-0.023 0.132 -1.293
-0.033 0.240 -1.283
-0.038 0.297 -1.280
-0.050 0.375 -1.264
-0.061 0.479 -1.258
-0.095 0.581 -1.211
-0.105 0.439 -1.203
-0.099 0.606 -1.196
-0.079 0.428 -1.240
-0.108 0.033 -1.257
-0.058 0.084 -1.272
-0.106 0.120 -1.234
-0.077 0.255 -1.256
-0.069 0.292 -1.259
-0.087 0.395 -1.237
-0.082 0.344 -1.243
-0.090 0.490 -1.224
-0.107 0.489 -1.181
-0.103 0.538 -1.192
-0.094 0.088 -1.259
-0.084 0.198 -1.254
-0.043 0.202 -1.273
-0.070 0.136 -1.267
-0.097 0.275 -1.216
-0.347 0.674 -1.114
-0.372 0.644 -1.114
-0.377 0.623 -1.125
-0.414 0.535 -1.158
-0.444 0.487 -1.186
-0.455 0.407 -1.204
-0.458 0.362 -1.212
-0.468 0.164 -1.232
-0.472 0.144 -1.250
-0.480 0.154 -1.365
-0.462 0.252 -1.340
-0.447 0.271 -1.337
-0.447 0.320 -1.318
-0.437 0.348 -1.310
-0.432 0.368 -1.303
-0.431 0.388 -1.296
-0.430 0.405 -1.289
-0.420 0.422 -1.282
-0.393 0.476 -1.261
-0.390 0.504 -1.251
-0.405 0.518 -1.243
-0.384 0.584 -1.220
-0.382 0.613 -1.197
-0.355 0.679 -1.141
-0.419 0.494 -1.233
-0.353 0.663 -1.130
-0.482 0.074 -1.285
-0.481 0.128 -1.289
-0.475 0.217 -1.309
-0.413 0.518 -1.185
-0.403 0.567 -1.185
-0.488 0.085 -1.320
-0.466 0.306 -1.275
-0.470 0.250 -1.249
-0.458 0.351 -1.272
-0.389 0.579 -1.154
-0.450 0.446 -1.206
-0.453 0.395 -1.245
-0.486 0.136 -1.338
-0.469 0.264 -1.302
-0.434 0.445 -1.258
-0.480 0.174 -1.304
-0.370 0.629 -1.152
-0.020 0.060 -1.321
-0.020 0.105 -1.296
-0.024 0.154 -1.290
-0.027 0.181 -1.289
-0.029 0.208 -1.288
-0.036 0.268 -1.281
-0.044 0.344 -1.271
-0.051 0.401 -1.270
-0.056 0.437 -1.263
-0.064 0.463 -1.251
-0.069 0.499 -1.246
-0.071 0.527 -1.243
-0.073 0.555 -1.241
-0.095 0.643 -1.196
-0.079 0.646 -1.170
-0.381 0.635 -1.184
-0.173 0.808 -1.167
-0.089 0.803 -1.179
-0.119 0.761 -1.215
-0.178 0.822 -1.146
-0.157 0.847 -1.116
-0.125 0.827 -1.134
-0.086 0.809 -1.142
-0.107 0.811 -1.171
-0.101 0.785 -1.196
-0.148 0.816 -1.156
-0.100 0.017 -1.372
-0.116 0.042 -1.376
-0.199 0.544 -1.310
-0.221 0.780 -1.180
-0.037 0.027 -1.340
-0.127 0.139 -1.369
-0.086 0.689 -1.196
-0.087 0.019 -1.364
-0.235 0.712 -1.246
-0.092 0.739 -1.226
-0.090 0.683 -1.240
-0.153 0.291 -1.348
-0.139 0.215 -1.358
-0.182 0.449 -1.328
-0.095 0.102 -1.354
-0.091 0.152 -1.343
-0.151 0.771 -1.209
-0.110 0.266 -1.330
-0.123 0.318 -1.326
-0.067 0.282 -1.312
-0.050 0.338 -1.290
-0.082 0.453 -1.288
-0.078 0.589 -1.235
-0.177 0.622 -1.281
-0.213 0.656 -1.286
-0.176 0.722 -1.246
-0.205 0.753 -1.213
-0.176 0.785 -1.185
-0.089 0.347 -1.309
-0.055 0.229 -1.316
-0.073 0.401 -1.293
-0.113 0.501 -1.289
-0.076 0.063 -1.352
-0.099 0.203 -1.337
-0.129 0.404 -1.312
-0.156 0.575 -1.283
-0.078 0.518 -1.271
-0.161 0.360 -1.337
-0.041 0.125 -1.326
-0.102 0.555 -1.275
-0.164 0.507 -1.302
-0.082 0.632 -1.232
-0.141 0.455 -1.306
-0.119 0.714 -1.241
-0.147 0.659 -1.262
-0.049 0.183 -1.321
-0.098 0.614 -1.263
-0.336 0.728 -1.200
-0.382 0.769 -1.138
-0.353 0.738 -1.187
-0.326 0.722 -1.207
-0.351 0.734 -1.167
-0.317 0.787 -1.159
-0.334 0.859 -1.096
-0.367 0.796 -1.090
-0.339 0.823 -1.128
-0.314 0.746 -1.168
-0.288 0.751 -1.138
-0.314 0.734 -1.178
-0.294 0.709 -1.177
-0.267 0.752 -1.044
-0.247 0.720 -1.053
-0.154 0.725 -1.060
-0.110 0.723 -1.068
-0.370 0.768 -1.057
-0.288 0.848 -1.131
-0.345 0.754 -1.056
-0.358 0.842 -1.062
-0.317 0.847 -1.112
-0.321 0.784 -1.047
-0.112 0.818 -1.125
-0.307 0.833 -1.059
-0.185 0.732 -1.056
-0.093 0.791 -1.086
-0.246 0.878 -1.074
-0.138 0.772 -1.056
-0.154 0.811 -1.061
-0.221 0.743 -1.051
-0.279 0.800 -1.043
-0.247 0.832 -1.057
-0.207 0.788 -1.052
-0.187 0.867 -1.072
-0.139 0.841 -1.111
-0.277 0.838 -1.085
-0.456 0.054 -1.189
-0.474 0.089 -1.247
-0.310 0.729 -1.057
-0.262 0.062 -1.214
-0.401 0.693 -1.073
-0.223 0.022 -1.226
-0.127 0.072 -1.229
-0.067 0.614 -1.119
-0.131 0.686 -1.070
-0.473 0.191 -1.263
-0.419 0.051 -1.174
-0.295 0.698 -1.061
-0.140 0.130 -1.205
-0.121 0.322 -1.181
-0.395 0.591 -1.132
-0.292 0.031 -1.218
-0.112 0.422 -1.163
-0.100 0.458 -1.124
-0.187 0.666 -1.069
-0.140 0.252 -1.157
-0.190 0.210 -1.159
-0.119 0.196 -1.195
-0.350 0.055 -1.222
-0.426 0.475 -1.112
-0.116 0.365 -1.150
-0.472 0.118 -1.244
-0.423 0.397 -1.120
-0.166 0.602 -1.085
-0.190 0.150 -1.179
-0.208 0.097 -1.196
-0.154 0.026 -1.236
-0.190 0.055 -1.216
-0.080 0.568 -1.109
-0.448 0.359 -1.158
-0.416 0.617 -1.112
-0.420 0.576 -1.098
-0.461 0.266 -1.200
-0.436 0.543 -1.138
-0.406 0.529 -1.093
-0.205 0.260 -1.147
-0.130 0.632 -1.086
-0.356 0.706 -1.062
-0.344 0.630 -1.080
-0.321 0.658 -1.073
-0.288 0.102 -1.211
-0.071 0.655 -1.095
-0.460 0.312 -1.203
-0.444 0.307 -1.155
-0.430 0.263 -1.143
-0.395 0.301 -1.137
-0.144 0.293 -1.140
-0.189 0.329 -1.130
-0.252 0.679 -1.063
-0.088 0.508 -1.122
-0.198 0.497 -1.103
-0.142 0.460 -1.106
-0.137 0.537 -1.094
-0.452 0.128 -1.177
-0.361 0.191 -1.188
-0.411 0.169 -1.154
-0.403 0.108 -1.171
-0.356 0.128 -1.204
-0.283 0.165 -1.191
-0.467 0.207 -1.224
-0.445 0.438 -1.154
-0.413 0.341 -1.126
-0.358 0.330 -1.157
-0.386 0.398 -1.120
-0.338 0.484 -1.125
-0.345 0.432 -1.137
-0.388 0.467 -1.105
-0.390 0.597 -1.077
-0.249 0.203 -1.171
-0.451 0.200 -1.171
-0.114 0.414 -1.122
-0.140 0.363 -1.123
-0.404 0.224 -1.147
-0.357 0.257 -1.175
-0.276 0.515 -1.115
-0.273 0.461 -1.128
-0.348 0.541 -1.110
-0.305 0.230 -1.178
-0.244 0.629 -1.076
-0.328 0.575 -1.098
-0.233 0.340 -1.137
-0.324 0.365 -1.152
-0.284 0.391 -1.144
-0.235 0.405 -1.127
-0.295 0.304 -1.162
-0.220 0.574 -1.087
-0.282 0.587 -1.095
-0.188 0.420 -1.117
-0.254 0.284 -1.154
-0.392 0.711 -1.079
-0.405 0.642 -1.077
