-0.481 0.093 -1.376
-0.476 0.130 -1.361
-0.463 0.168 -1.356
-0.460 0.202 -1.345
-0.451 0.224 -1.341
-0.444 0.285 -1.321
-0.419 0.300 -1.318
-0.408 0.450 -1.266
-0.382 0.543 -1.235
-0.256 0.518 -1.259
-0.289 0.398 -1.299
-0.388 0.078 -1.403
-0.333 0.288 -1.359
-0.234 0.665 -1.263
-0.363 0.682 -1.176
-0.340 0.688 -1.190
-0.366 0.135 -1.404
-0.275 0.450 -1.271
-0.289 0.511 -1.238
-0.361 0.579 -1.225
-0.462 0.125 -1.370
-0.312 0.681 -1.188
-0.350 0.217 -1.389
-0.372 0.245 -1.363
-0.315 0.338 -1.332
-0.361 0.424 -1.266
-0.247 0.597 -1.264
-0.273 0.594 -1.230
-0.243 0.685 -1.219
-0.352 0.633 -1.207
-0.412 0.128 -1.373
-0.377 0.178 -1.382
-0.403 0.245 -1.337
-0.415 0.191 -1.352
-0.376 0.313 -1.326
-0.328 0.378 -1.301
-0.314 0.435 -1.268
-0.321 0.565 -1.219
-0.387 0.349 -1.302
-0.347 0.498 -1.239
-0.286 0.646 -1.202
-0.062 0.651 -1.138
-0.075 0.618 -1.149
-0.084 0.584 -1.150
-0.095 0.537 -1.157
-0.107 0.463 -1.156
-0.110 0.375 -1.188
-0.105 0.232 -1.190
-0.103 0.153 -1.212
-0.067 0.018 -1.256
-0.013 0.024 -1.285
-0.035 0.046 -1.266
-0.018 0.074 -1.280
-0.021 0.130 -1.280
-0.032 0.238 -1.272
-0.038 0.295 -1.270
-0.050 0.373 -1.255
-0.061 0.477 -1.251
-0.095 0.580 -1.205
-0.104 0.438 -1.194
-0.099 0.605 -1.190
-0.079 0.426 -1.232
-0.105 0.031 -1.242
-0.056 0.082 -1.258
-0.104 0.118 -1.221
-0.076 0.253 -1.245
-0.068 0.290 -1.248
-0.086 0.393 -1.228
-0.081 0.343 -1.234
-0.090 0.488 -1.217
-0.107 0.488 -1.174
-0.103 0.536 -1.185
-0.091 0.086 -1.245
-0.082 0.196 -1.242
-0.042 0.200 -1.261
-0.068 0.133 -1.254
-0.095 0.273 -1.205
-0.347 0.674 -1.113
-0.371 0.644 -1.113
-0.375 0.623 -1.123
-0.411 0.534 -1.156
-0.440 0.485 -1.183
-0.451 0.405 -1.200
-0.454 0.359 -1.207
-0.464 0.162 -1.224
-0.468 0.142 -1.241
-0.472 0.149 -1.356
-0.455 0.247 -1.333
-0.440 0.266 -1.329
-0.440 0.316 -1.311
-0.430 0.344 -1.304
-0.425 0.364 -1.297
-0.425 0.384 -1.291
-0.423 0.401 -1.284
-0.414 0.419 -1.277
-0.387 0.472 -1.256
-0.384 0.501 -1.247
-0.401 0.515 -1.240
-0.380 0.582 -1.217
-0.379 0.611 -1.195
-0.354 0.679 -1.140
-0.414 0.492 -1.229
-0.352 0.663 -1.129
-0.478 0.070 -1.275
-0.476 0.124 -1.280
-0.469 0.213 -1.301
-0.410 0.516 -1.182
-0.400 0.565 -1.183
-0.482 0.081 -1.310
-0.460 0.303 -1.269
-0.466 0.247 -1.242
-0.453 0.347 -1.266
-0.387 0.578 -1.151
-0.446 0.444 -1.202
-0.449 0.392 -1.240
-0.480 0.131 -1.329
-0.463 0.260 -1.295
-0.428 0.441 -1.254
-0.474 0.170 -1.296
-0.368 0.628 -1.150
-0.018 0.058 -1.307
-0.018 0.103 -1.282
-0.022 0.152 -1.277
-0.025 0.179 -1.277
-0.028 0.205 -1.276
-0.034 0.266 -1.270
-0.044 0.342 -1.262
-0.051 0.399 -1.262
-0.056 0.435 -1.255
-0.064 0.461 -1.244
-0.069 0.497 -1.238
-0.071 0.525 -1.237
-0.073 0.553 -1.235
-0.096 0.642 -1.192
-0.079 0.645 -1.165
-0.378 0.633 -1.183
-0.173 0.808 -1.167
-0.089 0.803 -1.179
-0.119 0.760 -1.214
-0.178 0.822 -1.147
-0.157 0.847 -1.116
-0.125 0.827 -1.134
-0.086 0.809 -1.142
-0.107 0.811 -1.171
-0.101 0.784 -1.195
-0.148 0.816 -1.156
-0.098 0.013 -1.356
-0.114 0.038 -1.361
-0.199 0.541 -1.305
-0.221 0.781 -1.181
-0.035 0.024 -1.326
-0.126 0.135 -1.356
-0.086 0.688 -1.192
-0.085 0.015 -1.349
-0.235 0.712 -1.246
-0.093 0.737 -1.223
-0.091 0.681 -1.236
-0.152 0.287 -1.337
-0.138 0.211 -1.346
-0.182 0.446 -1.320
-0.093 0.099 -1.341
-0.090 0.148 -1.330
-0.151 0.770 -1.209
-0.110 0.263 -1.319
-0.123 0.315 -1.316
-0.066 0.279 -1.301
-0.049 0.336 -1.280
-0.082 0.450 -1.280
-0.079 0.587 -1.229
-0.177 0.619 -1.277
-0.213 0.654 -1.283
-0.175 0.721 -1.245
-0.205 0.753 -1.213
-0.176 0.785 -1.185
-0.088 0.344 -1.299
-0.054 0.226 -1.304
-0.072 0.399 -1.285
-0.113 0.498 -1.282
-0.074 0.059 -1.337
-0.098 0.200 -1.325
-0.129 0.401 -1.304
-0.157 0.572 -1.277
-0.079 0.516 -1.265
-0.161 0.356 -1.328
-0.039 0.122 -1.313
-0.102 0.552 -1.268
-0.164 0.504 -1.295
-0.082 0.630 -1.227
-0.141 0.452 -1.298
-0.119 0.713 -1.238
-0.147 0.657 -1.258
-0.047 0.180 -1.309
-0.099 0.612 -1.257
-0.336 0.728 -1.200
-0.383 0.769 -1.138
-0.353 0.738 -1.187
-0.326 0.722 -1.207
-0.351 0.734 -1.167
-0.318 0.787 -1.159
-0.334 0.859 -1.096
-0.367 0.796 -1.090
-0.339 0.823 -1.128
-0.314 0.746 -1.168
-0.288 0.751 -1.139
-0.314 0.734 -1.178
-0.294 0.710 -1.178
-0.267 0.753 -1.043
-0.247 0.720 -1.051
-0.154 0.725 -1.057
-0.110 0.724 -1.066
-0.370 0.768 -1.057
-0.288 0.848 -1.131
-0.345 0.754 -1.055
-0.358 0.842 -1.062
-0.317 0.847 -1.112
-0.321 0.784 -1.046
-0.112 0.818 -1.125
-0.307 0.833 -1.059
-0.185 0.732 -1.054
-0.094 0.791 -1.086
-0.246 0.878 -1.074
-0.138 0.772 -1.056
-0.154 0.811 -1.061
-0.220 0.743 -1.049
-0.279 0.800 -1.042
-0.247 0.832 -1.057
-0.207 0.788 -1.051
-0.187 0.867 -1.072
-0.139 0.841 -1.111
-0.277 0.838 -1.085
-0.454 0.052 -1.178
-0.470 0.087 -1.237
-0.310 0.729 -1.056
-0.259 0.060 -1.201
-0.401 0.693 -1.073
-0.220 0.020 -1.212
-0.125 0.070 -1.215
-0.066 0.614 -1.114
-0.131 0.686 -1.067
-0.468 0.188 -1.255
-0.418 0.050 -1.162
-0.295 0.699 -1.059
-0.138 0.129 -1.191
-0.119 0.321 -1.171
-0.393 0.590 -1.130
-0.289 0.029 -1.204
-0.111 0.421 -1.155
-0.099 0.458 -1.116
-0.186 0.666 -1.065
-0.138 0.251 -1.146
-0.188 0.209 -1.147
-0.117 0.194 -1.183
-0.348 0.053 -1.209
-0.425 0.475 -1.108
-0.114 0.364 -1.141
-0.469 0.115 -1.235
-0.422 0.397 -1.115
-0.166 0.602 -1.080
-0.188 0.149 -1.166
-0.206 0.096 -1.183
-0.151 0.024 -1.221
-0.187 0.053 -1.201
-0.079 0.568 -1.103
-0.446 0.358 -1.152
-0.414 0.617 -1.111
-0.419 0.576 -1.097
-0.458 0.265 -1.193
-0.434 0.542 -1.136
-0.405 0.529 -1.089
-0.203 0.259 -1.135
-0.129 0.632 -1.081
-0.356 0.706 -1.062
-0.343 0.631 -1.079
-0.321 0.658 -1.071
-0.286 0.100 -1.198
-0.071 0.655 -1.090
-0.457 0.310 -1.196
-0.443 0.306 -1.148
-0.429 0.262 -1.135
-0.393 0.300 -1.129
-0.143 0.293 -1.129
-0.188 0.329 -1.120
-0.252 0.679 -1.059
-0.088 0.507 -1.115
-0.197 0.497 -1.096
-0.141 0.460 -1.098
-0.136 0.537 -1.088
-0.450 0.127 -1.167
-0.359 0.189 -1.177
-0.409 0.168 -1.144
-0.401 0.107 -1.159
-0.353 0.126 -1.192
-0.281 0.163 -1.179
-0.463 0.205 -1.216
-0.443 0.437 -1.150
-0.412 0.340 -1.119
-0.356 0.329 -1.149
-0.385 0.398 -1.114
-0.337 0.483 -1.119
-0.344 0.431 -1.130
-0.388 0.467 -1.100
-0.390 0.598 -1.075
-0.247 0.202 -1.159
-0.449 0.198 -1.163
-0.112 0.414 -1.113
-0.138 0.362 -1.113
-0.403 0.223 -1.138
-0.355 0.256 -1.166
-0.274 0.515 -1.109
-0.272 0.461 -1.121
-0.347 0.541 -1.105
-0.303 0.229 -1.167
-0.243 0.629 -1.071
-0.327 0.574 -1.094
-0.231 0.339 -1.127
-0.322 0.363 -1.143
-0.283 0.390 -1.135
-0.234 0.405 -1.119
-0.294 0.302 -1.153
-0.219 0.574 -1.082
-0.281 0.587 -1.092
-0.187 0.420 -1.108
-0.253 0.283 -1.144
-0.392 0.711 -1.079
-0.404 0.642 -1.077
