-0.474 0.088 -1.365
-0.469 0.125 -1.350
-0.456 0.163 -1.346
-0.453 0.197 -1.336
-0.443 0.219 -1.332
-0.437 0.281 -1.313
-0.411 0.295 -1.309
-0.403 0.447 -1.260
-0.379 0.540 -1.231
-0.252 0.518 -1.255
-0.282 0.394 -1.290
-0.380 0.071 -1.388
-0.324 0.282 -1.347
-0.234 0.665 -1.263
-0.362 0.681 -1.174
-0.339 0.687 -1.188
-0.358 0.128 -1.390
-0.270 0.448 -1.264
-0.285 0.510 -1.233
-0.359 0.577 -1.222
-0.455 0.120 -1.359
-0.311 0.681 -1.187
-0.341 0.210 -1.375
-0.364 0.239 -1.350
-0.307 0.333 -1.321
-0.356 0.421 -1.258
-0.246 0.596 -1.262
-0.271 0.594 -1.228
-0.243 0.686 -1.219
-0.350 0.631 -1.205
-0.404 0.122 -1.361
-0.369 0.172 -1.369
-0.396 0.239 -1.326
-0.407 0.186 -1.340
-0.369 0.308 -1.316
-0.321 0.374 -1.291
-0.309 0.432 -1.260
-0.318 0.563 -1.215
-0.380 0.345 -1.292
-0.343 0.496 -1.233
-0.285 0.646 -1.200
-0.062 0.650 -1.134
-0.076 0.617 -1.143
-0.084 0.583 -1.144
-0.095 0.536 -1.150
-0.107 0.462 -1.149
-0.110 0.373 -1.179
-0.104 0.231 -1.179
-0.102 0.151 -1.199
-0.066 0.015 -1.242
-0.012 0.022 -1.271
-0.034 0.044 -1.252
-0.017 0.072 -1.267
-0.021 0.128 -1.268
-0.032 0.236 -1.261
-0.038 0.293 -1.260
-0.050 0.371 -1.246
-0.062 0.474 -1.243
-0.096 0.578 -1.199
-0.105 0.436 -1.186
-0.100 0.604 -1.185
-0.080 0.424 -1.223
-0.103 0.028 -1.227
-0.055 0.079 -1.245
-0.102 0.116 -1.207
-0.076 0.251 -1.234
-0.068 0.288 -1.238
-0.087 0.391 -1.219
-0.081 0.341 -1.224
-0.091 0.487 -1.209
-0.107 0.486 -1.166
-0.104 0.535 -1.178
-0.090 0.084 -1.231
-0.082 0.194 -1.230
-0.041 0.198 -1.249
-0.067 0.131 -1.241
-0.095 0.272 -1.194
-0.346 0.674 -1.111
-0.370 0.644 -1.111
-0.374 0.622 -1.121
-0.409 0.533 -1.152
-0.437 0.483 -1.179
-0.448 0.403 -1.194
-0.451 0.357 -1.201
-0.461 0.160 -1.214
-0.465 0.139 -1.231
-0.465 0.144 -1.346
-0.448 0.242 -1.324
-0.433 0.261 -1.320
-0.433 0.312 -1.303
-0.423 0.339 -1.296
-0.419 0.360 -1.290
-0.418 0.380 -1.284
-0.417 0.397 -1.278
-0.408 0.415 -1.270
-0.382 0.469 -1.251
-0.380 0.498 -1.243
-0.397 0.512 -1.236
-0.377 0.580 -1.215
-0.377 0.609 -1.193
-0.353 0.678 -1.139
-0.410 0.489 -1.225
-0.351 0.663 -1.127
-0.474 0.067 -1.264
-0.472 0.121 -1.270
-0.463 0.209 -1.293
-0.407 0.514 -1.179
-0.397 0.563 -1.180
-0.477 0.077 -1.299
-0.455 0.300 -1.262
-0.462 0.244 -1.233
-0.447 0.344 -1.260
-0.385 0.577 -1.148
-0.442 0.442 -1.198
-0.444 0.389 -1.234
-0.474 0.127 -1.319
-0.457 0.256 -1.287
-0.423 0.438 -1.248
-0.469 0.166 -1.286
-0.366 0.628 -1.148
-0.018 0.055 -1.293
-0.018 0.101 -1.269
-0.022 0.150 -1.265
-0.025 0.176 -1.266
-0.028 0.203 -1.265
-0.035 0.263 -1.260
-0.044 0.340 -1.252
-0.052 0.397 -1.253
-0.057 0.433 -1.247
-0.065 0.459 -1.236
-0.070 0.495 -1.231
-0.072 0.523 -1.230
-0.074 0.551 -1.229
-0.096 0.640 -1.187
-0.079 0.644 -1.160
-0.377 0.631 -1.181
-0.173 0.808 -1.167
-0.089 0.803 -1.179
-0.119 0.759 -1.213
-0.178 0.822 -1.147
-0.157 0.847 -1.116
-0.125 0.827 -1.134
-0.086 0.809 -1.142
-0.107 0.810 -1.171
-0.101 0.784 -1.195
-0.148 0.817 -1.156
-0.098 0.009 -1.341
-0.114 0.034 -1.346
-0.200 0.538 -1.299
-0.221 0.781 -1.181
-0.034 0.021 -1.311
-0.127 0.131 -1.342
-0.087 0.686 -1.188
-0.085 0.011 -1.334
-0.235 0.712 -1.246
-0.093 0.735 -1.220
-0.091 0.679 -1.232
-0.153 0.284 -1.326
-0.139 0.207 -1.334
-0.183 0.442 -1.312
-0.094 0.095 -1.326
-0.090 0.145 -1.317
-0.150 0.769 -1.208
-0.110 0.260 -1.307
-0.123 0.311 -1.306
-0.066 0.276 -1.291
-0.050 0.333 -1.270
-0.083 0.448 -1.272
-0.080 0.585 -1.223
-0.178 0.617 -1.273
-0.213 0.652 -1.281
-0.175 0.720 -1.244
-0.205 0.752 -1.213
-0.176 0.785 -1.185
-0.089 0.341 -1.289
-0.054 0.224 -1.293
-0.073 0.396 -1.276
-0.114 0.495 -1.274
-0.074 0.056 -1.323
-0.099 0.196 -1.313
-0.130 0.398 -1.295
-0.158 0.570 -1.272
-0.080 0.513 -1.258
-0.162 0.352 -1.318
-0.039 0.119 -1.300
-0.103 0.550 -1.262
-0.165 0.501 -1.288
-0.083 0.628 -1.222
-0.142 0.449 -1.290
-0.119 0.711 -1.235
-0.148 0.655 -1.254
-0.048 0.177 -1.297
-0.099 0.609 -1.252
-0.336 0.727 -1.200
-0.383 0.769 -1.138
-0.353 0.738 -1.187
-0.326 0.722 -1.207
-0.351 0.733 -1.166
-0.319 0.787 -1.159
-0.334 0.859 -1.096
-0.367 0.796 -1.090
-0.339 0.824 -1.128
-0.314 0.745 -1.167
-0.287 0.752 -1.139
-0.314 0.734 -1.179
-0.293 0.710 -1.177
-0.267 0.753 -1.042
-0.247 0.720 -1.049
-0.154 0.726 -1.055
-0.110 0.724 -1.063
-0.370 0.768 -1.057
-0.288 0.848 -1.131
-0.345 0.754 -1.055
-0.358 0.842 -1.062
-0.317 0.847 -1.112
-0.321 0.784 -1.046
-0.112 0.818 -1.125
-0.307 0.833 -1.059
-0.185 0.733 -1.051
-0.094 0.792 -1.086
-0.246 0.877 -1.074
-0.137 0.773 -1.055
-0.154 0.811 -1.061
-0.220 0.744 -1.047
-0.279 0.801 -1.042
-0.247 0.832 -1.056
-0.207 0.788 -1.050
-0.187 0.867 -1.072
-0.139 0.841 -1.111
-0.277 0.838 -1.085
-0.453 0.050 -1.166
-0.467 0.084 -1.226
-0.310 0.729 -1.055
-0.258 0.057 -1.185
-0.401 0.693 -1.073
-0.218 0.017 -1.196
-0.123 0.068 -1.200
-0.066 0.614 -1.109
-0.130 0.686 -1.064
-0.464 0.185 -1.246
-0.417 0.049 -1.148
-0.295 0.699 -1.057
-0.137 0.127 -1.177
-0.119 0.320 -1.161
-0.391 0.589 -1.128
-0.288 0.027 -1.188
-0.111 0.420 -1.146
-0.098 0.458 -1.108
-0.186 0.667 -1.062
-0.137 0.250 -1.134
-0.186 0.208 -1.135
-0.116 0.193 -1.170
-0.346 0.051 -1.194
-0.424 0.475 -1.104
-0.114 0.363 -1.131
-0.466 0.112 -1.224
-0.422 0.396 -1.108
-0.165 0.602 -1.074
-0.187 0.148 -1.152
-0.204 0.094 -1.168
-0.149 0.022 -1.205
-0.186 0.051 -1.186
-0.078 0.567 -1.098
-0.445 0.356 -1.146
-0.413 0.616 -1.109
-0.418 0.576 -1.094
-0.456 0.263 -1.185
-0.432 0.541 -1.134
-0.405 0.529 -1.086
-0.202 0.258 -1.123
-0.129 0.632 -1.076
-0.356 0.706 -1.061
-0.343 0.631 -1.077
-0.320 0.658 -1.069
-0.284 0.097 -1.184
-0.070 0.655 -1.086
-0.454 0.308 -1.189
-0.441 0.305 -1.140
-0.428 0.262 -1.126
-0.393 0.299 -1.120
-0.142 0.292 -1.118
-0.187 0.328 -1.110
-0.251 0.679 -1.056
-0.087 0.507 -1.108
-0.196 0.497 -1.089
-0.140 0.460 -1.090
-0.135 0.537 -1.081
-0.449 0.126 -1.156
-0.357 0.187 -1.165
-0.409 0.167 -1.132
-0.400 0.106 -1.147
-0.352 0.124 -1.178
-0.279 0.161 -1.166
-0.461 0.203 -1.207
-0.441 0.435 -1.145
-0.412 0.340 -1.111
-0.355 0.327 -1.140
-0.385 0.397 -1.107
-0.336 0.482 -1.113
-0.343 0.430 -1.123
-0.387 0.467 -1.094
-0.389 0.598 -1.073
-0.246 0.200 -1.146
-0.448 0.197 -1.153
-0.112 0.414 -1.104
-0.137 0.362 -1.103
-0.402 0.222 -1.127
-0.353 0.254 -1.155
-0.274 0.514 -1.103
-0.271 0.460 -1.114
-0.346 0.540 -1.101
-0.302 0.227 -1.155
-0.243 0.629 -1.067
-0.326 0.574 -1.090
-0.230 0.338 -1.117
-0.321 0.362 -1.134
-0.281 0.389 -1.126
-0.233 0.404 -1.110
-0.292 0.301 -1.142
-0.219 0.574 -1.077
-0.281 0.587 -1.088
-0.186 0.419 -1.099
-0.252 0.281 -1.132
-0.392 0.711 -1.078
-0.404 0.642 -1.075
