-0.466 0.082 -1.352
-0.462 0.119 -1.338
-0.448 0.158 -1.335
-0.446 0.191 -1.325
-0.436 0.213 -1.321
-0.431 0.275 -1.303
-0.405 0.290 -1.298
-0.398 0.443 -1.254
-0.376 0.538 -1.228
-0.250 0.517 -1.253
-0.277 0.391 -1.282
-0.371 0.064 -1.372
-0.317 0.276 -1.334
-0.234 0.665 -1.263
-0.361 0.680 -1.173
-0.339 0.686 -1.187
-0.349 0.121 -1.374
-0.266 0.447 -1.259
-0.282 0.510 -1.230
-0.357 0.574 -1.219
-0.447 0.114 -1.347
-0.311 0.680 -1.186
-0.333 0.204 -1.361
-0.356 0.233 -1.337
-0.301 0.328 -1.310
-0.351 0.418 -1.251
-0.245 0.596 -1.262
-0.270 0.593 -1.227
-0.243 0.686 -1.219
-0.349 0.630 -1.203
-0.397 0.116 -1.346
-0.361 0.165 -1.355
-0.389 0.234 -1.314
-0.400 0.180 -1.327
-0.362 0.302 -1.305
-0.316 0.370 -1.282
-0.304 0.430 -1.254
-0.315 0.562 -1.213
-0.374 0.340 -1.283
-0.340 0.494 -1.229
-0.284 0.645 -1.200
-0.063 0.649 -1.129
-0.076 0.616 -1.138
-0.085 0.582 -1.138
-0.095 0.535 -1.143
-0.107 0.461 -1.141
-0.110 0.372 -1.169
-0.104 0.229 -1.167
-0.102 0.149 -1.186
-0.066 0.013 -1.227
-0.012 0.019 -1.257
-0.034 0.042 -1.239
-0.018 0.069 -1.254
-0.022 0.125 -1.256
-0.034 0.233 -1.250
-0.040 0.290 -1.250
-0.052 0.368 -1.238
-0.064 0.472 -1.236
-0.097 0.576 -1.193
-0.106 0.435 -1.178
-0.101 0.602 -1.179
-0.081 0.422 -1.215
-0.103 0.026 -1.211
-0.055 0.077 -1.231
-0.102 0.114 -1.193
-0.077 0.248 -1.223
-0.070 0.286 -1.228
-0.088 0.389 -1.210
-0.082 0.338 -1.215
-0.092 0.485 -1.202
-0.108 0.485 -1.159
-0.105 0.533 -1.172
-0.090 0.082 -1.217
-0.082 0.191 -1.218
-0.043 0.196 -1.238
-0.068 0.129 -1.228
-0.095 0.270 -1.184
-0.345 0.674 -1.110
-0.369 0.643 -1.110
-0.373 0.622 -1.119
-0.407 0.531 -1.149
-0.435 0.481 -1.175
-0.444 0.401 -1.188
-0.448 0.355 -1.194
-0.459 0.157 -1.202
-0.462 0.136 -1.219
-0.458 0.139 -1.334
-0.441 0.237 -1.314
-0.426 0.256 -1.310
-0.427 0.307 -1.294
-0.417 0.334 -1.288
-0.413 0.355 -1.282
-0.413 0.375 -1.276
-0.412 0.393 -1.271
-0.403 0.411 -1.264
-0.378 0.466 -1.245
-0.377 0.495 -1.238
-0.393 0.509 -1.231
-0.375 0.577 -1.212
-0.376 0.607 -1.190
-0.353 0.677 -1.138
-0.407 0.486 -1.220
-0.350 0.662 -1.126
-0.470 0.063 -1.250
-0.467 0.117 -1.258
-0.458 0.205 -1.282
-0.404 0.512 -1.174
-0.395 0.561 -1.176
-0.472 0.072 -1.286
-0.450 0.296 -1.253
-0.458 0.241 -1.224
-0.442 0.340 -1.252
-0.383 0.575 -1.145
-0.439 0.439 -1.192
-0.440 0.386 -1.228
-0.468 0.122 -1.307
-0.452 0.252 -1.277
-0.419 0.434 -1.242
-0.464 0.162 -1.275
-0.365 0.627 -1.146
-0.019 0.052 -1.280
-0.019 0.098 -1.257
-0.023 0.147 -1.253
-0.026 0.174 -1.254
-0.029 0.200 -1.254
-0.036 0.261 -1.250
-0.046 0.337 -1.243
-0.054 0.394 -1.245
-0.059 0.431 -1.240
-0.066 0.456 -1.228
-0.072 0.493 -1.224
-0.074 0.521 -1.223
-0.076 0.548 -1.223
-0.097 0.639 -1.182
-0.080 0.643 -1.156
-0.376 0.630 -1.179
-0.173 0.808 -1.168
-0.088 0.802 -1.179
-0.119 0.758 -1.211
-0.178 0.822 -1.147
-0.157 0.847 -1.116
-0.125 0.827 -1.134
-0.086 0.809 -1.142
-0.107 0.810 -1.171
-0.101 0.783 -1.195
-0.148 0.817 -1.156
-0.100 0.005 -1.325
-0.116 0.030 -1.330
-0.202 0.536 -1.293
-0.221 0.782 -1.182
-0.036 0.017 -1.297
-0.129 0.127 -1.328
-0.088 0.685 -1.183
-0.087 0.008 -1.319
-0.235 0.712 -1.246
-0.093 0.733 -1.217
-0.092 0.677 -1.228
-0.156 0.280 -1.314
-0.142 0.203 -1.321
-0.185 0.439 -1.304
-0.096 0.091 -1.312
-0.092 0.141 -1.304
-0.150 0.769 -1.208
-0.113 0.256 -1.296
-0.126 0.308 -1.295
-0.069 0.273 -1.280
-0.052 0.330 -1.261
-0.085 0.445 -1.264
-0.081 0.583 -1.218
-0.179 0.615 -1.269
-0.214 0.650 -1.278
-0.175 0.719 -1.243
-0.204 0.752 -1.213
-0.176 0.785 -1.185
-0.091 0.338 -1.280
-0.056 0.220 -1.282
-0.075 0.393 -1.267
-0.116 0.493 -1.267
-0.076 0.052 -1.308
-0.101 0.193 -1.300
-0.132 0.394 -1.286
-0.159 0.567 -1.266
-0.081 0.511 -1.251
-0.165 0.349 -1.307
-0.041 0.116 -1.288
-0.105 0.547 -1.256
-0.167 0.498 -1.281
-0.084 0.626 -1.217
-0.145 0.446 -1.282
-0.120 0.709 -1.232
-0.149 0.653 -1.250
-0.050 0.174 -1.285
-0.101 0.607 -1.247
-0.336 0.728 -1.200
-0.382 0.769 -1.138
-0.353 0.738 -1.187
-0.326 0.722 -1.207
-0.351 0.732 -1.166
-0.319 0.786 -1.159
-0.335 0.859 -1.096
-0.367 0.796 -1.089
-0.340 0.823 -1.128
-0.314 0.745 -1.167
-0.288 0.752 -1.139
-0.314 0.734 -1.179
-0.293 0.709 -1.177
-0.267 0.754 -1.041
-0.247 0.721 -1.047
-0.154 0.726 -1.053
-0.110 0.724 -1.062
-0.370 0.768 -1.057
-0.288 0.848 -1.131
-0.345 0.755 -1.055
-0.358 0.842 -1.062
-0.317 0.846 -1.112
-0.321 0.785 -1.046
-0.112 0.818 -1.125
-0.307 0.833 -1.059
-0.185 0.733 -1.049
-0.094 0.791 -1.086
-0.246 0.877 -1.074
-0.137 0.773 -1.054
-0.154 0.811 -1.061
-0.220 0.744 -1.045
-0.279 0.801 -1.041
-0.247 0.833 -1.056
-0.207 0.789 -1.049
-0.187 0.867 -1.073
-0.139 0.841 -1.111
-0.277 0.838 -1.085
-0.452 0.049 -1.152
-0.465 0.081 -1.213
-0.310 0.729 -1.054
-0.257 0.055 -1.169
-0.401 0.693 -1.072
-0.217 0.015 -1.179
-0.123 0.066 -1.185
-0.066 0.614 -1.104
-0.130 0.687 -1.061
-0.460 0.181 -1.235
-0.417 0.047 -1.133
-0.294 0.699 -1.056
-0.136 0.126 -1.163
-0.119 0.319 -1.150
-0.390 0.588 -1.125
-0.287 0.025 -1.171
-0.111 0.419 -1.137
-0.098 0.457 -1.100
-0.186 0.667 -1.058
-0.136 0.249 -1.122
-0.186 0.207 -1.121
-0.116 0.192 -1.158
-0.345 0.048 -1.177
-0.423 0.474 -1.099
-0.114 0.362 -1.122
-0.463 0.109 -1.212
-0.421 0.396 -1.101
-0.165 0.602 -1.069
-0.186 0.146 -1.137
-0.203 0.092 -1.152
-0.148 0.020 -1.189
-0.185 0.049 -1.170
-0.078 0.567 -1.092
-0.443 0.355 -1.139
-0.412 0.616 -1.107
-0.417 0.576 -1.092
-0.454 0.261 -1.176
-0.431 0.540 -1.131
-0.404 0.529 -1.082
-0.202 0.257 -1.111
-0.129 0.632 -1.072
-0.356 0.707 -1.061
-0.342 0.631 -1.075
-0.320 0.658 -1.067
-0.283 0.095 -1.168
-0.070 0.655 -1.082
-0.451 0.306 -1.181
-0.440 0.304 -1.132
-0.428 0.261 -1.116
-0.392 0.299 -1.110
-0.141 0.291 -1.107
-0.186 0.327 -1.099
-0.251 0.679 -1.054
-0.087 0.507 -1.101
-0.196 0.497 -1.082
-0.140 0.459 -1.082
-0.135 0.537 -1.074
-0.449 0.124 -1.144
-0.356 0.185 -1.152
-0.409 0.166 -1.120
-0.400 0.104 -1.133
-0.351 0.121 -1.164
-0.279 0.159 -1.151
-0.458 0.200 -1.196
-0.440 0.434 -1.140
-0.411 0.339 -1.103
-0.354 0.326 -1.130
-0.384 0.397 -1.099
-0.335 0.481 -1.107
-0.342 0.429 -1.115
-0.387 0.466 -1.088
-0.389 0.598 -1.070
-0.245 0.199 -1.133
-0.447 0.196 -1.142
-0.111 0.413 -1.096
-0.137 0.362 -1.093
-0.402 0.221 -1.116
-0.352 0.252 -1.143
-0.273 0.513 -1.096
-0.270 0.459 -1.106
-0.346 0.540 -1.096
-0.301 0.225 -1.142
-0.243 0.629 -1.063
-0.326 0.574 -1.086
-0.229 0.337 -1.106
-0.321 0.361 -1.125
-0.281 0.388 -1.117
-0.233 0.403 -1.100
-0.292 0.299 -1.130
-0.219 0.574 -1.071
-0.280 0.586 -1.084
-0.186 0.419 -1.090
-0.251 0.280 -1.120
-0.392 0.711 -1.078
-0.404 0.642 -1.074
