-0.459 0.075 -1.338
-0.455 0.113 -1.325
-0.441 0.151 -1.322
-0.439 0.185 -1.313
-0.430 0.207 -1.309
-0.425 0.270 -1.293
-0.399 0.285 -1.288
-0.395 0.439 -1.248
-0.374 0.535 -1.224
-0.249 0.517 -1.252
-0.273 0.389 -1.275
-0.363 0.057 -1.354
-0.310 0.270 -1.320
-0.234 0.665 -1.263
-0.361 0.678 -1.172
-0.338 0.684 -1.186
-0.341 0.114 -1.357
-0.263 0.446 -1.256
-0.280 0.509 -1.229
-0.355 0.572 -1.216
-0.440 0.107 -1.332
-0.311 0.679 -1.185
-0.325 0.197 -1.345
-0.349 0.227 -1.324
-0.294 0.322 -1.297
-0.347 0.415 -1.244
-0.245 0.596 -1.262
-0.269 0.593 -1.227
-0.243 0.686 -1.219
-0.348 0.628 -1.201
-0.389 0.109 -1.330
-0.353 0.159 -1.339
-0.383 0.228 -1.302
-0.393 0.174 -1.313
-0.356 0.297 -1.293
-0.311 0.366 -1.272
-0.301 0.428 -1.249
-0.314 0.561 -1.211
-0.369 0.336 -1.273
-0.337 0.492 -1.225
-0.283 0.645 -1.199
-0.063 0.648 -1.125
-0.077 0.615 -1.134
-0.086 0.581 -1.133
-0.096 0.534 -1.137
-0.108 0.460 -1.133
-0.112 0.370 -1.160
-0.105 0.228 -1.155
-0.103 0.147 -1.173
-0.067 0.010 -1.212
-0.014 0.016 -1.245
-0.035 0.039 -1.226
-0.020 0.066 -1.243
-0.024 0.122 -1.245
-0.037 0.231 -1.240
-0.043 0.287 -1.241
-0.054 0.366 -1.229
-0.066 0.469 -1.229
-0.099 0.574 -1.187
-0.107 0.433 -1.170
-0.102 0.600 -1.174
-0.083 0.420 -1.207
-0.104 0.024 -1.196
-0.057 0.075 -1.218
-0.103 0.112 -1.179
-0.079 0.246 -1.213
-0.072 0.283 -1.218
-0.090 0.386 -1.202
-0.085 0.336 -1.205
-0.094 0.483 -1.195
-0.109 0.484 -1.151
-0.106 0.532 -1.165
-0.091 0.079 -1.203
-0.084 0.189 -1.206
-0.045 0.193 -1.227
-0.069 0.126 -1.216
-0.097 0.268 -1.173
-0.345 0.674 -1.109
-0.368 0.643 -1.108
-0.372 0.621 -1.117
-0.405 0.530 -1.145
-0.433 0.479 -1.170
-0.442 0.398 -1.182
-0.445 0.352 -1.186
-0.457 0.154 -1.190
-0.459 0.133 -1.206
-0.451 0.132 -1.321
-0.435 0.231 -1.303
-0.420 0.250 -1.299
-0.421 0.301 -1.285
-0.412 0.329 -1.279
-0.408 0.350 -1.273
-0.408 0.371 -1.268
-0.407 0.388 -1.263
-0.399 0.407 -1.257
-0.375 0.463 -1.240
-0.374 0.492 -1.233
-0.391 0.506 -1.227
-0.374 0.575 -1.209
-0.375 0.605 -1.188
-0.352 0.677 -1.136
-0.404 0.483 -1.215
-0.350 0.661 -1.124
-0.467 0.059 -1.236
-0.463 0.113 -1.244
-0.453 0.200 -1.271
-0.402 0.510 -1.170
-0.394 0.560 -1.173
-0.467 0.068 -1.271
-0.445 0.292 -1.244
-0.455 0.237 -1.214
-0.438 0.336 -1.244
-0.382 0.574 -1.142
-0.436 0.437 -1.187
-0.436 0.382 -1.221
-0.462 0.116 -1.294
-0.447 0.247 -1.267
-0.415 0.431 -1.236
-0.459 0.157 -1.263
-0.364 0.625 -1.144
-0.022 0.049 -1.268
-0.021 0.095 -1.246
-0.026 0.144 -1.243
-0.029 0.171 -1.244
-0.032 0.198 -1.243
-0.039 0.258 -1.240
-0.049 0.335 -1.235
-0.057 0.391 -1.237
-0.062 0.428 -1.232
-0.069 0.454 -1.221
-0.074 0.491 -1.218
-0.076 0.518 -1.217
-0.078 0.546 -1.217
-0.099 0.637 -1.177
-0.081 0.642 -1.151
-0.375 0.628 -1.177
-0.173 0.809 -1.168
-0.088 0.802 -1.178
-0.119 0.757 -1.210
-0.178 0.823 -1.148
-0.157 0.847 -1.116
-0.125 0.827 -1.134
-0.086 0.809 -1.142
-0.107 0.810 -1.171
-0.101 0.783 -1.194
-0.148 0.817 -1.156
-0.105 0.001 -1.310
-0.121 0.026 -1.315
-0.203 0.533 -1.288
-0.221 0.782 -1.182
-0.039 0.014 -1.284
-0.134 0.123 -1.314
-0.089 0.683 -1.179
-0.091 0.004 -1.304
-0.235 0.712 -1.246
-0.093 0.731 -1.214
-0.093 0.674 -1.223
-0.160 0.276 -1.302
-0.147 0.199 -1.307
-0.189 0.436 -1.294
-0.100 0.087 -1.298
-0.097 0.138 -1.291
-0.150 0.768 -1.207
-0.117 0.253 -1.284
-0.130 0.305 -1.284
-0.072 0.270 -1.270
-0.055 0.327 -1.253
-0.088 0.442 -1.256
-0.083 0.581 -1.212
-0.180 0.613 -1.265
-0.214 0.649 -1.275
-0.175 0.718 -1.241
-0.204 0.752 -1.213
-0.176 0.785 -1.185
-0.095 0.335 -1.270
-0.060 0.217 -1.271
-0.079 0.390 -1.259
-0.119 0.490 -1.259
-0.081 0.048 -1.294
-0.105 0.189 -1.288
-0.136 0.391 -1.276
-0.161 0.565 -1.261
-0.084 0.508 -1.244
-0.169 0.345 -1.296
-0.044 0.112 -1.276
-0.107 0.544 -1.250
-0.170 0.496 -1.274
-0.086 0.624 -1.212
-0.148 0.443 -1.272
-0.120 0.707 -1.229
-0.150 0.651 -1.246
-0.053 0.170 -1.274
-0.102 0.604 -1.241
-0.336 0.728 -1.200
-0.382 0.769 -1.138
-0.353 0.738 -1.187
-0.326 0.722 -1.207
-0.351 0.730 -1.165
-0.320 0.786 -1.159
-0.335 0.859 -1.096
-0.367 0.795 -1.089
-0.340 0.823 -1.129
-0.314 0.744 -1.167
-0.288 0.752 -1.139
-0.314 0.734 -1.179
-0.293 0.708 -1.176
-0.267 0.754 -1.040
-0.247 0.721 -1.045
-0.154 0.726 -1.051
-0.110 0.724 -1.060
-0.370 0.768 -1.057
-0.288 0.848 -1.131
-0.345 0.754 -1.054
-0.358 0.842 -1.062
-0.317 0.846 -1.112
-0.321 0.785 -1.045
-0.112 0.818 -1.125
-0.307 0.833 -1.059
-0.185 0.734 -1.048
-0.094 0.791 -1.086
-0.246 0.877 -1.074
-0.138 0.774 -1.054
-0.154 0.812 -1.061
-0.220 0.744 -1.044
-0.279 0.801 -1.041
-0.247 0.833 -1.056
-0.207 0.789 -1.048
-0.187 0.867 -1.073
-0.139 0.841 -1.111
-0.277 0.838 -1.085
-0.452 0.047 -1.136
-0.462 0.078 -1.199
-0.310 0.729 -1.051
-0.256 0.053 -1.151
-0.401 0.693 -1.072
-0.217 0.013 -1.161
-0.123 0.064 -1.170
-0.066 0.613 -1.100
-0.130 0.687 -1.058
-0.457 0.177 -1.223
-0.418 0.046 -1.117
-0.295 0.699 -1.052
-0.136 0.124 -1.149
-0.120 0.317 -1.140
-0.389 0.588 -1.123
-0.286 0.022 -1.153
-0.112 0.418 -1.129
-0.098 0.457 -1.093
-0.186 0.667 -1.055
-0.136 0.248 -1.110
-0.185 0.206 -1.108
-0.116 0.190 -1.145
-0.345 0.046 -1.159
-0.423 0.474 -1.094
-0.114 0.361 -1.112
-0.461 0.106 -1.198
-0.421 0.396 -1.094
-0.165 0.602 -1.064
-0.186 0.145 -1.122
-0.203 0.090 -1.136
-0.148 0.017 -1.172
-0.184 0.047 -1.153
-0.078 0.567 -1.086
-0.442 0.354 -1.131
-0.412 0.615 -1.106
-0.417 0.576 -1.089
-0.452 0.258 -1.166
-0.429 0.539 -1.127
-0.404 0.529 -1.078
-0.201 0.256 -1.098
-0.129 0.632 -1.067
-0.356 0.707 -1.060
-0.342 0.631 -1.073
-0.320 0.658 -1.065
-0.283 0.093 -1.151
-0.070 0.655 -1.078
-0.449 0.304 -1.172
-0.440 0.302 -1.122
-0.428 0.260 -1.106
-0.393 0.298 -1.099
-0.141 0.291 -1.096
-0.186 0.327 -1.087
-0.251 0.679 -1.051
-0.087 0.506 -1.095
-0.196 0.496 -1.074
-0.140 0.459 -1.074
-0.135 0.537 -1.068
-0.449 0.123 -1.130
-0.356 0.184 -1.137
-0.409 0.165 -1.106
-0.401 0.103 -1.117
-0.351 0.119 -1.148
-0.278 0.157 -1.136
-0.456 0.198 -1.185
-0.438 0.433 -1.134
-0.412 0.339 -1.093
-0.354 0.324 -1.119
-0.384 0.396 -1.091
-0.335 0.481 -1.100
-0.342 0.428 -1.107
-0.387 0.466 -1.082
-0.389 0.598 -1.067
-0.245 0.198 -1.118
-0.447 0.194 -1.130
-0.111 0.413 -1.087
-0.136 0.361 -1.083
-0.402 0.220 -1.103
-0.352 0.251 -1.130
-0.273 0.513 -1.089
-0.270 0.458 -1.098
-0.345 0.539 -1.091
-0.301 0.223 -1.128
-0.243 0.629 -1.059
-0.325 0.573 -1.082
-0.229 0.336 -1.095
-0.320 0.359 -1.114
-0.281 0.387 -1.107
-0.232 0.402 -1.091
-0.291 0.298 -1.119
-0.218 0.574 -1.065
-0.280 0.586 -1.079
-0.186 0.418 -1.081
-0.251 0.279 -1.108
-0.392 0.711 -1.078
-0.404 0.642 -1.073
