-0.494 0.055 -0.198
-0.492 0.095 -0.197
-0.487 0.133 -0.211
-0.488 0.168 -0.212
-0.483 0.191 -0.219
-0.485 0.256 -0.224
-0.465 0.273 -0.239
-0.481 0.432 -0.245
-0.471 0.533 -0.257
-0.437 0.513 -0.381
-0.417 0.381 -0.351
-0.418 0.038 -0.257
-0.414 0.253 -0.317
-0.443 0.664 -0.414
-0.438 0.684 -0.256
-0.446 0.688 -0.282
-0.414 0.092 -0.285
-0.424 0.442 -0.361
-0.430 0.510 -0.342
-0.463 0.572 -0.273
-0.482 0.088 -0.210
-0.435 0.683 -0.308
-0.417 0.175 -0.307
-0.432 0.209 -0.283
-0.414 0.311 -0.330
-0.443 0.414 -0.278
-0.453 0.593 -0.397
-0.438 0.593 -0.357
-0.440 0.686 -0.380
-0.457 0.630 -0.275
-0.439 0.093 -0.236
-0.426 0.140 -0.275
-0.445 0.216 -0.246
-0.447 0.160 -0.235
-0.438 0.285 -0.272
-0.424 0.360 -0.313
-0.428 0.426 -0.322
-0.438 0.564 -0.307
-0.447 0.328 -0.259
-0.444 0.493 -0.287
-0.432 0.648 -0.335
-0.044 0.697 -0.154
-0.050 0.661 -0.161
-0.058 0.627 -0.157
-0.065 0.579 -0.154
-0.079 0.507 -0.138
-0.071 0.412 -0.138
-0.072 0.275 -0.095
-0.067 0.193 -0.090
-0.026 0.052 -0.080
0.035 0.053 -0.092
0.009 0.078 -0.088
0.031 0.102 -0.102
0.031 0.156 -0.117
0.025 0.262 -0.139
0.024 0.318 -0.152
0.013 0.396 -0.164
0.010 0.498 -0.190
-0.035 0.607 -0.204
-0.060 0.471 -0.161
-0.045 0.635 -0.203
-0.020 0.452 -0.173
-0.066 0.067 -0.081
-0.012 0.113 -0.098
-0.067 0.157 -0.088
-0.025 0.281 -0.140
-0.014 0.317 -0.149
-0.030 0.420 -0.166
-0.027 0.370 -0.155
-0.032 0.516 -0.185
-0.070 0.525 -0.160
-0.057 0.569 -0.181
-0.050 0.120 -0.098
-0.036 0.226 -0.124
0.009 0.228 -0.125
-0.022 0.164 -0.112
-0.056 0.311 -0.117
-0.378 0.688 -0.228
-0.394 0.660 -0.205
-0.400 0.637 -0.204
-0.433 0.545 -0.182
-0.463 0.490 -0.171
-0.464 0.410 -0.156
-0.463 0.365 -0.145
-0.450 0.175 -0.089
-0.454 0.149 -0.097
-0.491 0.115 -0.201
-0.489 0.215 -0.217
-0.479 0.236 -0.227
-0.485 0.288 -0.226
-0.482 0.317 -0.234
-0.481 0.339 -0.237
-0.483 0.360 -0.237
-0.484 0.378 -0.237
-0.480 0.398 -0.242
-0.468 0.459 -0.258
-0.471 0.489 -0.259
-0.478 0.503 -0.243
-0.467 0.576 -0.253
-0.456 0.610 -0.243
-0.404 0.687 -0.241
-0.473 0.483 -0.223
-0.393 0.673 -0.233
-0.459 0.070 -0.101
-0.466 0.118 -0.125
-0.483 0.194 -0.174
-0.445 0.520 -0.198
-0.449 0.567 -0.214
-0.473 0.067 -0.135
-0.481 0.290 -0.178
-0.467 0.247 -0.134
-0.483 0.332 -0.192
-0.420 0.587 -0.206
-0.469 0.446 -0.172
-0.478 0.383 -0.186
-0.486 0.107 -0.169
-0.485 0.240 -0.185
-0.483 0.426 -0.220
-0.478 0.156 -0.154
-0.414 0.635 -0.229
0.040 0.080 -0.122
0.033 0.129 -0.111
0.030 0.178 -0.119
0.029 0.203 -0.127
0.028 0.230 -0.133
0.024 0.289 -0.145
0.019 0.365 -0.159
0.018 0.420 -0.175
0.013 0.457 -0.182
0.002 0.484 -0.183
-0.001 0.521 -0.191
-0.002 0.548 -0.198
-0.001 0.575 -0.205
-0.040 0.670 -0.212
-0.043 0.683 -0.183
-0.447 0.634 -0.240
-0.107 0.805 -0.312
-0.049 0.832 -0.256
-0.032 0.777 -0.282
-0.132 0.815 -0.305
-0.157 0.846 -0.266
-0.110 0.839 -0.258
-0.072 0.844 -0.238
-0.067 0.831 -0.267
-0.038 0.810 -0.269
-0.106 0.820 -0.287
-0.016 0.022 -0.188
-0.025 0.045 -0.206
-0.011 0.539 -0.347
-0.103 0.774 -0.364
0.029 0.042 -0.137
-0.027 0.139 -0.232
-0.032 0.716 -0.219
-0.007 0.026 -0.177
-0.025 0.712 -0.395
-0.013 0.758 -0.255
-0.000 0.701 -0.247
-0.028 0.290 -0.272
-0.026 0.214 -0.252
-0.022 0.445 -0.320
-0.010 0.109 -0.194
-0.005 0.160 -0.196
-0.050 0.779 -0.309
-0.010 0.273 -0.226
-0.014 0.323 -0.244
0.016 0.294 -0.190
0.024 0.354 -0.176
0.012 0.465 -0.219
-0.006 0.610 -0.212
-0.005 0.622 -0.330
0.003 0.651 -0.371
-0.018 0.727 -0.337
-0.060 0.752 -0.358
-0.084 0.788 -0.324
0.005 0.357 -0.216
0.023 0.242 -0.175
0.015 0.414 -0.206
-0.000 0.509 -0.253
0.001 0.072 -0.173
-0.007 0.210 -0.210
-0.012 0.409 -0.259
-0.008 0.579 -0.303
0.013 0.532 -0.220
-0.027 0.358 -0.288
0.029 0.140 -0.151
0.006 0.566 -0.248
-0.013 0.508 -0.304
-0.006 0.653 -0.223
-0.014 0.459 -0.276
-0.010 0.727 -0.280
-0.006 0.666 -0.302
0.025 0.196 -0.164
0.006 0.627 -0.250
-0.356 0.721 -0.396
-0.308 0.768 -0.361
-0.340 0.732 -0.390
-0.366 0.715 -0.399
-0.431 0.735 -0.267
-0.413 0.785 -0.298
-0.346 0.839 -0.262
-0.335 0.799 -0.322
-0.379 0.817 -0.293
-0.424 0.747 -0.305
-0.405 0.757 -0.338
-0.377 0.732 -0.373
-0.426 0.712 -0.325
-0.277 0.793 -0.162
-0.254 0.762 -0.157
-0.162 0.774 -0.151
-0.117 0.776 -0.150
-0.377 0.793 -0.184
-0.287 0.848 -0.282
-0.352 0.782 -0.179
-0.369 0.847 -0.224
-0.316 0.840 -0.278
-0.330 0.815 -0.181
-0.104 0.839 -0.241
-0.317 0.847 -0.218
-0.194 0.779 -0.156
-0.100 0.836 -0.190
-0.248 0.888 -0.249
-0.149 0.819 -0.169
-0.166 0.844 -0.198
-0.230 0.786 -0.160
-0.289 0.834 -0.184
-0.257 0.862 -0.208
-0.219 0.827 -0.181
-0.196 0.879 -0.243
-0.140 0.848 -0.252
-0.283 0.852 -0.240
-0.421 0.091 -0.009
-0.448 0.100 -0.074
-0.317 0.763 -0.166
-0.222 0.100 -0.039
-0.406 0.720 -0.172
-0.180 0.061 -0.043
-0.089 0.112 -0.072
-0.059 0.667 -0.127
-0.137 0.738 -0.140
-0.466 0.187 -0.124
-0.383 0.096 0.003
-0.300 0.735 -0.158
-0.105 0.175 -0.068
-0.089 0.365 -0.109
-0.412 0.604 -0.190
-0.250 0.067 -0.033
-0.084 0.466 -0.125
-0.087 0.514 -0.098
-0.191 0.714 -0.142
-0.113 0.305 -0.066
-0.160 0.262 -0.054
-0.087 0.241 -0.080
-0.310 0.085 -0.037
-0.417 0.508 -0.111
-0.093 0.415 -0.095
-0.450 0.127 -0.082
-0.409 0.434 -0.088
-0.165 0.652 -0.128
-0.157 0.199 -0.051
-0.171 0.143 -0.047
-0.113 0.065 -0.062
-0.151 0.097 -0.052
-0.075 0.623 -0.110
-0.437 0.383 -0.100
-0.424 0.637 -0.171
-0.418 0.605 -0.142
-0.448 0.282 -0.100
-0.443 0.560 -0.156
-0.398 0.565 -0.121
-0.179 0.311 -0.061
-0.132 0.685 -0.125
-0.361 0.736 -0.173
-0.343 0.662 -0.161
-0.323 0.691 -0.161
-0.252 0.137 -0.042
-0.074 0.712 -0.119
-0.454 0.323 -0.119
-0.426 0.337 -0.079
-0.407 0.302 -0.054
-0.374 0.340 -0.066
-0.121 0.349 -0.066
-0.169 0.382 -0.073
-0.256 0.721 -0.149
-0.078 0.562 -0.107
-0.189 0.545 -0.113
-0.133 0.516 -0.092
-0.133 0.591 -0.107
-0.421 0.164 -0.028
-0.331 0.222 -0.065
-0.381 0.213 -0.027
-0.370 0.151 -0.017
-0.321 0.158 -0.053
-0.252 0.203 -0.050
-0.453 0.218 -0.097
-0.443 0.457 -0.127
-0.395 0.380 -0.071
-0.337 0.360 -0.094
-0.372 0.436 -0.091
-0.327 0.514 -0.130
-0.331 0.462 -0.119
-0.378 0.504 -0.107
-0.387 0.632 -0.140
-0.220 0.248 -0.057
-0.425 0.232 -0.051
-0.100 0.471 -0.085
-0.123 0.420 -0.073
-0.378 0.266 -0.043
-0.331 0.287 -0.080
-0.270 0.553 -0.119
-0.263 0.500 -0.107
-0.341 0.571 -0.142
-0.279 0.267 -0.063
-0.244 0.672 -0.140
-0.322 0.606 -0.148
-0.213 0.386 -0.082
-0.306 0.397 -0.100
-0.270 0.429 -0.094
-0.221 0.450 -0.096
-0.275 0.341 -0.076
-0.217 0.619 -0.130
-0.281 0.624 -0.135
-0.175 0.470 -0.095
-0.231 0.327 -0.070
-0.401 0.736 -0.186
-0.405 0.672 -0.154
