-0.451 0.068 -1.322
-0.448 0.106 -1.310
-0.435 0.145 -1.307
-0.433 0.179 -1.299
-0.423 0.201 -1.296
-0.419 0.265 -1.282
-0.394 0.280 -1.277
-0.392 0.435 -1.242
-0.373 0.532 -1.220
-0.248 0.516 -1.252
-0.269 0.386 -1.268
-0.355 0.050 -1.334
-0.304 0.264 -1.307
-0.234 0.665 -1.263
-0.361 0.677 -1.170
-0.338 0.683 -1.185
-0.333 0.107 -1.338
-0.261 0.444 -1.253
-0.278 0.508 -1.227
-0.354 0.570 -1.213
-0.433 0.100 -1.317
-0.310 0.678 -1.184
-0.318 0.190 -1.329
-0.343 0.221 -1.309
-0.289 0.318 -1.286
-0.343 0.412 -1.237
-0.245 0.595 -1.262
-0.269 0.593 -1.226
-0.243 0.685 -1.219
-0.348 0.626 -1.199
-0.382 0.103 -1.313
-0.346 0.152 -1.322
-0.377 0.223 -1.288
-0.387 0.168 -1.298
-0.351 0.292 -1.282
-0.306 0.363 -1.263
-0.298 0.426 -1.244
-0.312 0.560 -1.209
-0.364 0.332 -1.263
-0.334 0.490 -1.221
-0.283 0.644 -1.199
-0.064 0.647 -1.121
-0.078 0.614 -1.129
-0.087 0.580 -1.127
-0.098 0.533 -1.131
-0.109 0.459 -1.125
-0.113 0.369 -1.151
-0.106 0.226 -1.144
-0.104 0.146 -1.160
-0.069 0.008 -1.199
-0.018 0.014 -1.233
-0.039 0.037 -1.214
-0.024 0.064 -1.231
-0.029 0.120 -1.234
-0.041 0.228 -1.231
-0.047 0.285 -1.232
-0.058 0.363 -1.221
-0.070 0.467 -1.222
-0.101 0.573 -1.182
-0.109 0.431 -1.161
-0.104 0.599 -1.168
-0.086 0.417 -1.199
-0.105 0.022 -1.181
-0.060 0.072 -1.206
-0.105 0.110 -1.166
-0.082 0.244 -1.202
-0.075 0.281 -1.208
-0.093 0.384 -1.193
-0.087 0.334 -1.196
-0.097 0.481 -1.188
-0.111 0.482 -1.144
-0.108 0.530 -1.158
-0.094 0.077 -1.189
-0.087 0.187 -1.194
-0.049 0.190 -1.217
-0.072 0.124 -1.204
-0.099 0.267 -1.162
-0.344 0.673 -1.107
-0.368 0.642 -1.106
-0.371 0.621 -1.115
-0.404 0.529 -1.141
-0.431 0.477 -1.165
-0.439 0.396 -1.175
-0.443 0.349 -1.178
-0.455 0.152 -1.176
-0.457 0.130 -1.192
-0.444 0.126 -1.307
-0.429 0.226 -1.291
-0.414 0.245 -1.287
-0.416 0.296 -1.274
-0.407 0.324 -1.270
-0.403 0.346 -1.264
-0.404 0.366 -1.260
-0.403 0.384 -1.255
-0.395 0.403 -1.250
-0.372 0.460 -1.234
-0.372 0.490 -1.229
-0.389 0.503 -1.222
-0.373 0.573 -1.206
-0.374 0.604 -1.185
-0.352 0.676 -1.135
-0.401 0.480 -1.210
-0.349 0.661 -1.123
-0.463 0.055 -1.220
-0.459 0.108 -1.230
-0.448 0.195 -1.259
-0.400 0.508 -1.166
-0.392 0.558 -1.170
-0.462 0.063 -1.256
-0.441 0.287 -1.234
-0.452 0.234 -1.203
-0.434 0.331 -1.235
-0.381 0.573 -1.139
-0.434 0.434 -1.181
-0.432 0.378 -1.213
-0.456 0.111 -1.279
-0.442 0.242 -1.256
-0.412 0.427 -1.230
-0.454 0.153 -1.250
-0.364 0.624 -1.142
-0.027 0.046 -1.257
-0.025 0.092 -1.235
-0.030 0.142 -1.232
-0.033 0.168 -1.234
-0.036 0.195 -1.234
-0.043 0.255 -1.231
-0.052 0.332 -1.227
-0.060 0.389 -1.229
-0.065 0.425 -1.225
-0.072 0.451 -1.214
-0.077 0.488 -1.211
-0.079 0.516 -1.211
-0.080 0.543 -1.211
-0.100 0.635 -1.172
-0.082 0.641 -1.147
-0.374 0.626 -1.175
-0.173 0.808 -1.168
-0.088 0.798 -1.175
-0.119 0.754 -1.208
-0.178 0.823 -1.148
-0.157 0.847 -1.116
-0.125 0.824 -1.132
-0.086 0.806 -1.138
-0.106 0.807 -1.168
-0.100 0.780 -1.191
-0.148 0.815 -1.155
-0.111 -0.003 -1.294
-0.128 0.022 -1.299
-0.206 0.531 -1.282
-0.221 0.783 -1.183
-0.045 0.011 -1.271
-0.141 0.119 -1.299
-0.090 0.681 -1.176
-0.097 0.000 -1.289
-0.235 0.712 -1.246
-0.093 0.728 -1.211
-0.094 0.672 -1.220
-0.166 0.273 -1.290
-0.153 0.195 -1.294
-0.193 0.433 -1.285
-0.106 0.084 -1.285
-0.102 0.134 -1.278
-0.150 0.766 -1.206
-0.122 0.250 -1.273
-0.135 0.302 -1.273
-0.077 0.267 -1.260
-0.059 0.324 -1.244
-0.092 0.439 -1.249
-0.085 0.578 -1.207
-0.182 0.611 -1.260
-0.215 0.647 -1.273
-0.175 0.716 -1.240
-0.204 0.752 -1.213
-0.175 0.784 -1.185
-0.100 0.332 -1.261
-0.065 0.214 -1.261
-0.083 0.387 -1.251
-0.122 0.487 -1.252
-0.087 0.045 -1.281
-0.111 0.186 -1.276
-0.141 0.388 -1.266
-0.163 0.563 -1.256
-0.087 0.505 -1.238
-0.174 0.342 -1.285
-0.050 0.109 -1.264
-0.110 0.542 -1.244
-0.173 0.493 -1.267
-0.088 0.621 -1.207
-0.152 0.440 -1.264
-0.121 0.704 -1.227
-0.151 0.649 -1.243
-0.058 0.167 -1.263
-0.105 0.601 -1.236
-0.336 0.728 -1.200
-0.382 0.769 -1.138
-0.353 0.738 -1.187
-0.326 0.722 -1.207
-0.351 0.729 -1.164
-0.320 0.785 -1.159
-0.335 0.859 -1.097
-0.367 0.795 -1.089
-0.340 0.823 -1.129
-0.314 0.743 -1.166
-0.288 0.751 -1.139
-0.314 0.734 -1.179
-0.293 0.708 -1.176
-0.268 0.755 -1.037
-0.247 0.721 -1.042
-0.154 0.726 -1.047
-0.111 0.724 -1.055
-0.369 0.768 -1.058
-0.288 0.848 -1.131
-0.345 0.755 -1.055
-0.358 0.842 -1.063
-0.317 0.846 -1.112
-0.321 0.785 -1.045
-0.113 0.816 -1.122
-0.307 0.834 -1.059
-0.185 0.734 -1.044
-0.095 0.790 -1.082
-0.246 0.877 -1.074
-0.139 0.774 -1.050
-0.155 0.811 -1.059
-0.221 0.745 -1.041
-0.280 0.802 -1.040
-0.247 0.833 -1.056
-0.208 0.789 -1.046
-0.187 0.867 -1.072
-0.140 0.839 -1.110
-0.277 0.838 -1.085
-0.453 0.046 -1.120
-0.460 0.075 -1.183
-0.310 0.729 -1.049
-0.257 0.051 -1.133
-0.401 0.693 -1.072
-0.218 0.011 -1.143
-0.124 0.062 -1.155
-0.067 0.612 -1.095
-0.131 0.687 -1.053
-0.454 0.174 -1.210
-0.419 0.046 -1.099
-0.295 0.699 -1.049
-0.137 0.123 -1.135
-0.121 0.316 -1.130
-0.388 0.587 -1.120
-0.287 0.020 -1.134
-0.113 0.417 -1.120
-0.098 0.457 -1.085
-0.187 0.667 -1.050
-0.137 0.247 -1.098
-0.186 0.205 -1.094
-0.117 0.189 -1.133
-0.346 0.044 -1.140
-0.423 0.474 -1.089
-0.115 0.361 -1.103
-0.459 0.104 -1.183
-0.421 0.396 -1.087
-0.165 0.602 -1.058
-0.186 0.144 -1.107
-0.203 0.089 -1.119
-0.149 0.015 -1.155
-0.185 0.045 -1.136
-0.079 0.566 -1.081
-0.442 0.353 -1.123
-0.411 0.615 -1.104
-0.417 0.576 -1.086
-0.450 0.257 -1.155
-0.428 0.538 -1.124
-0.404 0.529 -1.073
-0.201 0.255 -1.085
-0.129 0.632 -1.062
-0.356 0.707 -1.060
-0.342 0.631 -1.070
-0.320 0.658 -1.063
-0.284 0.091 -1.133
-0.071 0.655 -1.074
-0.447 0.302 -1.163
-0.440 0.302 -1.113
-0.429 0.260 -1.094
-0.393 0.298 -1.088
-0.141 0.290 -1.085
-0.186 0.326 -1.076
-0.252 0.680 -1.047
-0.088 0.506 -1.088
-0.196 0.496 -1.066
-0.140 0.459 -1.066
-0.135 0.537 -1.061
-0.449 0.122 -1.115
-0.356 0.182 -1.122
-0.410 0.165 -1.092
-0.402 0.103 -1.101
-0.351 0.118 -1.131
-0.279 0.156 -1.120
-0.454 0.195 -1.173
-0.437 0.432 -1.128
-0.412 0.339 -1.084
-0.354 0.323 -1.108
-0.385 0.396 -1.082
-0.335 0.480 -1.093
-0.342 0.427 -1.099
-0.387 0.466 -1.076
-0.389 0.598 -1.065
-0.245 0.196 -1.103
-0.447 0.193 -1.118
-0.111 0.413 -1.078
-0.137 0.361 -1.073
-0.403 0.220 -1.090
-0.352 0.249 -1.117
-0.273 0.512 -1.083
-0.270 0.457 -1.090
-0.345 0.539 -1.086
-0.301 0.222 -1.114
-0.243 0.629 -1.054
-0.325 0.573 -1.078
-0.229 0.336 -1.083
-0.320 0.358 -1.104
-0.281 0.386 -1.097
-0.233 0.402 -1.081
-0.292 0.297 -1.106
-0.219 0.574 -1.059
-0.280 0.586 -1.074
-0.186 0.418 -1.072
-0.251 0.278 -1.095
-0.392 0.711 -1.078
-0.404 0.642 -1.071
