-0.444 0.062 -1.305
-0.441 0.100 -1.294
-0.428 0.139 -1.293
-0.427 0.174 -1.285
-0.417 0.196 -1.283
-0.414 0.259 -1.270
-0.389 0.275 -1.264
-0.389 0.432 -1.235
-0.371 0.530 -1.216
-0.247 0.516 -1.253
-0.266 0.384 -1.263
-0.348 0.044 -1.314
-0.298 0.259 -1.292
-0.234 0.665 -1.263
-0.360 0.676 -1.169
-0.338 0.682 -1.184
-0.326 0.100 -1.319
-0.259 0.444 -1.252
-0.277 0.508 -1.227
-0.353 0.568 -1.210
-0.426 0.094 -1.301
-0.310 0.677 -1.184
-0.311 0.184 -1.311
-0.336 0.215 -1.293
-0.285 0.314 -1.276
-0.340 0.410 -1.232
-0.246 0.595 -1.263
-0.269 0.592 -1.227
-0.243 0.685 -1.219
-0.348 0.625 -1.197
-0.375 0.097 -1.295
-0.339 0.146 -1.304
-0.371 0.217 -1.273
-0.381 0.162 -1.282
-0.345 0.287 -1.266
-0.303 0.360 -1.255
-0.295 0.425 -1.241
-0.311 0.559 -1.208
-0.360 0.327 -1.250
-0.332 0.488 -1.218
-0.283 0.644 -1.199
-0.065 0.646 -1.117
-0.079 0.613 -1.124
-0.088 0.579 -1.122
-0.099 0.532 -1.124
-0.111 0.458 -1.117
-0.116 0.367 -1.141
-0.108 0.225 -1.132
-0.107 0.144 -1.147
-0.073 0.006 -1.185
-0.024 0.011 -1.223
-0.043 0.034 -1.202
-0.030 0.061 -1.221
-0.034 0.117 -1.224
-0.046 0.225 -1.222
-0.052 0.282 -1.224
-0.062 0.360 -1.214
-0.073 0.464 -1.216
-0.103 0.571 -1.176
-0.111 0.430 -1.153
-0.106 0.597 -1.163
-0.090 0.415 -1.191
-0.108 0.020 -1.165
-0.064 0.070 -1.193
-0.107 0.109 -1.153
-0.086 0.241 -1.192
-0.080 0.278 -1.199
-0.096 0.382 -1.185
-0.091 0.332 -1.187
-0.100 0.479 -1.181
-0.113 0.481 -1.137
-0.110 0.529 -1.152
-0.097 0.075 -1.176
-0.091 0.185 -1.183
-0.053 0.188 -1.207
-0.077 0.122 -1.192
-0.101 0.265 -1.152
-0.344 0.673 -1.105
-0.367 0.642 -1.104
-0.371 0.620 -1.112
-0.402 0.527 -1.137
-0.429 0.475 -1.160
-0.437 0.393 -1.168
-0.441 0.347 -1.170
-0.453 0.149 -1.162
-0.455 0.127 -1.178
-0.438 0.120 -1.292
-0.423 0.220 -1.278
-0.408 0.239 -1.274
-0.411 0.291 -1.264
-0.402 0.320 -1.259
-0.399 0.341 -1.255
-0.399 0.362 -1.251
-0.399 0.380 -1.247
-0.392 0.399 -1.242
-0.370 0.457 -1.229
-0.370 0.487 -1.224
-0.387 0.500 -1.218
-0.372 0.571 -1.203
-0.373 0.602 -1.183
-0.352 0.675 -1.133
-0.399 0.477 -1.205
-0.349 0.660 -1.121
-0.460 0.052 -1.204
-0.456 0.105 -1.215
-0.443 0.190 -1.246
-0.399 0.507 -1.161
-0.391 0.556 -1.166
-0.458 0.058 -1.240
-0.438 0.284 -1.224
-0.449 0.231 -1.191
-0.430 0.328 -1.226
-0.380 0.572 -1.136
-0.432 0.432 -1.174
-0.429 0.375 -1.205
-0.451 0.106 -1.264
-0.437 0.238 -1.244
-0.409 0.423 -1.223
-0.450 0.148 -1.236
-0.363 0.623 -1.139
-0.034 0.043 -1.246
-0.031 0.090 -1.225
-0.036 0.139 -1.223
-0.039 0.165 -1.224
-0.042 0.192 -1.224
-0.048 0.253 -1.222
-0.057 0.329 -1.219
-0.064 0.386 -1.222
-0.069 0.423 -1.218
-0.075 0.449 -1.207
-0.080 0.486 -1.204
-0.082 0.513 -1.204
-0.083 0.541 -1.205
-0.102 0.634 -1.168
-0.083 0.639 -1.142
-0.373 0.625 -1.172
-0.173 0.808 -1.168
-0.088 0.797 -1.174
-0.119 0.753 -1.206
-0.178 0.823 -1.148
-0.157 0.847 -1.116
-0.125 0.824 -1.132
-0.086 0.806 -1.138
-0.106 0.806 -1.168
-0.100 0.778 -1.190
-0.148 0.815 -1.155
-0.119 -0.006 -1.279
-0.136 0.019 -1.284
-0.209 0.529 -1.276
-0.221 0.784 -1.184
-0.053 0.008 -1.259
-0.149 0.116 -1.285
-0.091 0.679 -1.172
-0.106 -0.003 -1.274
-0.235 0.712 -1.246
-0.094 0.726 -1.208
-0.095 0.669 -1.216
-0.173 0.270 -1.278
-0.160 0.192 -1.281
-0.198 0.431 -1.276
-0.114 0.081 -1.271
-0.110 0.131 -1.265
-0.150 0.765 -1.205
-0.129 0.247 -1.262
-0.141 0.299 -1.263
-0.083 0.264 -1.250
-0.064 0.321 -1.236
-0.096 0.436 -1.241
-0.087 0.576 -1.202
-0.183 0.609 -1.256
-0.216 0.646 -1.270
-0.175 0.715 -1.238
-0.204 0.752 -1.213
-0.175 0.784 -1.185
-0.105 0.329 -1.251
-0.071 0.211 -1.251
-0.088 0.384 -1.243
-0.126 0.485 -1.245
-0.094 0.042 -1.267
-0.118 0.183 -1.264
-0.146 0.386 -1.257
-0.166 0.561 -1.250
-0.090 0.502 -1.231
-0.180 0.339 -1.275
-0.057 0.106 -1.253
-0.113 0.539 -1.238
-0.177 0.491 -1.260
-0.090 0.619 -1.203
-0.157 0.438 -1.256
-0.121 0.702 -1.224
-0.152 0.647 -1.239
-0.065 0.164 -1.252
-0.107 0.599 -1.231
-0.336 0.728 -1.200
-0.383 0.769 -1.138
-0.353 0.738 -1.187
-0.326 0.722 -1.207
-0.351 0.728 -1.163
-0.320 0.784 -1.159
-0.335 0.859 -1.097
-0.367 0.795 -1.089
-0.340 0.823 -1.129
-0.315 0.743 -1.166
-0.288 0.751 -1.139
-0.314 0.734 -1.179
-0.293 0.707 -1.175
-0.268 0.755 -1.035
-0.248 0.722 -1.039
-0.155 0.727 -1.045
-0.111 0.725 -1.054
-0.369 0.768 -1.057
-0.288 0.847 -1.131
-0.345 0.755 -1.054
-0.358 0.842 -1.063
-0.317 0.846 -1.113
-0.322 0.785 -1.045
-0.113 0.816 -1.122
-0.308 0.834 -1.059
-0.186 0.734 -1.042
-0.095 0.790 -1.082
-0.246 0.877 -1.074
-0.139 0.774 -1.049
-0.155 0.812 -1.059
-0.221 0.745 -1.039
-0.280 0.802 -1.040
-0.247 0.833 -1.056
-0.208 0.790 -1.045
-0.187 0.867 -1.073
-0.140 0.839 -1.110
-0.277 0.838 -1.085
-0.454 0.046 -1.103
-0.459 0.073 -1.168
-0.310 0.730 -1.047
-0.258 0.050 -1.114
-0.401 0.694 -1.071
-0.219 0.009 -1.124
-0.126 0.061 -1.140
-0.068 0.612 -1.090
-0.131 0.687 -1.050
-0.451 0.171 -1.197
-0.421 0.046 -1.081
-0.295 0.699 -1.047
-0.139 0.121 -1.121
-0.123 0.315 -1.119
-0.387 0.586 -1.117
-0.288 0.019 -1.114
-0.114 0.416 -1.112
-0.099 0.456 -1.078
-0.187 0.667 -1.046
-0.137 0.247 -1.086
-0.186 0.205 -1.080
-0.119 0.188 -1.120
-0.347 0.042 -1.121
-0.423 0.474 -1.083
-0.116 0.360 -1.093
-0.457 0.101 -1.168
-0.422 0.396 -1.079
-0.166 0.602 -1.053
-0.187 0.143 -1.092
-0.204 0.088 -1.103
-0.151 0.014 -1.138
-0.186 0.044 -1.119
-0.079 0.566 -1.075
-0.441 0.352 -1.114
-0.411 0.614 -1.102
-0.417 0.576 -1.084
-0.449 0.255 -1.144
-0.427 0.537 -1.120
-0.405 0.530 -1.069
-0.202 0.255 -1.072
-0.130 0.632 -1.057
-0.356 0.707 -1.060
-0.342 0.631 -1.068
-0.320 0.659 -1.060
-0.285 0.090 -1.115
-0.071 0.655 -1.070
-0.446 0.300 -1.153
-0.440 0.301 -1.103
-0.430 0.260 -1.083
-0.394 0.298 -1.077
-0.142 0.290 -1.073
-0.187 0.326 -1.065
-0.252 0.680 -1.044
-0.088 0.505 -1.082
-0.196 0.496 -1.059
-0.140 0.459 -1.058
-0.136 0.537 -1.055
-0.450 0.122 -1.100
-0.357 0.181 -1.107
-0.412 0.165 -1.077
-0.403 0.103 -1.084
-0.352 0.116 -1.114
-0.280 0.154 -1.103
-0.452 0.193 -1.160
-0.436 0.431 -1.122
-0.413 0.339 -1.075
-0.355 0.323 -1.097
-0.385 0.396 -1.074
-0.335 0.480 -1.086
-0.342 0.427 -1.091
-0.387 0.467 -1.069
-0.389 0.599 -1.062
-0.246 0.196 -1.089
-0.448 0.193 -1.105
-0.112 0.412 -1.070
-0.137 0.361 -1.064
-0.405 0.220 -1.077
-0.353 0.248 -1.104
-0.273 0.512 -1.076
-0.270 0.457 -1.082
-0.345 0.538 -1.081
-0.302 0.221 -1.099
-0.243 0.629 -1.050
-0.325 0.573 -1.073
-0.230 0.335 -1.072
-0.321 0.358 -1.094
-0.281 0.385 -1.087
-0.233 0.402 -1.072
-0.292 0.296 -1.094
-0.219 0.574 -1.053
-0.280 0.586 -1.069
-0.186 0.418 -1.063
-0.252 0.278 -1.082
-0.392 0.711 -1.078
-0.404 0.642 -1.070
