-0.437 0.056 -1.288
-0.435 0.095 -1.278
-0.422 0.134 -1.277
-0.420 0.169 -1.271
-0.411 0.191 -1.268
-0.408 0.255 -1.257
-0.384 0.270 -1.251
-0.387 0.429 -1.229
-0.371 0.528 -1.212
-0.250 0.516 -1.255
-0.264 0.382 -1.257
-0.340 0.038 -1.292
-0.292 0.254 -1.276
-0.234 0.665 -1.263
-0.361 0.675 -1.167
-0.339 0.681 -1.183
-0.318 0.095 -1.297
-0.259 0.443 -1.251
-0.277 0.508 -1.227
-0.353 0.567 -1.207
-0.419 0.089 -1.284
-0.311 0.677 -1.184
-0.304 0.179 -1.293
-0.330 0.210 -1.276
-0.281 0.311 -1.264
-0.337 0.408 -1.225
-0.250 0.596 -1.266
-0.272 0.592 -1.230
-0.243 0.685 -1.218
-0.348 0.623 -1.195
-0.369 0.092 -1.276
-0.332 0.141 -1.285
-0.366 0.213 -1.258
-0.375 0.157 -1.265
-0.340 0.283 -1.253
-0.299 0.358 -1.247
-0.293 0.424 -1.236
-0.311 0.558 -1.205
-0.355 0.324 -1.239
-0.331 0.487 -1.213
-0.284 0.644 -1.201
-0.066 0.645 -1.113
-0.080 0.612 -1.120
-0.089 0.578 -1.117
-0.101 0.531 -1.119
-0.113 0.458 -1.110
-0.118 0.366 -1.133
-0.111 0.224 -1.121
-0.110 0.143 -1.135
-0.078 0.004 -1.172
-0.031 0.008 -1.212
-0.049 0.032 -1.191
-0.037 0.058 -1.211
-0.041 0.114 -1.215
-0.052 0.222 -1.213
-0.057 0.279 -1.216
-0.067 0.358 -1.206
-0.077 0.462 -1.209
-0.105 0.569 -1.171
-0.114 0.428 -1.146
-0.107 0.596 -1.158
-0.093 0.413 -1.184
-0.112 0.018 -1.151
-0.069 0.068 -1.182
-0.111 0.107 -1.140
-0.091 0.239 -1.182
-0.085 0.276 -1.190
-0.100 0.380 -1.177
-0.095 0.330 -1.178
-0.103 0.477 -1.174
-0.115 0.480 -1.130
-0.112 0.528 -1.146
-0.102 0.073 -1.162
-0.096 0.183 -1.172
-0.059 0.185 -1.198
-0.082 0.119 -1.180
-0.105 0.264 -1.142
-0.344 0.672 -1.104
-0.367 0.641 -1.102
-0.370 0.620 -1.110
-0.402 0.526 -1.132
-0.427 0.473 -1.154
-0.436 0.392 -1.160
-0.439 0.345 -1.161
-0.452 0.148 -1.148
-0.454 0.125 -1.163
-0.431 0.115 -1.276
-0.417 0.215 -1.265
-0.403 0.235 -1.261
-0.406 0.287 -1.252
-0.398 0.315 -1.248
-0.395 0.337 -1.244
-0.396 0.358 -1.242
-0.396 0.376 -1.238
-0.389 0.395 -1.234
-0.368 0.454 -1.223
-0.369 0.485 -1.219
-0.386 0.498 -1.213
-0.372 0.569 -1.199
-0.373 0.600 -1.179
-0.351 0.674 -1.131
-0.398 0.475 -1.199
-0.349 0.660 -1.119
-0.458 0.049 -1.187
-0.453 0.102 -1.200
-0.439 0.186 -1.232
-0.398 0.505 -1.156
-0.390 0.555 -1.162
-0.454 0.055 -1.223
-0.434 0.280 -1.213
-0.447 0.229 -1.179
-0.426 0.324 -1.216
-0.379 0.571 -1.132
-0.430 0.430 -1.168
-0.427 0.372 -1.197
-0.446 0.101 -1.249
-0.433 0.234 -1.232
-0.407 0.420 -1.216
-0.446 0.145 -1.222
-0.363 0.623 -1.137
-0.042 0.040 -1.235
-0.038 0.087 -1.215
-0.042 0.136 -1.213
-0.046 0.162 -1.215
-0.048 0.189 -1.216
-0.054 0.250 -1.214
-0.062 0.326 -1.211
-0.069 0.383 -1.215
-0.073 0.420 -1.211
-0.079 0.446 -1.201
-0.084 0.483 -1.198
-0.085 0.511 -1.199
-0.086 0.539 -1.200
-0.103 0.632 -1.163
-0.084 0.638 -1.138
-0.374 0.624 -1.169
-0.172 0.808 -1.168
-0.088 0.797 -1.174
-0.119 0.751 -1.204
-0.178 0.823 -1.149
-0.157 0.847 -1.116
-0.125 0.824 -1.132
-0.086 0.806 -1.138
-0.106 0.806 -1.168
-0.100 0.777 -1.190
-0.147 0.815 -1.155
-0.129 -0.009 -1.264
-0.146 0.016 -1.268
-0.213 0.528 -1.269
-0.221 0.784 -1.185
-0.062 0.004 -1.247
-0.158 0.113 -1.270
-0.092 0.678 -1.168
-0.115 -0.006 -1.260
-0.235 0.712 -1.246
-0.095 0.724 -1.205
-0.097 0.667 -1.212
-0.180 0.268 -1.266
-0.169 0.190 -1.267
-0.203 0.429 -1.268
-0.123 0.078 -1.257
-0.118 0.128 -1.253
-0.150 0.764 -1.204
-0.136 0.244 -1.250
-0.148 0.296 -1.252
-0.090 0.261 -1.241
-0.070 0.319 -1.228
-0.101 0.434 -1.234
-0.090 0.574 -1.197
-0.186 0.608 -1.252
-0.217 0.644 -1.268
-0.175 0.714 -1.237
-0.204 0.752 -1.213
-0.175 0.784 -1.185
-0.111 0.326 -1.242
-0.078 0.208 -1.241
-0.093 0.382 -1.235
-0.130 0.482 -1.238
-0.103 0.039 -1.254
-0.126 0.180 -1.252
-0.151 0.384 -1.249
-0.169 0.559 -1.245
-0.094 0.500 -1.225
-0.186 0.337 -1.264
-0.065 0.103 -1.242
-0.116 0.537 -1.232
-0.181 0.490 -1.253
-0.092 0.617 -1.198
-0.161 0.436 -1.248
-0.122 0.700 -1.221
-0.154 0.645 -1.235
-0.073 0.161 -1.242
-0.109 0.597 -1.226
-0.336 0.728 -1.201
-0.382 0.769 -1.138
-0.353 0.738 -1.187
-0.326 0.722 -1.208
-0.351 0.728 -1.161
-0.321 0.784 -1.159
-0.335 0.859 -1.097
-0.367 0.795 -1.089
-0.340 0.822 -1.129
-0.315 0.742 -1.165
-0.288 0.751 -1.138
-0.314 0.734 -1.179
-0.293 0.706 -1.174
-0.268 0.756 -1.035
-0.248 0.722 -1.038
-0.155 0.727 -1.044
-0.111 0.725 -1.053
-0.369 0.768 -1.057
-0.288 0.847 -1.131
-0.345 0.755 -1.054
-0.358 0.842 -1.063
-0.317 0.846 -1.113
-0.322 0.786 -1.045
-0.113 0.816 -1.122
-0.308 0.834 -1.059
-0.186 0.735 -1.041
-0.095 0.790 -1.082
-0.246 0.877 -1.074
-0.139 0.774 -1.049
-0.155 0.812 -1.059
-0.221 0.746 -1.038
-0.280 0.803 -1.039
-0.247 0.833 -1.056
-0.208 0.790 -1.045
-0.187 0.867 -1.073
-0.140 0.839 -1.110
-0.277 0.838 -1.085
-0.456 0.046 -1.086
-0.458 0.071 -1.152
-0.310 0.730 -1.047
-0.260 0.049 -1.095
-0.401 0.694 -1.071
-0.221 0.008 -1.105
-0.129 0.060 -1.125
-0.068 0.611 -1.086
-0.131 0.687 -1.048
-0.448 0.168 -1.184
-0.424 0.047 -1.063
-0.295 0.700 -1.046
-0.141 0.121 -1.107
-0.125 0.314 -1.110
-0.386 0.585 -1.113
-0.290 0.018 -1.094
-0.116 0.415 -1.104
-0.100 0.456 -1.071
-0.187 0.668 -1.043
-0.139 0.247 -1.075
-0.187 0.205 -1.067
-0.121 0.187 -1.108
-0.349 0.041 -1.101
-0.423 0.474 -1.078
-0.117 0.360 -1.085
-0.456 0.100 -1.153
-0.423 0.396 -1.071
-0.166 0.602 -1.048
-0.188 0.143 -1.077
-0.206 0.087 -1.086
-0.154 0.013 -1.122
-0.188 0.043 -1.102
-0.080 0.566 -1.070
-0.441 0.352 -1.106
-0.410 0.614 -1.099
-0.416 0.576 -1.080
-0.449 0.254 -1.133
-0.426 0.537 -1.116
-0.405 0.530 -1.064
-0.203 0.255 -1.060
-0.130 0.632 -1.054
-0.356 0.707 -1.059
-0.342 0.631 -1.065
-0.320 0.659 -1.058
-0.287 0.089 -1.097
-0.071 0.654 -1.066
-0.445 0.299 -1.143
-0.440 0.301 -1.093
-0.431 0.260 -1.071
-0.395 0.298 -1.066
-0.143 0.290 -1.063
-0.187 0.326 -1.055
-0.252 0.680 -1.041
-0.089 0.505 -1.076
-0.197 0.496 -1.052
-0.141 0.459 -1.051
-0.136 0.537 -1.049
-0.452 0.122 -1.086
-0.359 0.181 -1.091
-0.414 0.166 -1.062
-0.406 0.103 -1.067
-0.354 0.116 -1.096
-0.281 0.154 -1.087
-0.451 0.192 -1.147
-0.436 0.430 -1.115
-0.414 0.340 -1.065
-0.356 0.323 -1.086
-0.386 0.397 -1.065
-0.336 0.479 -1.079
-0.343 0.427 -1.083
-0.388 0.467 -1.063
-0.390 0.599 -1.059
-0.247 0.195 -1.073
-0.449 0.193 -1.092
-0.113 0.412 -1.062
-0.138 0.361 -1.054
-0.406 0.221 -1.063
-0.354 0.248 -1.091
-0.274 0.512 -1.069
-0.271 0.457 -1.074
-0.345 0.538 -1.076
-0.303 0.221 -1.085
-0.244 0.630 -1.046
-0.326 0.573 -1.069
-0.231 0.335 -1.061
-0.322 0.358 -1.083
-0.282 0.385 -1.078
-0.234 0.402 -1.062
-0.293 0.296 -1.082
-0.219 0.574 -1.048
-0.280 0.586 -1.065
-0.187 0.418 -1.054
-0.253 0.277 -1.069
-0.392 0.712 -1.078
-0.404 0.643 -1.068
