-0.429 0.051 -1.270
-0.428 0.090 -1.261
-0.415 0.129 -1.261
-0.414 0.164 -1.256
-0.405 0.186 -1.254
-0.403 0.251 -1.245
-0.379 0.267 -1.239
-0.385 0.426 -1.222
-0.370 0.526 -1.208
-0.251 0.516 -1.256
-0.262 0.381 -1.251
-0.332 0.034 -1.270
-0.287 0.251 -1.261
-0.234 0.665 -1.263
-0.361 0.674 -1.165
-0.339 0.680 -1.181
-0.310 0.090 -1.276
-0.258 0.442 -1.248
-0.277 0.507 -1.227
-0.353 0.565 -1.204
-0.412 0.084 -1.266
-0.312 0.676 -1.184
-0.297 0.174 -1.275
-0.324 0.207 -1.260
-0.277 0.309 -1.253
-0.335 0.407 -1.218
-0.252 0.596 -1.267
-0.273 0.592 -1.230
-0.243 0.684 -1.218
-0.348 0.622 -1.193
-0.362 0.087 -1.257
-0.325 0.137 -1.266
-0.360 0.210 -1.242
-0.369 0.154 -1.248
-0.336 0.280 -1.240
-0.296 0.356 -1.238
-0.291 0.422 -1.231
-0.310 0.558 -1.204
-0.352 0.321 -1.228
-0.330 0.486 -1.209
-0.285 0.643 -1.200
-0.066 0.644 -1.110
-0.081 0.611 -1.116
-0.091 0.577 -1.113
-0.103 0.530 -1.113
-0.115 0.457 -1.104
-0.122 0.365 -1.125
-0.115 0.223 -1.111
-0.114 0.142 -1.123
-0.085 0.002 -1.160
-0.040 0.005 -1.202
-0.057 0.030 -1.181
-0.045 0.055 -1.201
-0.049 0.111 -1.206
-0.059 0.220 -1.205
-0.064 0.276 -1.208
-0.072 0.355 -1.199
-0.081 0.459 -1.203
-0.107 0.568 -1.166
-0.117 0.427 -1.139
-0.109 0.595 -1.154
-0.097 0.411 -1.177
-0.117 0.016 -1.137
-0.076 0.065 -1.171
-0.116 0.106 -1.128
-0.097 0.237 -1.173
-0.090 0.274 -1.181
-0.104 0.379 -1.169
-0.100 0.328 -1.171
-0.106 0.475 -1.168
-0.117 0.479 -1.123
-0.114 0.527 -1.141
-0.108 0.071 -1.150
-0.101 0.181 -1.162
-0.066 0.183 -1.189
-0.088 0.117 -1.170
-0.108 0.262 -1.132
-0.343 0.672 -1.102
-0.367 0.641 -1.099
-0.370 0.619 -1.107
-0.401 0.526 -1.128
-0.426 0.472 -1.149
-0.434 0.390 -1.152
-0.437 0.344 -1.152
-0.452 0.147 -1.135
-0.452 0.124 -1.149
-0.424 0.110 -1.260
-0.411 0.211 -1.251
-0.397 0.231 -1.248
-0.401 0.283 -1.240
-0.394 0.312 -1.238
-0.391 0.334 -1.235
-0.392 0.355 -1.233
-0.393 0.373 -1.230
-0.386 0.392 -1.226
-0.367 0.452 -1.217
-0.368 0.483 -1.214
-0.385 0.496 -1.208
-0.372 0.567 -1.196
-0.373 0.599 -1.177
-0.351 0.674 -1.129
-0.396 0.473 -1.194
-0.348 0.659 -1.117
-0.455 0.047 -1.170
-0.450 0.099 -1.184
-0.434 0.183 -1.219
-0.397 0.504 -1.151
-0.390 0.554 -1.159
-0.449 0.051 -1.206
-0.430 0.277 -1.202
-0.444 0.227 -1.167
-0.423 0.321 -1.206
-0.378 0.570 -1.129
-0.428 0.428 -1.161
-0.424 0.370 -1.189
-0.440 0.097 -1.233
-0.428 0.230 -1.220
-0.404 0.417 -1.209
-0.442 0.142 -1.207
-0.362 0.622 -1.134
-0.052 0.037 -1.225
-0.046 0.084 -1.206
-0.050 0.133 -1.205
-0.053 0.160 -1.207
-0.055 0.187 -1.207
-0.061 0.247 -1.206
-0.068 0.324 -1.204
-0.074 0.381 -1.208
-0.078 0.418 -1.205
-0.083 0.444 -1.195
-0.087 0.481 -1.193
-0.088 0.509 -1.193
-0.089 0.537 -1.195
-0.105 0.631 -1.159
-0.085 0.637 -1.135
-0.373 0.623 -1.167
-0.172 0.808 -1.168
-0.087 0.796 -1.173
-0.119 0.750 -1.203
-0.178 0.824 -1.149
-0.157 0.847 -1.116
-0.125 0.824 -1.132
-0.086 0.806 -1.138
-0.106 0.805 -1.168
-0.100 0.776 -1.189
-0.147 0.815 -1.156
-0.141 -0.012 -1.249
-0.157 0.014 -1.253
-0.216 0.526 -1.264
-0.221 0.785 -1.185
-0.072 0.002 -1.236
-0.168 0.111 -1.256
-0.093 0.676 -1.165
-0.127 -0.009 -1.245
-0.235 0.712 -1.246
-0.095 0.722 -1.203
-0.098 0.665 -1.208
-0.188 0.266 -1.254
-0.178 0.188 -1.254
-0.208 0.428 -1.260
-0.133 0.075 -1.244
-0.128 0.126 -1.240
-0.150 0.764 -1.204
-0.144 0.242 -1.240
-0.155 0.294 -1.242
-0.097 0.258 -1.232
-0.076 0.316 -1.220
-0.105 0.431 -1.228
-0.092 0.572 -1.192
-0.188 0.606 -1.248
-0.218 0.643 -1.265
-0.176 0.712 -1.235
-0.204 0.751 -1.212
-0.175 0.783 -1.185
-0.118 0.324 -1.234
-0.086 0.205 -1.232
-0.098 0.379 -1.228
-0.134 0.480 -1.232
-0.114 0.036 -1.241
-0.135 0.178 -1.240
-0.157 0.382 -1.240
-0.172 0.558 -1.240
-0.098 0.498 -1.220
-0.193 0.336 -1.254
-0.074 0.100 -1.232
-0.119 0.535 -1.227
-0.185 0.488 -1.247
-0.093 0.615 -1.194
-0.166 0.434 -1.241
-0.123 0.699 -1.218
-0.156 0.644 -1.232
-0.081 0.158 -1.232
-0.111 0.595 -1.222
-0.336 0.728 -1.201
-0.383 0.769 -1.138
-0.353 0.739 -1.188
-0.326 0.723 -1.208
-0.351 0.727 -1.160
-0.321 0.783 -1.159
-0.335 0.859 -1.097
-0.367 0.795 -1.089
-0.340 0.822 -1.129
-0.315 0.741 -1.165
-0.288 0.750 -1.138
-0.314 0.734 -1.179
-0.294 0.706 -1.174
-0.269 0.756 -1.034
-0.248 0.723 -1.037
-0.155 0.727 -1.043
-0.111 0.725 -1.052
-0.369 0.768 -1.057
-0.288 0.847 -1.131
-0.345 0.755 -1.054
-0.359 0.842 -1.063
-0.317 0.846 -1.113
-0.322 0.786 -1.044
-0.113 0.816 -1.122
-0.308 0.834 -1.059
-0.186 0.735 -1.040
-0.095 0.790 -1.082
-0.246 0.877 -1.074
-0.139 0.774 -1.049
-0.155 0.812 -1.059
-0.221 0.746 -1.037
-0.280 0.803 -1.039
-0.247 0.833 -1.056
-0.208 0.790 -1.045
-0.187 0.867 -1.073
-0.140 0.839 -1.110
-0.277 0.838 -1.085
-0.459 0.047 -1.069
-0.457 0.070 -1.136
-0.310 0.730 -1.046
-0.262 0.049 -1.077
-0.401 0.694 -1.071
-0.224 0.008 -1.087
-0.132 0.059 -1.111
-0.069 0.610 -1.083
-0.132 0.688 -1.046
-0.446 0.166 -1.170
-0.427 0.048 -1.045
-0.296 0.700 -1.044
-0.144 0.120 -1.094
-0.128 0.314 -1.100
-0.386 0.585 -1.110
-0.293 0.018 -1.075
-0.119 0.415 -1.097
-0.101 0.456 -1.065
-0.187 0.668 -1.041
-0.140 0.247 -1.064
-0.189 0.205 -1.053
-0.124 0.186 -1.097
-0.351 0.041 -1.081
-0.424 0.475 -1.072
-0.119 0.360 -1.076
-0.455 0.099 -1.138
-0.424 0.397 -1.063
-0.166 0.603 -1.044
-0.190 0.143 -1.063
-0.208 0.087 -1.069
-0.157 0.012 -1.106
-0.191 0.042 -1.085
-0.080 0.565 -1.066
-0.442 0.352 -1.097
-0.410 0.614 -1.097
-0.416 0.576 -1.077
-0.448 0.253 -1.122
-0.426 0.536 -1.112
-0.406 0.531 -1.060
-0.204 0.255 -1.048
-0.130 0.632 -1.050
-0.356 0.708 -1.059
-0.342 0.631 -1.063
-0.320 0.659 -1.057
-0.289 0.088 -1.079
-0.071 0.654 -1.063
-0.444 0.298 -1.133
-0.441 0.302 -1.083
-0.433 0.262 -1.060
-0.397 0.299 -1.054
-0.144 0.290 -1.053
-0.188 0.327 -1.044
-0.253 0.681 -1.040
-0.090 0.505 -1.070
-0.197 0.497 -1.046
-0.141 0.459 -1.044
-0.137 0.537 -1.044
-0.454 0.123 -1.071
-0.361 0.181 -1.076
-0.416 0.167 -1.047
-0.408 0.104 -1.050
-0.356 0.116 -1.078
-0.283 0.154 -1.070
-0.451 0.191 -1.135
-0.435 0.430 -1.109
-0.416 0.341 -1.055
-0.357 0.323 -1.075
-0.387 0.398 -1.057
-0.336 0.480 -1.073
-0.343 0.427 -1.075
-0.389 0.468 -1.056
-0.390 0.600 -1.056
-0.249 0.195 -1.058
-0.450 0.194 -1.079
-0.114 0.412 -1.055
-0.139 0.361 -1.046
-0.408 0.222 -1.050
-0.356 0.248 -1.077
-0.274 0.512 -1.063
-0.272 0.457 -1.066
-0.346 0.539 -1.072
-0.305 0.221 -1.071
-0.244 0.630 -1.043
-0.326 0.573 -1.065
-0.232 0.336 -1.051
-0.323 0.358 -1.073
-0.283 0.385 -1.068
-0.235 0.402 -1.053
-0.295 0.296 -1.070
-0.220 0.574 -1.044
-0.281 0.586 -1.061
-0.188 0.418 -1.046
-0.254 0.278 -1.058
-0.392 0.712 -1.078
-0.404 0.643 -1.067
