-0.420 0.047 -1.252
-0.420 0.086 -1.245
-0.407 0.125 -1.245
-0.408 0.160 -1.241
-0.399 0.183 -1.239
-0.398 0.247 -1.233
-0.374 0.264 -1.227
-0.382 0.424 -1.216
-0.369 0.524 -1.204
-0.250 0.514 -1.254
-0.259 0.379 -1.244
-0.324 0.031 -1.247
-0.282 0.249 -1.247
-0.234 0.665 -1.263
-0.360 0.673 -1.164
-0.339 0.679 -1.180
-0.302 0.087 -1.255
-0.256 0.441 -1.244
-0.276 0.506 -1.224
-0.352 0.564 -1.201
-0.404 0.080 -1.249
-0.311 0.676 -1.183
-0.291 0.171 -1.257
-0.318 0.204 -1.245
-0.273 0.307 -1.243
-0.332 0.405 -1.212
-0.251 0.595 -1.266
-0.272 0.591 -1.229
-0.243 0.684 -1.218
-0.348 0.621 -1.191
-0.354 0.084 -1.237
-0.318 0.133 -1.248
-0.355 0.207 -1.228
-0.362 0.151 -1.232
-0.331 0.278 -1.228
-0.293 0.354 -1.230
-0.289 0.421 -1.226
-0.310 0.557 -1.202
-0.348 0.319 -1.218
-0.328 0.485 -1.205
-0.285 0.643 -1.200
-0.068 0.643 -1.107
-0.083 0.610 -1.112
-0.092 0.576 -1.109
-0.105 0.529 -1.108
-0.117 0.456 -1.098
-0.126 0.364 -1.117
-0.119 0.222 -1.102
-0.119 0.141 -1.113
-0.092 0.000 -1.148
-0.050 0.003 -1.193
-0.065 0.027 -1.171
-0.054 0.053 -1.193
-0.058 0.109 -1.197
-0.066 0.217 -1.198
-0.070 0.274 -1.201
-0.078 0.353 -1.193
-0.085 0.457 -1.198
-0.109 0.566 -1.161
-0.121 0.426 -1.132
-0.111 0.594 -1.149
-0.102 0.410 -1.171
-0.123 0.015 -1.124
-0.083 0.063 -1.161
-0.121 0.105 -1.116
-0.103 0.236 -1.164
-0.096 0.272 -1.173
-0.108 0.377 -1.162
-0.105 0.326 -1.163
-0.109 0.474 -1.162
-0.120 0.479 -1.117
-0.117 0.526 -1.135
-0.114 0.070 -1.139
-0.107 0.179 -1.152
-0.073 0.181 -1.181
-0.095 0.116 -1.160
-0.113 0.261 -1.124
-0.343 0.672 -1.101
-0.366 0.641 -1.098
-0.369 0.619 -1.105
-0.400 0.525 -1.125
-0.425 0.471 -1.144
-0.432 0.389 -1.146
-0.436 0.343 -1.144
-0.452 0.147 -1.121
-0.451 0.123 -1.135
-0.417 0.106 -1.244
-0.406 0.207 -1.238
-0.392 0.227 -1.235
-0.397 0.280 -1.230
-0.390 0.309 -1.228
-0.387 0.331 -1.225
-0.389 0.352 -1.224
-0.390 0.370 -1.222
-0.384 0.390 -1.219
-0.365 0.450 -1.212
-0.366 0.481 -1.210
-0.384 0.494 -1.203
-0.371 0.566 -1.193
-0.372 0.598 -1.174
-0.351 0.674 -1.128
-0.395 0.471 -1.189
-0.348 0.659 -1.115
-0.451 0.046 -1.154
-0.446 0.097 -1.169
-0.430 0.180 -1.206
-0.395 0.503 -1.147
-0.389 0.553 -1.156
-0.443 0.049 -1.189
-0.427 0.275 -1.192
-0.442 0.225 -1.156
-0.420 0.319 -1.197
-0.378 0.570 -1.126
-0.427 0.427 -1.155
-0.422 0.368 -1.181
-0.433 0.094 -1.217
-0.424 0.227 -1.208
-0.402 0.415 -1.202
-0.437 0.139 -1.193
-0.362 0.622 -1.132
-0.062 0.034 -1.216
-0.055 0.081 -1.197
-0.058 0.131 -1.196
-0.061 0.157 -1.199
-0.063 0.184 -1.199
-0.068 0.245 -1.199
-0.074 0.321 -1.197
-0.080 0.378 -1.202
-0.082 0.415 -1.199
-0.087 0.442 -1.189
-0.091 0.479 -1.187
-0.091 0.507 -1.188
-0.092 0.535 -1.190
-0.106 0.630 -1.156
-0.087 0.636 -1.131
-0.373 0.622 -1.165
-0.172 0.808 -1.168
-0.087 0.795 -1.173
-0.120 0.749 -1.201
-0.178 0.824 -1.149
-0.157 0.847 -1.116
-0.125 0.824 -1.132
-0.086 0.805 -1.138
-0.106 0.805 -1.168
-0.100 0.775 -1.188
-0.147 0.815 -1.156
-0.153 -0.013 -1.235
-0.170 0.012 -1.238
-0.220 0.526 -1.259
-0.221 0.785 -1.186
-0.083 -0.001 -1.225
-0.179 0.109 -1.242
-0.095 0.675 -1.162
-0.139 -0.011 -1.232
-0.235 0.712 -1.246
-0.096 0.721 -1.200
-0.100 0.663 -1.205
-0.196 0.265 -1.243
-0.188 0.187 -1.241
-0.213 0.427 -1.253
-0.144 0.073 -1.231
-0.138 0.124 -1.229
-0.150 0.763 -1.203
-0.152 0.240 -1.230
-0.162 0.293 -1.233
-0.105 0.256 -1.224
-0.083 0.313 -1.213
-0.110 0.429 -1.221
-0.095 0.570 -1.188
-0.190 0.605 -1.245
-0.219 0.643 -1.263
-0.176 0.712 -1.234
-0.204 0.751 -1.212
-0.175 0.783 -1.184
-0.124 0.322 -1.226
-0.095 0.203 -1.223
-0.104 0.377 -1.221
-0.138 0.479 -1.227
-0.125 0.034 -1.228
-0.144 0.176 -1.229
-0.163 0.380 -1.232
-0.175 0.557 -1.235
-0.102 0.495 -1.215
-0.200 0.335 -1.245
-0.084 0.098 -1.222
-0.123 0.533 -1.222
-0.189 0.487 -1.242
-0.096 0.614 -1.190
-0.171 0.433 -1.234
-0.124 0.697 -1.216
-0.157 0.643 -1.229
-0.091 0.156 -1.223
-0.114 0.593 -1.218
-0.336 0.729 -1.201
-0.383 0.769 -1.138
-0.353 0.739 -1.188
-0.326 0.723 -1.208
-0.351 0.726 -1.160
-0.322 0.783 -1.159
-0.335 0.859 -1.097
-0.367 0.795 -1.089
-0.340 0.822 -1.129
-0.315 0.741 -1.165
-0.288 0.750 -1.138
-0.314 0.734 -1.179
-0.293 0.705 -1.174
-0.269 0.756 -1.034
-0.248 0.723 -1.036
-0.155 0.728 -1.043
-0.111 0.725 -1.052
-0.369 0.768 -1.057
-0.288 0.847 -1.131
-0.345 0.755 -1.054
-0.359 0.842 -1.063
-0.317 0.846 -1.113
-0.322 0.786 -1.044
-0.113 0.816 -1.122
-0.308 0.834 -1.059
-0.186 0.735 -1.039
-0.095 0.790 -1.082
-0.246 0.877 -1.074
-0.139 0.774 -1.049
-0.156 0.812 -1.059
-0.222 0.746 -1.036
-0.280 0.803 -1.039
-0.247 0.833 -1.056
-0.208 0.790 -1.044
-0.187 0.867 -1.073
-0.140 0.839 -1.110
-0.277 0.838 -1.085
-0.462 0.049 -1.053
-0.456 0.070 -1.120
-0.310 0.731 -1.046
-0.265 0.049 -1.059
-0.401 0.694 -1.070
-0.227 0.008 -1.070
-0.137 0.058 -1.099
-0.070 0.610 -1.079
-0.132 0.688 -1.045
-0.444 0.165 -1.157
-0.431 0.050 -1.028
-0.296 0.701 -1.043
-0.148 0.120 -1.081
-0.131 0.313 -1.092
-0.385 0.585 -1.108
-0.296 0.018 -1.056
-0.121 0.414 -1.090
-0.102 0.455 -1.059
-0.187 0.668 -1.039
-0.143 0.247 -1.054
-0.191 0.205 -1.041
-0.128 0.186 -1.087
-0.354 0.042 -1.062
-0.424 0.476 -1.067
-0.121 0.359 -1.069
-0.454 0.098 -1.123
-0.425 0.398 -1.057
-0.166 0.603 -1.039
-0.192 0.143 -1.049
-0.210 0.087 -1.054
-0.161 0.011 -1.091
-0.194 0.042 -1.069
-0.081 0.565 -1.062
-0.442 0.352 -1.090
-0.409 0.614 -1.095
-0.416 0.577 -1.075
-0.447 0.253 -1.112
-0.425 0.536 -1.109
-0.406 0.532 -1.056
-0.206 0.256 -1.036
-0.130 0.632 -1.045
-0.356 0.708 -1.059
-0.342 0.632 -1.061
-0.320 0.660 -1.055
-0.292 0.089 -1.061
-0.071 0.653 -1.059
-0.443 0.297 -1.124
-0.442 0.303 -1.074
-0.434 0.263 -1.050
-0.399 0.301 -1.044
-0.146 0.290 -1.043
-0.190 0.327 -1.035
-0.253 0.681 -1.038
-0.091 0.504 -1.065
-0.198 0.497 -1.040
-0.142 0.460 -1.037
-0.137 0.537 -1.038
-0.456 0.124 -1.057
-0.363 0.182 -1.061
-0.420 0.169 -1.034
-0.412 0.106 -1.034
-0.359 0.116 -1.061
-0.286 0.154 -1.054
-0.450 0.190 -1.123
-0.435 0.430 -1.103
-0.417 0.342 -1.047
-0.358 0.323 -1.065
-0.389 0.399 -1.049
-0.337 0.480 -1.067
-0.344 0.427 -1.067
-0.390 0.469 -1.051
-0.390 0.601 -1.054
-0.251 0.196 -1.044
-0.452 0.195 -1.067
-0.115 0.412 -1.048
-0.140 0.362 -1.038
-0.411 0.224 -1.038
-0.358 0.249 -1.065
-0.275 0.512 -1.058
-0.272 0.457 -1.059
-0.346 0.539 -1.067
-0.307 0.221 -1.057
-0.244 0.631 -1.041
-0.326 0.574 -1.062
-0.233 0.336 -1.040
-0.324 0.358 -1.064
-0.284 0.385 -1.059
-0.236 0.402 -1.045
-0.296 0.296 -1.058
-0.220 0.575 -1.039
-0.281 0.586 -1.057
-0.189 0.419 -1.038
-0.256 0.278 -1.046
-0.392 0.712 -1.078
-0.404 0.644 -1.065
