-0.411 0.043 -1.235
-0.412 0.082 -1.229
-0.400 0.122 -1.230
-0.401 0.157 -1.227
-0.393 0.179 -1.226
-0.393 0.244 -1.222
-0.369 0.262 -1.216
-0.380 0.421 -1.210
-0.367 0.523 -1.201
-0.249 0.513 -1.251
-0.256 0.378 -1.237
-0.315 0.028 -1.226
-0.276 0.247 -1.234
-0.234 0.665 -1.263
-0.360 0.672 -1.163
-0.339 0.679 -1.179
-0.294 0.085 -1.235
-0.254 0.440 -1.239
-0.275 0.506 -1.221
-0.351 0.563 -1.199
-0.395 0.076 -1.232
-0.311 0.675 -1.182
-0.284 0.169 -1.241
-0.312 0.201 -1.231
-0.268 0.306 -1.232
-0.329 0.404 -1.206
-0.250 0.594 -1.264
-0.271 0.591 -1.228
-0.243 0.684 -1.218
-0.347 0.620 -1.189
-0.346 0.082 -1.219
-0.311 0.131 -1.230
-0.349 0.205 -1.214
-0.356 0.148 -1.216
-0.326 0.276 -1.217
-0.289 0.353 -1.222
-0.286 0.420 -1.221
-0.308 0.556 -1.200
-0.344 0.318 -1.209
-0.326 0.484 -1.202
-0.284 0.642 -1.199
-0.069 0.642 -1.103
-0.084 0.610 -1.108
-0.094 0.576 -1.104
-0.107 0.529 -1.104
-0.120 0.456 -1.092
-0.129 0.364 -1.110
-0.123 0.222 -1.093
-0.125 0.140 -1.103
-0.100 -0.001 -1.138
-0.060 0.000 -1.185
-0.074 0.025 -1.162
-0.064 0.050 -1.185
-0.067 0.106 -1.190
-0.074 0.215 -1.191
-0.078 0.272 -1.194
-0.083 0.351 -1.187
-0.090 0.455 -1.192
-0.112 0.565 -1.157
-0.124 0.426 -1.126
-0.113 0.593 -1.145
-0.106 0.408 -1.165
-0.130 0.014 -1.112
-0.091 0.062 -1.152
-0.127 0.104 -1.106
-0.109 0.234 -1.156
-0.102 0.271 -1.166
-0.113 0.376 -1.156
-0.111 0.325 -1.156
-0.113 0.473 -1.157
-0.123 0.478 -1.112
-0.119 0.525 -1.130
-0.121 0.069 -1.128
-0.114 0.178 -1.143
-0.081 0.179 -1.173
-0.103 0.114 -1.150
-0.118 0.260 -1.116
-0.342 0.672 -1.099
-0.366 0.641 -1.096
-0.369 0.619 -1.104
-0.399 0.525 -1.122
-0.423 0.470 -1.140
-0.431 0.388 -1.140
-0.434 0.342 -1.137
-0.451 0.147 -1.109
-0.449 0.122 -1.122
-0.409 0.103 -1.228
-0.400 0.204 -1.226
-0.386 0.225 -1.223
-0.392 0.277 -1.220
-0.385 0.306 -1.219
-0.383 0.328 -1.217
-0.385 0.349 -1.216
-0.386 0.368 -1.214
-0.380 0.388 -1.212
-0.362 0.449 -1.207
-0.364 0.479 -1.205
-0.382 0.492 -1.199
-0.370 0.565 -1.190
-0.371 0.597 -1.172
-0.350 0.673 -1.127
-0.393 0.469 -1.185
-0.347 0.659 -1.114
-0.447 0.045 -1.138
-0.442 0.096 -1.155
-0.424 0.177 -1.193
-0.394 0.503 -1.144
-0.388 0.552 -1.153
-0.438 0.047 -1.173
-0.423 0.273 -1.183
-0.439 0.224 -1.146
-0.416 0.317 -1.189
-0.377 0.570 -1.124
-0.425 0.426 -1.150
-0.419 0.366 -1.174
-0.427 0.091 -1.202
-0.419 0.225 -1.197
-0.399 0.413 -1.197
-0.432 0.137 -1.180
-0.361 0.621 -1.130
-0.073 0.032 -1.207
-0.065 0.079 -1.190
-0.067 0.129 -1.189
-0.070 0.155 -1.191
-0.072 0.182 -1.192
-0.075 0.242 -1.192
-0.080 0.319 -1.191
-0.085 0.376 -1.196
-0.087 0.413 -1.193
-0.092 0.440 -1.183
-0.095 0.478 -1.182
-0.095 0.506 -1.183
-0.095 0.533 -1.185
-0.108 0.629 -1.152
-0.089 0.635 -1.128
-0.372 0.621 -1.163
-0.172 0.808 -1.168
-0.087 0.795 -1.173
-0.120 0.748 -1.200
-0.177 0.824 -1.150
-0.157 0.847 -1.116
-0.125 0.824 -1.132
-0.086 0.805 -1.138
-0.106 0.804 -1.167
-0.100 0.775 -1.188
-0.147 0.815 -1.156
-0.166 -0.015 -1.221
-0.182 0.011 -1.224
-0.223 0.525 -1.255
-0.221 0.785 -1.186
-0.096 -0.003 -1.215
-0.190 0.108 -1.229
-0.096 0.674 -1.159
-0.151 -0.012 -1.219
-0.235 0.712 -1.246
-0.097 0.719 -1.197
-0.101 0.662 -1.202
-0.205 0.264 -1.234
-0.197 0.186 -1.231
-0.219 0.426 -1.247
-0.155 0.072 -1.219
-0.148 0.123 -1.217
-0.150 0.762 -1.202
-0.160 0.239 -1.221
-0.170 0.292 -1.224
-0.113 0.254 -1.216
-0.090 0.311 -1.207
-0.115 0.428 -1.215
-0.097 0.569 -1.183
-0.192 0.605 -1.242
-0.220 0.642 -1.261
-0.176 0.711 -1.233
-0.204 0.751 -1.212
-0.175 0.783 -1.184
-0.131 0.320 -1.219
-0.104 0.201 -1.215
-0.110 0.375 -1.215
-0.142 0.477 -1.221
-0.137 0.033 -1.217
-0.153 0.175 -1.219
-0.169 0.379 -1.225
-0.178 0.556 -1.231
-0.105 0.494 -1.209
-0.207 0.334 -1.236
-0.095 0.095 -1.214
-0.126 0.532 -1.218
-0.193 0.486 -1.236
-0.098 0.612 -1.186
-0.176 0.432 -1.228
-0.124 0.696 -1.213
-0.159 0.642 -1.226
-0.100 0.154 -1.215
-0.116 0.591 -1.214
-0.336 0.729 -1.201
-0.383 0.769 -1.138
-0.353 0.739 -1.188
-0.326 0.723 -1.208
-0.351 0.725 -1.159
-0.322 0.782 -1.159
-0.335 0.859 -1.098
-0.367 0.795 -1.089
-0.341 0.822 -1.129
-0.315 0.740 -1.164
-0.288 0.750 -1.138
-0.314 0.734 -1.179
-0.293 0.705 -1.173
-0.269 0.757 -1.033
-0.248 0.724 -1.035
-0.155 0.728 -1.042
-0.112 0.724 -1.052
-0.369 0.768 -1.057
-0.288 0.847 -1.131
-0.345 0.756 -1.054
-0.359 0.842 -1.064
-0.317 0.846 -1.113
-0.322 0.787 -1.044
-0.113 0.816 -1.122
-0.308 0.835 -1.059
-0.186 0.735 -1.038
-0.095 0.790 -1.082
-0.246 0.877 -1.074
-0.139 0.774 -1.049
-0.156 0.812 -1.059
-0.222 0.747 -1.035
-0.280 0.804 -1.039
-0.247 0.833 -1.056
-0.208 0.791 -1.044
-0.187 0.867 -1.073
-0.140 0.839 -1.110
-0.277 0.838 -1.085
-0.465 0.051 -1.039
-0.455 0.070 -1.106
-0.311 0.731 -1.045
-0.269 0.049 -1.042
-0.401 0.695 -1.070
-0.231 0.008 -1.054
-0.142 0.057 -1.087
-0.071 0.609 -1.075
-0.132 0.688 -1.043
-0.442 0.164 -1.145
-0.436 0.053 -1.012
-0.296 0.701 -1.043
-0.152 0.119 -1.070
-0.134 0.313 -1.084
-0.384 0.585 -1.106
-0.299 0.019 -1.038
-0.123 0.414 -1.084
-0.104 0.455 -1.053
-0.188 0.669 -1.037
-0.145 0.247 -1.045
-0.193 0.206 -1.030
-0.132 0.185 -1.077
-0.358 0.043 -1.044
-0.425 0.477 -1.064
-0.124 0.359 -1.062
-0.453 0.098 -1.110
-0.426 0.400 -1.051
-0.167 0.603 -1.033
-0.195 0.143 -1.036
-0.214 0.088 -1.040
-0.166 0.011 -1.077
-0.198 0.042 -1.055
-0.082 0.565 -1.058
-0.442 0.353 -1.083
-0.409 0.614 -1.094
-0.416 0.577 -1.073
-0.447 0.253 -1.103
-0.424 0.536 -1.107
-0.407 0.533 -1.053
-0.208 0.257 -1.025
-0.130 0.632 -1.040
-0.356 0.708 -1.059
-0.342 0.632 -1.060
-0.321 0.660 -1.054
-0.295 0.089 -1.045
-0.072 0.653 -1.056
-0.442 0.297 -1.116
-0.443 0.304 -1.066
-0.437 0.265 -1.040
-0.401 0.303 -1.035
-0.148 0.291 -1.035
-0.191 0.328 -1.025
-0.253 0.682 -1.037
-0.092 0.504 -1.061
-0.199 0.497 -1.032
-0.143 0.460 -1.031
-0.138 0.537 -1.034
-0.459 0.126 -1.045
-0.365 0.183 -1.047
-0.423 0.172 -1.021
-0.416 0.108 -1.019
-0.362 0.118 -1.045
-0.289 0.155 -1.040
-0.449 0.190 -1.112
-0.435 0.430 -1.098
-0.419 0.344 -1.039
-0.360 0.324 -1.056
-0.390 0.400 -1.043
-0.338 0.480 -1.062
-0.345 0.428 -1.061
-0.391 0.470 -1.046
-0.390 0.602 -1.052
-0.254 0.197 -1.031
-0.453 0.197 -1.057
-0.116 0.412 -1.042
-0.142 0.362 -1.030
-0.414 0.226 -1.026
-0.360 0.250 -1.053
-0.276 0.513 -1.052
-0.273 0.457 -1.051
-0.347 0.539 -1.064
-0.309 0.222 -1.044
-0.244 0.631 -1.038
-0.326 0.574 -1.059
-0.235 0.337 -1.031
-0.325 0.359 -1.055
-0.285 0.386 -1.051
-0.237 0.403 -1.037
-0.298 0.297 -1.048
-0.221 0.575 -1.035
-0.281 0.586 -1.054
-0.190 0.419 -1.030
-0.258 0.279 -1.035
-0.392 0.712 -1.079
-0.404 0.644 -1.065
