-0.402 0.040 -1.219
-0.403 0.080 -1.215
-0.392 0.119 -1.216
-0.394 0.154 -1.215
-0.386 0.177 -1.214
-0.387 0.242 -1.212
-0.364 0.260 -1.206
-0.377 0.420 -1.205
-0.366 0.522 -1.198
-0.249 0.512 -1.250
-0.253 0.377 -1.230
-0.306 0.027 -1.206
-0.271 0.246 -1.222
-0.234 0.665 -1.263
-0.360 0.671 -1.162
-0.339 0.678 -1.179
-0.286 0.084 -1.217
-0.252 0.439 -1.235
-0.274 0.505 -1.219
-0.350 0.562 -1.197
-0.387 0.074 -1.217
-0.311 0.675 -1.182
-0.277 0.168 -1.225
-0.306 0.200 -1.217
-0.264 0.305 -1.222
-0.327 0.403 -1.200
-0.250 0.593 -1.264
-0.271 0.590 -1.227
-0.243 0.684 -1.218
-0.347 0.619 -1.188
-0.339 0.080 -1.202
-0.304 0.130 -1.214
-0.343 0.203 -1.202
-0.349 0.147 -1.201
-0.321 0.275 -1.207
-0.286 0.352 -1.214
-0.284 0.419 -1.215
-0.307 0.556 -1.198
-0.340 0.316 -1.200
-0.325 0.483 -1.198
-0.284 0.642 -1.198
-0.070 0.642 -1.100
-0.085 0.609 -1.105
-0.095 0.575 -1.100
-0.109 0.528 -1.099
-0.122 0.456 -1.086
-0.133 0.363 -1.103
-0.128 0.221 -1.085
-0.131 0.140 -1.095
-0.109 -0.002 -1.130
-0.071 -0.001 -1.178
-0.084 0.024 -1.155
-0.074 0.049 -1.178
-0.076 0.105 -1.183
-0.082 0.213 -1.184
-0.084 0.270 -1.188
-0.089 0.349 -1.181
-0.093 0.454 -1.187
-0.114 0.564 -1.153
-0.127 0.425 -1.120
-0.115 0.592 -1.141
-0.110 0.407 -1.159
-0.138 0.014 -1.103
-0.100 0.061 -1.144
-0.133 0.104 -1.097
-0.116 0.233 -1.149
-0.109 0.269 -1.159
-0.117 0.375 -1.150
-0.116 0.324 -1.149
-0.116 0.472 -1.152
-0.125 0.478 -1.107
-0.121 0.524 -1.126
-0.129 0.068 -1.120
-0.121 0.177 -1.135
-0.088 0.177 -1.166
-0.110 0.113 -1.143
-0.123 0.260 -1.108
-0.342 0.672 -1.099
-0.365 0.641 -1.095
-0.368 0.619 -1.102
-0.398 0.525 -1.119
-0.422 0.470 -1.137
-0.429 0.388 -1.135
-0.433 0.342 -1.131
-0.450 0.147 -1.099
-0.447 0.122 -1.111
-0.401 0.100 -1.214
-0.393 0.201 -1.215
-0.381 0.222 -1.212
-0.387 0.275 -1.211
-0.381 0.304 -1.210
-0.379 0.326 -1.209
-0.382 0.347 -1.209
-0.383 0.366 -1.208
-0.377 0.386 -1.206
-0.360 0.447 -1.202
-0.362 0.478 -1.202
-0.380 0.491 -1.196
-0.369 0.564 -1.188
-0.371 0.596 -1.171
-0.350 0.673 -1.126
-0.391 0.468 -1.181
-0.347 0.659 -1.113
-0.444 0.044 -1.125
-0.438 0.095 -1.143
-0.419 0.176 -1.183
-0.393 0.502 -1.141
-0.387 0.551 -1.151
-0.432 0.045 -1.160
-0.419 0.271 -1.175
-0.437 0.224 -1.137
-0.413 0.315 -1.182
-0.376 0.569 -1.122
-0.423 0.425 -1.146
-0.417 0.365 -1.169
-0.420 0.089 -1.189
-0.414 0.223 -1.187
-0.397 0.412 -1.192
-0.427 0.135 -1.168
-0.360 0.621 -1.129
-0.084 0.030 -1.200
-0.074 0.077 -1.183
-0.076 0.127 -1.182
-0.079 0.153 -1.185
-0.080 0.180 -1.186
-0.083 0.241 -1.186
-0.086 0.318 -1.185
-0.090 0.375 -1.190
-0.092 0.412 -1.188
-0.096 0.439 -1.178
-0.098 0.476 -1.177
-0.098 0.504 -1.179
-0.098 0.532 -1.181
-0.110 0.628 -1.148
-0.090 0.634 -1.124
-0.371 0.620 -1.162
-0.172 0.808 -1.168
-0.087 0.794 -1.172
-0.120 0.747 -1.198
-0.177 0.824 -1.150
-0.157 0.847 -1.116
-0.125 0.824 -1.132
-0.086 0.805 -1.138
-0.106 0.804 -1.167
-0.100 0.774 -1.187
-0.147 0.815 -1.156
-0.178 -0.015 -1.209
-0.194 0.011 -1.212
-0.224 0.525 -1.253
-0.221 0.785 -1.186
-0.108 -0.005 -1.206
-0.201 0.108 -1.218
-0.098 0.673 -1.156
-0.163 -0.013 -1.208
-0.235 0.712 -1.246
-0.098 0.718 -1.195
-0.102 0.661 -1.198
-0.212 0.264 -1.226
-0.206 0.186 -1.221
-0.223 0.426 -1.242
-0.166 0.072 -1.209
-0.158 0.122 -1.208
-0.150 0.761 -1.201
-0.168 0.239 -1.213
-0.177 0.292 -1.217
-0.120 0.253 -1.209
-0.096 0.310 -1.200
-0.120 0.426 -1.210
-0.100 0.567 -1.179
-0.193 0.604 -1.239
-0.220 0.641 -1.260
-0.176 0.710 -1.232
-0.204 0.751 -1.212
-0.175 0.783 -1.184
-0.138 0.319 -1.212
-0.112 0.200 -1.208
-0.115 0.374 -1.209
-0.146 0.476 -1.217
-0.148 0.032 -1.207
-0.162 0.174 -1.211
-0.174 0.379 -1.219
-0.179 0.555 -1.228
-0.109 0.492 -1.205
-0.213 0.334 -1.230
-0.105 0.094 -1.206
-0.128 0.530 -1.214
-0.195 0.486 -1.233
-0.100 0.611 -1.183
-0.180 0.432 -1.223
-0.125 0.695 -1.211
-0.160 0.641 -1.224
-0.110 0.152 -1.207
-0.118 0.590 -1.210
-0.336 0.729 -1.201
-0.383 0.769 -1.138
-0.353 0.739 -1.187
-0.326 0.723 -1.208
-0.351 0.725 -1.159
-0.322 0.782 -1.159
-0.336 0.859 -1.098
-0.367 0.795 -1.089
-0.341 0.822 -1.129
-0.316 0.740 -1.164
-0.288 0.750 -1.138
-0.314 0.734 -1.179
-0.293 0.705 -1.173
-0.269 0.757 -1.033
-0.248 0.724 -1.034
-0.155 0.728 -1.041
-0.112 0.724 -1.053
-0.369 0.768 -1.057
-0.288 0.847 -1.131
-0.345 0.756 -1.053
-0.359 0.842 -1.064
-0.317 0.846 -1.113
-0.322 0.787 -1.044
-0.113 0.816 -1.122
-0.308 0.835 -1.059
-0.186 0.736 -1.037
-0.095 0.790 -1.082
-0.246 0.877 -1.074
-0.139 0.774 -1.049
-0.156 0.812 -1.059
-0.222 0.747 -1.035
-0.280 0.804 -1.039
-0.247 0.833 -1.056
-0.208 0.791 -1.044
-0.187 0.867 -1.073
-0.140 0.839 -1.110
-0.277 0.838 -1.085
-0.469 0.053 -1.027
-0.454 0.070 -1.094
-0.311 0.731 -1.045
-0.272 0.050 -1.022
-0.401 0.695 -1.070
-0.236 0.009 -1.038
-0.149 0.057 -1.078
-0.072 0.609 -1.072
-0.133 0.688 -1.044
-0.439 0.163 -1.135
-0.441 0.056 -0.999
-0.296 0.701 -1.042
-0.157 0.120 -1.061
-0.138 0.313 -1.077
-0.384 0.585 -1.104
-0.303 0.020 -1.022
-0.126 0.414 -1.078
-0.105 0.455 -1.048
-0.188 0.669 -1.035
-0.148 0.247 -1.037
-0.196 0.207 -1.019
-0.137 0.185 -1.069
-0.361 0.044 -1.024
-0.425 0.477 -1.061
-0.126 0.359 -1.055
-0.452 0.098 -1.098
-0.427 0.401 -1.046
-0.167 0.604 -1.030
-0.198 0.144 -1.025
-0.217 0.089 -1.027
-0.173 0.011 -1.067
-0.203 0.043 -1.043
-0.083 0.564 -1.054
-0.442 0.354 -1.078
-0.408 0.614 -1.093
-0.416 0.578 -1.072
-0.446 0.254 -1.095
-0.424 0.536 -1.105
-0.407 0.534 -1.051
-0.210 0.258 -1.015
-0.130 0.633 -1.036
-0.356 0.708 -1.059
-0.343 0.632 -1.059
-0.321 0.660 -1.053
-0.299 0.090 -1.020
-0.072 0.652 -1.053
-0.441 0.297 -1.110
-0.444 0.305 -1.060
-0.439 0.267 -1.033
-0.403 0.304 -1.027
-0.150 0.291 -1.027
-0.193 0.329 -1.017
-0.253 0.682 -1.035
-0.094 0.504 -1.056
-0.200 0.498 -1.027
-0.144 0.460 -1.026
-0.139 0.538 -1.029
-0.462 0.128 -1.035
-0.368 0.184 -1.035
-0.426 0.174 -1.011
-0.420 0.111 -1.007
-0.365 0.119 -1.031
-0.292 0.156 -1.021
-0.448 0.190 -1.103
-0.435 0.430 -1.095
-0.421 0.346 -1.033
-0.361 0.325 -1.047
-0.391 0.401 -1.037
-0.338 0.481 -1.057
-0.346 0.428 -1.055
-0.392 0.471 -1.042
-0.390 0.602 -1.051
-0.256 0.198 -1.017
-0.455 0.198 -1.048
-0.118 0.413 -1.036
-0.143 0.362 -1.023
-0.417 0.228 -1.017
-0.362 0.250 -1.043
-0.276 0.513 -1.048
-0.274 0.458 -1.045
-0.347 0.540 -1.061
-0.311 0.223 -1.031
-0.245 0.632 -1.035
-0.327 0.575 -1.056
-0.236 0.338 -1.022
-0.327 0.359 -1.047
-0.287 0.386 -1.043
-0.238 0.404 -1.029
-0.300 0.298 -1.038
-0.221 0.576 -1.032
-0.282 0.586 -1.052
-0.191 0.420 -1.023
-0.259 0.280 -1.024
-0.392 0.712 -1.079
-0.404 0.644 -1.064
