-0.393 0.038 -1.206
-0.395 0.077 -1.202
-0.384 0.117 -1.204
-0.386 0.152 -1.204
-0.379 0.175 -1.203
-0.382 0.240 -1.204
-0.359 0.259 -1.197
-0.374 0.418 -1.201
-0.364 0.521 -1.196
-0.246 0.512 -1.246
-0.248 0.377 -1.224
-0.297 0.027 -1.187
-0.264 0.246 -1.210
-0.234 0.665 -1.263
-0.359 0.671 -1.161
-0.338 0.678 -1.178
-0.277 0.083 -1.199
-0.249 0.439 -1.230
-0.271 0.505 -1.217
-0.349 0.561 -1.195
-0.378 0.072 -1.203
-0.310 0.674 -1.181
-0.269 0.167 -1.211
-0.299 0.199 -1.204
-0.258 0.305 -1.213
-0.323 0.403 -1.195
-0.248 0.593 -1.262
-0.270 0.590 -1.226
-0.243 0.684 -1.218
-0.346 0.619 -1.187
-0.331 0.080 -1.186
-0.296 0.129 -1.199
-0.337 0.203 -1.191
-0.342 0.146 -1.189
-0.316 0.274 -1.197
-0.281 0.352 -1.207
-0.281 0.419 -1.210
-0.306 0.555 -1.197
-0.335 0.316 -1.193
-0.322 0.482 -1.195
-0.283 0.642 -1.198
-0.071 0.641 -1.098
-0.086 0.608 -1.102
-0.097 0.575 -1.097
-0.110 0.528 -1.095
-0.124 0.455 -1.082
-0.136 0.363 -1.097
-0.133 0.221 -1.079
-0.137 0.139 -1.087
-0.119 -0.003 -1.122
-0.082 -0.003 -1.171
-0.094 0.022 -1.148
-0.084 0.047 -1.171
-0.086 0.103 -1.177
-0.089 0.211 -1.179
-0.091 0.268 -1.183
-0.094 0.348 -1.176
-0.097 0.452 -1.183
-0.116 0.564 -1.149
-0.131 0.425 -1.115
-0.117 0.591 -1.138
-0.114 0.406 -1.154
-0.147 0.014 -1.095
-0.110 0.060 -1.137
-0.140 0.104 -1.090
-0.122 0.232 -1.142
-0.115 0.268 -1.153
-0.122 0.374 -1.144
-0.121 0.323 -1.144
-0.119 0.471 -1.147
-0.127 0.477 -1.102
-0.124 0.524 -1.121
-0.137 0.068 -1.112
-0.128 0.176 -1.129
-0.096 0.176 -1.160
-0.119 0.112 -1.136
-0.127 0.259 -1.102
-0.342 0.672 -1.098
-0.365 0.641 -1.095
-0.368 0.619 -1.101
-0.397 0.525 -1.117
-0.421 0.469 -1.135
-0.427 0.387 -1.131
-0.431 0.341 -1.127
-0.449 0.147 -1.091
-0.445 0.122 -1.102
-0.393 0.098 -1.202
-0.387 0.199 -1.205
-0.374 0.221 -1.203
-0.382 0.273 -1.203
-0.376 0.303 -1.203
-0.375 0.325 -1.203
-0.377 0.346 -1.203
-0.379 0.364 -1.203
-0.373 0.384 -1.201
-0.357 0.446 -1.199
-0.360 0.477 -1.199
-0.378 0.489 -1.194
-0.367 0.563 -1.187
-0.370 0.596 -1.169
-0.350 0.673 -1.126
-0.389 0.467 -1.178
-0.346 0.659 -1.112
-0.440 0.044 -1.114
-0.433 0.094 -1.133
-0.413 0.174 -1.174
-0.392 0.502 -1.138
-0.386 0.551 -1.149
-0.426 0.044 -1.148
-0.415 0.270 -1.168
-0.434 0.223 -1.130
-0.409 0.314 -1.176
-0.375 0.569 -1.120
-0.421 0.425 -1.143
-0.413 0.364 -1.164
-0.413 0.087 -1.177
-0.409 0.221 -1.179
-0.394 0.410 -1.188
-0.422 0.134 -1.159
-0.360 0.621 -1.128
-0.096 0.028 -1.193
-0.085 0.076 -1.177
-0.085 0.125 -1.176
-0.087 0.151 -1.179
-0.088 0.178 -1.180
-0.090 0.239 -1.180
-0.092 0.316 -1.180
-0.095 0.373 -1.185
-0.097 0.410 -1.183
-0.100 0.438 -1.174
-0.102 0.475 -1.173
-0.101 0.503 -1.175
-0.101 0.531 -1.177
-0.111 0.627 -1.145
-0.091 0.633 -1.122
-0.370 0.619 -1.161
-0.172 0.808 -1.169
-0.087 0.794 -1.172
-0.120 0.746 -1.197
-0.177 0.824 -1.150
-0.157 0.847 -1.116
-0.125 0.824 -1.132
-0.086 0.805 -1.138
-0.105 0.804 -1.167
-0.100 0.773 -1.186
-0.147 0.815 -1.156
-0.191 -0.015 -1.199
-0.206 0.011 -1.201
-0.228 0.525 -1.249
-0.221 0.786 -1.187
-0.120 -0.006 -1.199
-0.212 0.109 -1.208
-0.099 0.672 -1.153
-0.176 -0.013 -1.198
-0.235 0.712 -1.246
-0.098 0.717 -1.193
-0.104 0.659 -1.196
-0.220 0.265 -1.219
-0.215 0.186 -1.214
-0.228 0.426 -1.237
-0.177 0.072 -1.200
-0.168 0.122 -1.200
-0.150 0.761 -1.201
-0.176 0.239 -1.207
-0.184 0.291 -1.211
-0.128 0.252 -1.203
-0.102 0.308 -1.195
-0.124 0.425 -1.205
-0.102 0.566 -1.176
-0.195 0.604 -1.237
-0.221 0.641 -1.259
-0.177 0.709 -1.231
-0.204 0.751 -1.212
-0.175 0.783 -1.184
-0.144 0.318 -1.206
-0.121 0.198 -1.202
-0.121 0.373 -1.204
-0.150 0.476 -1.212
-0.160 0.031 -1.198
-0.171 0.174 -1.203
-0.180 0.379 -1.214
-0.182 0.555 -1.225
-0.112 0.491 -1.201
-0.219 0.335 -1.224
-0.115 0.093 -1.199
-0.132 0.529 -1.210
-0.200 0.486 -1.229
-0.102 0.610 -1.180
-0.185 0.431 -1.218
-0.126 0.694 -1.209
-0.161 0.640 -1.221
-0.119 0.151 -1.200
-0.121 0.589 -1.207
-0.336 0.728 -1.201
-0.383 0.769 -1.138
-0.353 0.739 -1.187
-0.326 0.723 -1.208
-0.351 0.724 -1.159
-0.322 0.782 -1.159
-0.336 0.859 -1.098
-0.367 0.795 -1.089
-0.341 0.822 -1.130
-0.316 0.740 -1.164
-0.288 0.750 -1.138
-0.314 0.734 -1.179
-0.293 0.705 -1.173
-0.269 0.757 -1.033
-0.249 0.724 -1.033
-0.155 0.728 -1.040
-0.112 0.724 -1.052
-0.369 0.768 -1.057
-0.288 0.847 -1.131
-0.345 0.756 -1.053
-0.359 0.843 -1.064
-0.317 0.846 -1.113
-0.322 0.787 -1.044
-0.113 0.816 -1.122
-0.308 0.835 -1.059
-0.186 0.736 -1.036
-0.095 0.790 -1.082
-0.246 0.877 -1.074
-0.139 0.774 -1.049
-0.156 0.812 -1.059
-0.222 0.747 -1.034
-0.280 0.804 -1.039
-0.247 0.834 -1.056
-0.208 0.791 -1.043
-0.187 0.867 -1.073
-0.140 0.839 -1.110
-0.277 0.838 -1.085
-0.471 0.055 -1.018
-0.452 0.070 -1.084
-0.311 0.731 -1.045
-0.276 0.052 -1.005
-0.401 0.695 -1.070
-0.240 0.010 -1.023
-0.156 0.058 -1.069
-0.072 0.608 -1.070
-0.133 0.688 -1.043
-0.435 0.162 -1.127
-0.445 0.058 -0.988
-0.296 0.702 -1.041
-0.162 0.120 -1.052
-0.141 0.313 -1.070
-0.383 0.585 -1.103
-0.307 0.022 -1.004
-0.128 0.413 -1.072
-0.106 0.455 -1.044
-0.188 0.669 -1.033
-0.151 0.247 -1.029
-0.198 0.208 -1.009
-0.141 0.185 -1.062
-0.365 0.046 -1.006
-0.426 0.478 -1.059
-0.128 0.359 -1.050
-0.450 0.098 -1.089
-0.428 0.402 -1.043
-0.168 0.604 -1.027
-0.202 0.145 -1.015
-0.221 0.090 -1.015
-0.180 0.012 -1.056
-0.208 0.044 -1.031
-0.084 0.564 -1.051
-0.442 0.354 -1.074
-0.408 0.614 -1.093
-0.416 0.578 -1.071
-0.446 0.254 -1.090
-0.423 0.536 -1.104
-0.408 0.535 -1.049
-0.211 0.259 -1.005
-0.131 0.633 -1.034
-0.356 0.709 -1.059
-0.343 0.633 -1.058
-0.321 0.660 -1.052
-0.302 0.092 -1.001
-0.072 0.652 -1.051
-0.440 0.297 -1.105
-0.445 0.306 -1.055
-0.441 0.268 -1.027
-0.405 0.306 -1.021
-0.152 0.291 -1.020
-0.194 0.330 -1.009
-0.253 0.682 -1.034
-0.095 0.504 -1.053
-0.201 0.499 -1.023
-0.145 0.461 -1.021
-0.139 0.538 -1.025
-0.464 0.130 -1.027
-0.370 0.185 -1.025
-0.430 0.176 -1.002
-0.424 0.113 -0.996
-0.367 0.120 -1.016
-0.295 0.158 -1.003
-0.446 0.190 -1.096
-0.434 0.431 -1.092
-0.423 0.347 -1.028
-0.363 0.326 -1.040
-0.393 0.402 -1.033
-0.339 0.481 -1.054
-0.347 0.429 -1.050
-0.393 0.472 -1.039
-0.391 0.603 -1.050
-0.258 0.200 -1.006
-0.456 0.199 -1.042
-0.119 0.413 -1.031
-0.144 0.363 -1.017
-0.419 0.230 -1.009
-0.363 0.251 -1.032
-0.277 0.513 -1.044
-0.275 0.458 -1.040
-0.347 0.540 -1.058
-0.314 0.224 -1.019
-0.245 0.632 -1.034
-0.327 0.575 -1.054
-0.238 0.339 -1.014
-0.328 0.360 -1.040
-0.288 0.387 -1.036
-0.239 0.405 -1.023
-0.301 0.299 -1.028
-0.222 0.576 -1.030
-0.282 0.587 -1.050
-0.192 0.421 -1.017
-0.261 0.281 -1.015
-0.392 0.712 -1.079
-0.404 0.645 -1.064
