-0.383 0.036 -1.194
-0.386 0.076 -1.191
-0.376 0.116 -1.194
-0.379 0.151 -1.194
-0.372 0.174 -1.194
-0.376 0.239 -1.196
-0.354 0.258 -1.190
-0.372 0.417 -1.198
-0.363 0.520 -1.194
-0.246 0.511 -1.246
-0.246 0.377 -1.218
-0.288 0.028 -1.171
-0.259 0.247 -1.199
-0.234 0.665 -1.263
-0.359 0.671 -1.161
-0.338 0.678 -1.178
-0.269 0.084 -1.184
-0.248 0.439 -1.227
-0.271 0.505 -1.215
-0.348 0.561 -1.194
-0.369 0.071 -1.192
-0.310 0.674 -1.181
-0.262 0.168 -1.197
-0.293 0.200 -1.193
-0.254 0.306 -1.205
-0.321 0.403 -1.190
-0.248 0.592 -1.262
-0.269 0.590 -1.225
-0.243 0.684 -1.218
-0.345 0.619 -1.186
-0.323 0.080 -1.173
-0.289 0.130 -1.186
-0.331 0.203 -1.181
-0.335 0.146 -1.177
-0.311 0.274 -1.189
-0.278 0.353 -1.200
-0.279 0.419 -1.206
-0.305 0.555 -1.196
-0.331 0.316 -1.186
-0.321 0.482 -1.193
-0.283 0.642 -1.198
-0.071 0.640 -1.096
-0.087 0.608 -1.100
-0.098 0.574 -1.095
-0.111 0.527 -1.092
-0.125 0.455 -1.078
-0.139 0.363 -1.093
-0.137 0.221 -1.073
-0.143 0.139 -1.081
-0.128 -0.004 -1.114
-0.093 -0.005 -1.165
-0.104 0.021 -1.142
-0.094 0.045 -1.165
-0.095 0.101 -1.171
-0.096 0.210 -1.173
-0.097 0.267 -1.178
-0.098 0.346 -1.172
-0.100 0.451 -1.179
-0.118 0.563 -1.146
-0.133 0.424 -1.111
-0.118 0.591 -1.135
-0.117 0.405 -1.150
-0.155 0.014 -1.086
-0.119 0.058 -1.131
-0.147 0.103 -1.083
-0.128 0.231 -1.137
-0.120 0.267 -1.148
-0.125 0.373 -1.140
-0.125 0.322 -1.139
-0.122 0.470 -1.143
-0.129 0.477 -1.098
-0.125 0.523 -1.118
-0.145 0.067 -1.105
-0.135 0.176 -1.122
-0.104 0.174 -1.155
-0.127 0.111 -1.129
-0.132 0.259 -1.097
-0.342 0.673 -1.097
-0.365 0.641 -1.094
-0.368 0.619 -1.101
-0.397 0.525 -1.116
-0.420 0.469 -1.133
-0.426 0.387 -1.129
-0.429 0.341 -1.124
-0.446 0.147 -1.085
-0.442 0.122 -1.095
-0.385 0.096 -1.192
-0.380 0.198 -1.197
-0.368 0.220 -1.195
-0.377 0.272 -1.197
-0.371 0.302 -1.198
-0.371 0.324 -1.197
-0.374 0.345 -1.199
-0.376 0.363 -1.198
-0.371 0.383 -1.197
-0.356 0.446 -1.196
-0.359 0.476 -1.197
-0.377 0.489 -1.192
-0.367 0.562 -1.186
-0.369 0.595 -1.169
-0.349 0.673 -1.125
-0.388 0.466 -1.176
-0.346 0.659 -1.112
-0.436 0.044 -1.105
-0.428 0.094 -1.124
-0.408 0.173 -1.166
-0.391 0.501 -1.137
-0.385 0.550 -1.148
-0.420 0.043 -1.138
-0.411 0.269 -1.163
-0.431 0.223 -1.125
-0.405 0.313 -1.171
-0.375 0.569 -1.119
-0.420 0.424 -1.141
-0.411 0.363 -1.161
-0.406 0.086 -1.168
-0.404 0.220 -1.172
-0.392 0.409 -1.185
-0.416 0.133 -1.150
-0.359 0.621 -1.127
-0.107 0.026 -1.187
-0.094 0.074 -1.171
-0.094 0.123 -1.171
-0.096 0.150 -1.173
-0.096 0.177 -1.174
-0.096 0.237 -1.175
-0.097 0.314 -1.175
-0.099 0.372 -1.181
-0.100 0.409 -1.179
-0.103 0.436 -1.170
-0.104 0.474 -1.170
-0.104 0.502 -1.172
-0.103 0.529 -1.174
-0.112 0.626 -1.143
-0.092 0.633 -1.120
-0.370 0.619 -1.160
-0.172 0.808 -1.169
-0.087 0.793 -1.172
-0.121 0.745 -1.196
-0.177 0.824 -1.150
-0.157 0.847 -1.116
-0.125 0.824 -1.132
-0.086 0.805 -1.137
-0.105 0.803 -1.167
-0.100 0.772 -1.186
-0.147 0.815 -1.156
-0.202 -0.015 -1.191
-0.217 0.012 -1.193
-0.229 0.525 -1.248
-0.221 0.786 -1.187
-0.132 -0.007 -1.191
-0.221 0.109 -1.201
-0.100 0.671 -1.151
-0.188 -0.013 -1.190
-0.235 0.712 -1.246
-0.099 0.716 -1.191
-0.105 0.658 -1.194
-0.225 0.265 -1.215
-0.223 0.187 -1.209
-0.228 0.426 -1.238
-0.187 0.071 -1.193
-0.177 0.121 -1.194
-0.150 0.760 -1.200
-0.182 0.238 -1.201
-0.189 0.291 -1.206
-0.134 0.251 -1.198
-0.107 0.307 -1.190
-0.127 0.424 -1.202
-0.104 0.565 -1.173
-0.196 0.603 -1.235
-0.222 0.641 -1.258
-0.177 0.709 -1.230
-0.204 0.751 -1.212
-0.175 0.782 -1.184
-0.149 0.317 -1.202
-0.128 0.197 -1.196
-0.125 0.371 -1.199
-0.152 0.475 -1.209
-0.171 0.031 -1.191
-0.179 0.174 -1.198
-0.183 0.378 -1.211
-0.184 0.554 -1.223
-0.115 0.490 -1.197
-0.224 0.335 -1.221
-0.125 0.091 -1.193
-0.134 0.528 -1.207
-0.201 0.485 -1.227
-0.103 0.609 -1.177
-0.187 0.431 -1.217
-0.127 0.693 -1.207
-0.162 0.639 -1.219
-0.127 0.150 -1.195
-0.122 0.588 -1.204
-0.336 0.728 -1.201
-0.383 0.769 -1.138
-0.353 0.739 -1.187
-0.326 0.723 -1.208
-0.351 0.724 -1.158
-0.322 0.782 -1.159
-0.336 0.859 -1.098
-0.367 0.795 -1.089
-0.341 0.822 -1.130
-0.316 0.740 -1.164
-0.288 0.750 -1.138
-0.314 0.734 -1.179
-0.293 0.705 -1.173
-0.269 0.758 -1.033
-0.249 0.724 -1.033
-0.156 0.728 -1.040
-0.113 0.724 -1.052
-0.369 0.768 -1.057
-0.288 0.847 -1.131
-0.345 0.756 -1.053
-0.359 0.843 -1.064
-0.317 0.846 -1.113
-0.322 0.787 -1.044
-0.113 0.816 -1.122
-0.308 0.835 -1.059
-0.186 0.736 -1.036
-0.095 0.790 -1.082
-0.246 0.877 -1.074
-0.139 0.774 -1.049
-0.156 0.812 -1.059
-0.222 0.747 -1.034
-0.280 0.804 -1.038
-0.247 0.834 -1.056
-0.208 0.791 -1.043
-0.187 0.867 -1.073
-0.140 0.839 -1.110
-0.277 0.838 -1.085
-0.473 0.056 -1.011
-0.450 0.071 -1.077
-0.311 0.732 -1.045
-0.279 0.053 -0.991
-0.401 0.695 -1.070
-0.244 0.011 -1.010
-0.162 0.058 -1.061
-0.072 0.608 -1.068
-0.133 0.688 -1.042
-0.432 0.162 -1.120
-0.449 0.061 -0.979
-0.296 0.702 -1.041
-0.167 0.120 -1.044
-0.143 0.313 -1.065
-0.383 0.585 -1.102
-0.310 0.024 -0.990
-0.130 0.413 -1.068
-0.107 0.455 -1.040
-0.188 0.670 -1.032
-0.153 0.248 -1.023
-0.200 0.209 -1.001
-0.146 0.185 -1.055
-0.367 0.048 -0.991
-0.426 0.479 -1.057
-0.130 0.359 -1.045
-0.447 0.099 -1.082
-0.430 0.403 -1.041
-0.168 0.604 -1.025
-0.204 0.146 -1.005
-0.224 0.091 -1.003
-0.185 0.012 -1.046
-0.212 0.045 -1.020
-0.084 0.564 -1.048
-0.443 0.355 -1.072
-0.408 0.614 -1.092
-0.417 0.578 -1.070
-0.444 0.254 -1.085
-0.423 0.536 -1.103
-0.408 0.535 -1.048
-0.213 0.260 -0.997
-0.131 0.633 -1.032
-0.356 0.709 -1.058
-0.343 0.633 -1.057
-0.321 0.661 -1.052
-0.304 0.094 -0.988
-0.072 0.652 -1.050
-0.438 0.297 -1.101
-0.446 0.307 -1.052
-0.442 0.269 -1.023
-0.408 0.307 -1.015
-0.153 0.292 -1.014
-0.195 0.330 -1.003
-0.254 0.683 -1.033
-0.095 0.503 -1.050
-0.201 0.499 -1.019
-0.146 0.461 -1.017
-0.140 0.538 -1.023
-0.465 0.131 -1.021
-0.372 0.186 -1.014
-0.433 0.178 -0.995
-0.427 0.115 -0.987
-0.370 0.122 -1.004
-0.297 0.160 -0.991
-0.445 0.191 -1.090
-0.434 0.431 -1.090
-0.424 0.348 -1.025
-0.364 0.327 -1.033
-0.395 0.403 -1.029
-0.340 0.482 -1.049
-0.348 0.429 -1.043
-0.394 0.473 -1.036
-0.391 0.603 -1.049
-0.260 0.201 -0.995
-0.457 0.200 -1.037
-0.120 0.413 -1.027
-0.145 0.363 -1.012
-0.422 0.232 -1.003
-0.365 0.253 -1.023
-0.277 0.514 -1.041
-0.276 0.459 -1.036
-0.348 0.540 -1.056
-0.316 0.226 -1.008
-0.245 0.632 -1.032
-0.327 0.575 -1.052
-0.239 0.340 -1.008
-0.330 0.361 -1.029
-0.289 0.388 -1.030
-0.240 0.405 -1.017
-0.303 0.300 -1.019
-0.222 0.577 -1.027
-0.282 0.587 -1.048
-0.193 0.421 -1.013
-0.263 0.282 -1.006
-0.392 0.712 -1.079
-0.404 0.645 -1.063
