-0.375 0.035 -1.184
-0.378 0.075 -1.182
-0.369 0.115 -1.185
-0.372 0.150 -1.187
-0.366 0.173 -1.187
-0.371 0.238 -1.190
-0.349 0.258 -1.184
-0.369 0.417 -1.195
-0.362 0.519 -1.193
-0.246 0.511 -1.245
-0.243 0.378 -1.213
-0.280 0.029 -1.157
-0.254 0.248 -1.190
-0.234 0.665 -1.263
-0.359 0.671 -1.160
-0.338 0.677 -1.178
-0.262 0.086 -1.171
-0.245 0.439 -1.225
-0.270 0.505 -1.214
-0.348 0.560 -1.193
-0.361 0.070 -1.182
-0.310 0.674 -1.181
-0.256 0.169 -1.186
-0.287 0.200 -1.184
-0.250 0.306 -1.198
-0.318 0.403 -1.187
-0.248 0.592 -1.262
-0.269 0.590 -1.225
-0.243 0.684 -1.218
-0.345 0.618 -1.186
-0.316 0.081 -1.161
-0.282 0.131 -1.174
-0.326 0.203 -1.173
-0.329 0.146 -1.168
-0.307 0.275 -1.182
-0.275 0.353 -1.195
-0.276 0.420 -1.203
-0.305 0.555 -1.195
-0.328 0.316 -1.181
-0.320 0.482 -1.191
-0.283 0.642 -1.197
-0.072 0.640 -1.095
-0.088 0.607 -1.099
-0.098 0.574 -1.093
-0.112 0.527 -1.090
-0.127 0.455 -1.075
-0.142 0.363 -1.089
-0.141 0.221 -1.068
-0.148 0.139 -1.075
-0.136 -0.004 -1.108
-0.103 -0.006 -1.160
-0.112 0.020 -1.137
-0.103 0.044 -1.161
-0.103 0.100 -1.167
-0.103 0.208 -1.169
-0.103 0.265 -1.174
-0.103 0.345 -1.169
-0.103 0.450 -1.177
-0.119 0.562 -1.144
-0.135 0.424 -1.108
-0.119 0.590 -1.134
-0.120 0.404 -1.147
-0.161 0.014 -1.079
-0.126 0.058 -1.125
-0.153 0.103 -1.077
-0.134 0.231 -1.132
-0.125 0.267 -1.144
-0.129 0.373 -1.136
-0.129 0.322 -1.135
-0.124 0.470 -1.141
-0.130 0.477 -1.096
-0.126 0.523 -1.116
-0.152 0.067 -1.098
-0.141 0.175 -1.118
-0.110 0.173 -1.151
-0.134 0.111 -1.124
-0.135 0.259 -1.092
-0.342 0.673 -1.097
-0.365 0.641 -1.094
-0.367 0.619 -1.100
-0.397 0.525 -1.115
-0.419 0.468 -1.132
-0.425 0.386 -1.127
-0.428 0.340 -1.121
-0.444 0.147 -1.080
-0.439 0.122 -1.089
-0.377 0.096 -1.183
-0.374 0.197 -1.190
-0.363 0.219 -1.188
-0.372 0.271 -1.191
-0.367 0.301 -1.193
-0.367 0.323 -1.193
-0.370 0.344 -1.195
-0.373 0.362 -1.195
-0.368 0.383 -1.194
-0.354 0.445 -1.194
-0.357 0.476 -1.195
-0.376 0.488 -1.190
-0.366 0.562 -1.185
-0.369 0.595 -1.168
-0.349 0.673 -1.125
-0.386 0.466 -1.175
-0.346 0.659 -1.112
-0.432 0.043 -1.098
-0.424 0.093 -1.118
-0.403 0.172 -1.160
-0.390 0.501 -1.136
-0.385 0.550 -1.147
-0.414 0.043 -1.130
-0.408 0.268 -1.158
-0.428 0.222 -1.120
-0.402 0.312 -1.168
-0.375 0.569 -1.119
-0.419 0.424 -1.139
-0.409 0.362 -1.158
-0.399 0.085 -1.160
-0.399 0.219 -1.167
-0.389 0.408 -1.182
-0.411 0.132 -1.144
-0.359 0.620 -1.127
-0.116 0.025 -1.182
-0.103 0.072 -1.166
-0.102 0.122 -1.166
-0.103 0.148 -1.169
-0.103 0.175 -1.170
-0.102 0.236 -1.171
-0.102 0.313 -1.172
-0.103 0.370 -1.178
-0.103 0.408 -1.176
-0.106 0.435 -1.167
-0.107 0.473 -1.167
-0.106 0.501 -1.169
-0.104 0.529 -1.172
-0.113 0.626 -1.142
-0.093 0.632 -1.118
-0.370 0.619 -1.160
-0.172 0.808 -1.169
-0.087 0.793 -1.171
-0.121 0.745 -1.195
-0.177 0.824 -1.150
-0.157 0.847 -1.116
-0.125 0.824 -1.132
-0.086 0.805 -1.137
-0.105 0.803 -1.167
-0.100 0.772 -1.185
-0.147 0.815 -1.156
-0.213 -0.014 -1.184
-0.227 0.013 -1.187
-0.229 0.525 -1.248
-0.221 0.786 -1.187
-0.142 -0.008 -1.186
-0.229 0.110 -1.195
-0.100 0.671 -1.150
-0.198 -0.012 -1.184
-0.235 0.712 -1.246
-0.099 0.715 -1.190
-0.106 0.658 -1.192
-0.231 0.266 -1.211
-0.230 0.188 -1.204
-0.232 0.427 -1.234
-0.196 0.072 -1.187
-0.185 0.121 -1.189
-0.150 0.760 -1.200
-0.188 0.238 -1.197
-0.194 0.291 -1.203
-0.140 0.250 -1.194
-0.112 0.306 -1.187
-0.131 0.423 -1.199
-0.105 0.564 -1.171
-0.196 0.603 -1.235
-0.222 0.640 -1.257
-0.177 0.708 -1.229
-0.204 0.751 -1.211
-0.175 0.782 -1.183
-0.154 0.317 -1.198
-0.135 0.196 -1.192
-0.129 0.370 -1.196
-0.154 0.474 -1.207
-0.180 0.031 -1.185
-0.186 0.174 -1.193
-0.187 0.378 -1.208
-0.185 0.554 -1.222
-0.117 0.489 -1.195
-0.228 0.335 -1.218
-0.134 0.091 -1.188
-0.135 0.528 -1.205
-0.203 0.485 -1.226
-0.104 0.608 -1.176
-0.190 0.431 -1.214
-0.127 0.692 -1.206
-0.163 0.639 -1.218
-0.135 0.149 -1.190
-0.123 0.587 -1.202
-0.336 0.728 -1.201
-0.383 0.769 -1.138
-0.353 0.739 -1.187
-0.326 0.723 -1.208
-0.351 0.724 -1.158
-0.322 0.782 -1.159
-0.336 0.859 -1.098
-0.367 0.795 -1.089
-0.341 0.822 -1.130
-0.316 0.740 -1.164
-0.288 0.750 -1.138
-0.314 0.734 -1.179
-0.293 0.705 -1.173
-0.269 0.758 -1.033
-0.249 0.725 -1.033
-0.156 0.728 -1.040
-0.113 0.724 -1.052
-0.369 0.768 -1.057
-0.288 0.847 -1.131
-0.345 0.756 -1.053
-0.359 0.843 -1.064
-0.317 0.846 -1.113
-0.322 0.787 -1.044
-0.113 0.816 -1.122
-0.308 0.835 -1.059
-0.187 0.736 -1.036
-0.095 0.790 -1.082
-0.246 0.877 -1.074
-0.139 0.774 -1.049
-0.156 0.812 -1.059
-0.222 0.748 -1.034
-0.280 0.804 -1.038
-0.247 0.834 -1.056
-0.209 0.791 -1.043
-0.187 0.867 -1.073
-0.140 0.839 -1.110
-0.277 0.838 -1.085
-0.473 0.057 -1.006
-0.447 0.071 -1.070
-0.311 0.732 -1.045
-0.281 0.055 -0.981
-0.401 0.695 -1.070
-0.247 0.012 -1.000
-0.167 0.058 -1.054
-0.073 0.608 -1.066
-0.133 0.688 -1.042
-0.428 0.162 -1.115
-0.452 0.062 -0.973
-0.296 0.702 -1.040
-0.171 0.121 -1.038
-0.147 0.313 -1.061
-0.383 0.585 -1.102
-0.312 0.025 -0.979
-0.132 0.413 -1.065
-0.108 0.455 -1.038
-0.189 0.670 -1.032
-0.155 0.248 -1.018
-0.202 0.210 -0.994
-0.150 0.185 -1.050
-0.370 0.050 -0.980
-0.427 0.479 -1.056
-0.132 0.359 -1.041
-0.445 0.099 -1.076
-0.431 0.404 -1.039
-0.168 0.604 -1.024
-0.207 0.147 -0.998
-0.227 0.092 -0.995
-0.190 0.013 -1.038
-0.216 0.046 -1.011
-0.085 0.564 -1.047
-0.443 0.355 -1.070
-0.408 0.614 -1.092
-0.417 0.578 -1.070
-0.444 0.254 -1.082
-0.423 0.536 -1.102
-0.409 0.536 -1.047
-0.215 0.261 -0.991
-0.131 0.633 -1.031
-0.356 0.709 -1.058
-0.343 0.633 -1.056
-0.321 0.661 -1.051
-0.306 0.095 -0.978
-0.073 0.652 -1.049
-0.437 0.297 -1.098
-0.446 0.307 -1.049
-0.444 0.270 -1.020
-0.409 0.308 -1.011
-0.155 0.292 -1.009
-0.196 0.331 -0.998
-0.254 0.683 -1.033
-0.096 0.503 -1.047
-0.202 0.499 -1.017
-0.147 0.461 -1.014
-0.140 0.539 -1.021
-0.466 0.132 -1.017
-0.373 0.188 -1.005
-0.435 0.180 -0.990
-0.430 0.117 -0.980
-0.372 0.123 -0.994
-0.299 0.161 -0.982
-0.443 0.190 -1.086
-0.434 0.431 -1.089
-0.426 0.349 -1.022
-0.365 0.328 -1.027
-0.396 0.404 -1.026
-0.341 0.482 -1.046
-0.349 0.430 -1.037
-0.395 0.474 -1.034
-0.391 0.604 -1.049
-0.262 0.202 -0.986
-0.458 0.201 -1.033
-0.121 0.413 -1.024
-0.147 0.364 -1.008
-0.424 0.233 -0.999
-0.366 0.254 -1.017
-0.278 0.514 -1.038
-0.277 0.459 -1.032
-0.348 0.540 -1.054
-0.318 0.228 -0.995
-0.246 0.632 -1.032
-0.328 0.575 -1.051
-0.240 0.341 -1.001
-0.332 0.363 -1.021
-0.291 0.389 -1.022
-0.241 0.406 -1.012
-0.306 0.302 -1.007
-0.223 0.577 -1.026
-0.283 0.587 -1.046
-0.194 0.422 -1.009
-0.264 0.283 -0.998
-0.392 0.712 -1.079
-0.404 0.645 -1.063
