-0.502 0.057 -0.201
-0.500 0.097 -0.201
-0.494 0.135 -0.215
-0.495 0.171 -0.216
-0.490 0.193 -0.224
-0.491 0.258 -0.229
-0.472 0.274 -0.245
-0.486 0.434 -0.251
-0.476 0.535 -0.265
-0.448 0.514 -0.390
-0.428 0.381 -0.360
-0.430 0.039 -0.265
-0.426 0.253 -0.326
-0.453 0.664 -0.424
-0.441 0.685 -0.265
-0.450 0.689 -0.291
-0.427 0.093 -0.293
-0.435 0.442 -0.370
-0.439 0.511 -0.351
-0.468 0.574 -0.280
-0.490 0.090 -0.214
-0.440 0.684 -0.317
-0.430 0.175 -0.315
-0.442 0.210 -0.290
-0.425 0.311 -0.338
-0.450 0.415 -0.286
-0.463 0.593 -0.405
-0.447 0.594 -0.366
-0.448 0.687 -0.390
-0.461 0.631 -0.283
-0.448 0.095 -0.243
-0.437 0.140 -0.283
-0.454 0.217 -0.252
-0.456 0.161 -0.242
-0.447 0.286 -0.280
-0.434 0.360 -0.321
-0.437 0.427 -0.331
-0.445 0.565 -0.316
-0.454 0.329 -0.267
-0.451 0.494 -0.295
-0.439 0.648 -0.344
-0.044 0.699 -0.163
-0.049 0.663 -0.170
-0.057 0.629 -0.165
-0.064 0.581 -0.162
-0.078 0.509 -0.145
-0.070 0.414 -0.144
-0.071 0.278 -0.099
-0.066 0.196 -0.093
-0.024 0.056 -0.079
0.037 0.056 -0.089
0.011 0.082 -0.087
0.033 0.105 -0.100
0.033 0.159 -0.116
0.027 0.265 -0.140
0.026 0.320 -0.155
0.015 0.399 -0.168
0.012 0.500 -0.195
-0.033 0.608 -0.212
-0.059 0.473 -0.167
-0.044 0.636 -0.211
-0.018 0.454 -0.179
-0.064 0.071 -0.081
-0.010 0.117 -0.097
-0.065 0.160 -0.090
-0.023 0.284 -0.143
-0.012 0.319 -0.152
-0.029 0.422 -0.171
-0.026 0.373 -0.160
-0.031 0.518 -0.192
-0.069 0.527 -0.167
-0.056 0.571 -0.189
-0.048 0.123 -0.098
-0.034 0.229 -0.126
0.011 0.231 -0.126
-0.020 0.167 -0.113
-0.054 0.314 -0.121
-0.380 0.689 -0.239
-0.395 0.661 -0.216
-0.402 0.639 -0.215
-0.435 0.546 -0.191
-0.464 0.492 -0.178
-0.465 0.412 -0.163
-0.465 0.367 -0.152
-0.452 0.177 -0.095
-0.456 0.152 -0.103
-0.499 0.117 -0.205
-0.496 0.217 -0.222
-0.486 0.237 -0.232
-0.491 0.290 -0.232
-0.488 0.319 -0.240
-0.487 0.341 -0.242
-0.489 0.362 -0.243
-0.490 0.380 -0.243
-0.485 0.400 -0.248
-0.474 0.460 -0.265
-0.476 0.491 -0.266
-0.483 0.505 -0.250
-0.471 0.577 -0.261
-0.459 0.611 -0.252
-0.407 0.688 -0.251
-0.477 0.485 -0.230
-0.395 0.674 -0.244
-0.462 0.073 -0.106
-0.469 0.121 -0.130
-0.488 0.196 -0.179
-0.447 0.521 -0.206
-0.452 0.569 -0.223
-0.477 0.070 -0.139
-0.485 0.292 -0.184
-0.470 0.249 -0.140
-0.487 0.334 -0.198
-0.422 0.588 -0.215
-0.471 0.448 -0.179
-0.481 0.385 -0.192
-0.492 0.109 -0.173
-0.489 0.243 -0.190
-0.487 0.428 -0.227
-0.482 0.158 -0.159
-0.416 0.637 -0.239
0.042 0.083 -0.120
0.035 0.133 -0.110
0.032 0.181 -0.119
0.031 0.207 -0.127
0.030 0.233 -0.134
0.026 0.292 -0.147
0.021 0.367 -0.162
0.020 0.423 -0.179
0.015 0.459 -0.186
0.004 0.486 -0.188
0.000 0.523 -0.197
0.000 0.550 -0.204
0.001 0.577 -0.211
-0.038 0.672 -0.221
-0.042 0.685 -0.192
-0.450 0.635 -0.249
-0.105 0.804 -0.323
-0.048 0.832 -0.265
-0.029 0.777 -0.291
-0.130 0.815 -0.316
-0.157 0.846 -0.276
-0.109 0.839 -0.268
-0.072 0.845 -0.247
-0.067 0.830 -0.276
-0.036 0.810 -0.278
-0.105 0.819 -0.297
-0.011 0.024 -0.187
-0.020 0.047 -0.205
-0.003 0.539 -0.353
-0.098 0.774 -0.376
0.032 0.045 -0.135
-0.022 0.140 -0.232
-0.031 0.717 -0.228
-0.003 0.029 -0.175
-0.015 0.712 -0.405
-0.011 0.759 -0.264
0.002 0.702 -0.255
-0.023 0.291 -0.276
-0.021 0.215 -0.254
-0.015 0.445 -0.325
-0.005 0.111 -0.194
-0.001 0.161 -0.196
-0.046 0.779 -0.319
-0.006 0.274 -0.229
-0.009 0.324 -0.248
0.020 0.296 -0.192
0.027 0.357 -0.178
0.015 0.466 -0.224
-0.004 0.612 -0.219
0.001 0.623 -0.337
0.010 0.651 -0.378
-0.012 0.728 -0.346
-0.054 0.752 -0.368
-0.080 0.787 -0.334
0.009 0.358 -0.219
0.026 0.245 -0.176
0.018 0.416 -0.210
0.004 0.510 -0.259
0.005 0.075 -0.171
-0.003 0.212 -0.211
-0.008 0.410 -0.264
-0.003 0.579 -0.310
0.015 0.534 -0.225
-0.021 0.359 -0.292
0.032 0.142 -0.150
0.009 0.567 -0.254
-0.007 0.509 -0.311
-0.004 0.655 -0.231
-0.009 0.460 -0.281
-0.006 0.728 -0.289
-0.001 0.667 -0.310
0.028 0.199 -0.165
0.009 0.628 -0.257
-0.363 0.720 -0.407
-0.313 0.767 -0.373
-0.346 0.731 -0.401
-0.373 0.715 -0.409
-0.434 0.736 -0.277
-0.415 0.785 -0.307
-0.346 0.839 -0.272
-0.337 0.798 -0.332
-0.381 0.817 -0.302
-0.428 0.748 -0.314
-0.409 0.758 -0.348
-0.383 0.732 -0.384
-0.431 0.713 -0.335
-0.277 0.795 -0.173
-0.254 0.764 -0.167
-0.163 0.776 -0.161
-0.118 0.778 -0.159
-0.377 0.794 -0.194
-0.287 0.848 -0.292
-0.352 0.784 -0.190
-0.369 0.848 -0.234
-0.316 0.840 -0.288
-0.330 0.816 -0.191
-0.104 0.839 -0.251
-0.317 0.848 -0.229
-0.194 0.781 -0.165
-0.100 0.838 -0.200
-0.248 0.889 -0.260
-0.150 0.821 -0.179
-0.166 0.846 -0.208
-0.230 0.788 -0.170
-0.290 0.836 -0.195
-0.257 0.863 -0.219
-0.219 0.828 -0.191
-0.196 0.880 -0.254
-0.140 0.848 -0.263
-0.283 0.853 -0.250
-0.420 0.093 -0.016
-0.450 0.102 -0.079
-0.317 0.764 -0.177
-0.221 0.103 -0.043
-0.406 0.722 -0.182
-0.179 0.064 -0.046
-0.088 0.115 -0.073
-0.059 0.669 -0.136
-0.137 0.740 -0.149
-0.469 0.189 -0.130
-0.383 0.099 -0.003
-0.300 0.737 -0.168
-0.104 0.178 -0.071
-0.088 0.368 -0.115
-0.414 0.606 -0.200
-0.249 0.070 -0.038
-0.084 0.468 -0.132
-0.087 0.516 -0.105
-0.191 0.716 -0.152
-0.113 0.308 -0.071
-0.160 0.265 -0.060
-0.086 0.244 -0.083
-0.310 0.088 -0.043
-0.416 0.510 -0.120
-0.093 0.418 -0.101
-0.451 0.129 -0.088
-0.408 0.436 -0.096
-0.165 0.654 -0.138
-0.157 0.203 -0.055
-0.170 0.146 -0.051
-0.112 0.069 -0.063
-0.149 0.100 -0.054
-0.075 0.626 -0.119
-0.437 0.385 -0.108
-0.425 0.639 -0.180
-0.418 0.607 -0.151
-0.449 0.284 -0.106
-0.443 0.562 -0.165
-0.398 0.567 -0.131
-0.179 0.314 -0.067
-0.132 0.687 -0.135
-0.361 0.738 -0.184
-0.343 0.663 -0.172
-0.323 0.693 -0.172
-0.251 0.140 -0.047
-0.074 0.714 -0.129
-0.455 0.325 -0.126
-0.426 0.339 -0.087
-0.407 0.304 -0.062
-0.373 0.342 -0.074
-0.121 0.352 -0.072
-0.169 0.384 -0.081
-0.257 0.722 -0.159
-0.078 0.565 -0.115
-0.189 0.547 -0.123
-0.133 0.518 -0.101
-0.133 0.594 -0.117
-0.420 0.167 -0.035
-0.330 0.224 -0.072
-0.381 0.215 -0.034
-0.370 0.153 -0.025
-0.320 0.160 -0.059
-0.251 0.206 -0.056
-0.454 0.220 -0.103
-0.443 0.459 -0.135
-0.394 0.382 -0.080
-0.337 0.362 -0.103
-0.371 0.438 -0.101
-0.327 0.515 -0.140
-0.331 0.464 -0.129
-0.377 0.506 -0.117
-0.387 0.634 -0.150
-0.220 0.250 -0.063
-0.425 0.234 -0.058
-0.100 0.474 -0.093
-0.123 0.423 -0.080
-0.378 0.268 -0.051
-0.330 0.289 -0.088
-0.269 0.555 -0.129
-0.263 0.502 -0.117
-0.341 0.572 -0.153
-0.278 0.269 -0.071
-0.244 0.674 -0.151
-0.322 0.608 -0.158
-0.212 0.388 -0.090
-0.306 0.399 -0.109
-0.270 0.431 -0.103
-0.220 0.452 -0.105
-0.275 0.344 -0.084
-0.217 0.621 -0.140
-0.281 0.626 -0.145
-0.174 0.473 -0.103
-0.231 0.330 -0.078
-0.401 0.737 -0.197
-0.405 0.674 -0.165
