-0.367 0.035 -1.175
-0.372 0.075 -1.175
-0.363 0.115 -1.178
-0.367 0.150 -1.180
-0.361 0.173 -1.181
-0.367 0.238 -1.186
-0.345 0.258 -1.179
-0.367 0.416 -1.193
-0.361 0.519 -1.192
-0.245 0.511 -1.244
-0.240 0.378 -1.209
-0.274 0.031 -1.146
-0.250 0.249 -1.183
-0.234 0.665 -1.263
-0.359 0.670 -1.160
-0.338 0.677 -1.177
-0.256 0.087 -1.160
-0.244 0.439 -1.222
-0.269 0.505 -1.212
-0.347 0.560 -1.192
-0.355 0.070 -1.174
-0.310 0.674 -1.181
-0.251 0.171 -1.178
-0.282 0.201 -1.177
-0.247 0.307 -1.192
-0.316 0.403 -1.184
-0.248 0.592 -1.261
-0.269 0.590 -1.224
-0.243 0.684 -1.218
-0.345 0.618 -1.186
-0.310 0.082 -1.152
-0.276 0.132 -1.165
-0.321 0.204 -1.166
-0.324 0.147 -1.160
-0.304 0.275 -1.177
-0.272 0.354 -1.191
-0.274 0.420 -1.200
-0.304 0.555 -1.193
-0.325 0.316 -1.177
-0.319 0.482 -1.189
-0.283 0.642 -1.197
-0.072 0.639 -1.095
-0.088 0.607 -1.098
-0.099 0.573 -1.092
-0.113 0.527 -1.089
-0.128 0.455 -1.073
-0.145 0.363 -1.087
-0.145 0.221 -1.065
-0.152 0.139 -1.071
-0.142 -0.005 -1.104
-0.111 -0.007 -1.157
-0.119 0.020 -1.133
-0.110 0.043 -1.158
-0.110 0.099 -1.164
-0.108 0.208 -1.167
-0.107 0.265 -1.172
-0.106 0.344 -1.167
-0.105 0.449 -1.175
-0.120 0.562 -1.143
-0.137 0.424 -1.106
-0.119 0.590 -1.133
-0.123 0.404 -1.145
-0.166 0.014 -1.074
-0.132 0.057 -1.122
-0.157 0.104 -1.073
-0.138 0.231 -1.129
-0.129 0.266 -1.141
-0.132 0.372 -1.134
-0.133 0.321 -1.132
-0.126 0.469 -1.139
-0.132 0.477 -1.094
-0.128 0.523 -1.115
-0.157 0.067 -1.094
-0.146 0.175 -1.114
-0.116 0.173 -1.148
-0.139 0.110 -1.120
-0.139 0.258 -1.089
-0.341 0.672 -1.097
-0.364 0.641 -1.093
-0.367 0.619 -1.100
-0.397 0.525 -1.115
-0.419 0.468 -1.131
-0.424 0.386 -1.125
-0.426 0.340 -1.119
-0.442 0.147 -1.076
-0.436 0.122 -1.085
-0.371 0.095 -1.176
-0.369 0.197 -1.185
-0.358 0.219 -1.183
-0.369 0.270 -1.187
-0.364 0.300 -1.189
-0.364 0.322 -1.189
-0.368 0.343 -1.191
-0.370 0.361 -1.192
-0.366 0.382 -1.191
-0.352 0.445 -1.192
-0.356 0.475 -1.193
-0.374 0.488 -1.189
-0.366 0.562 -1.184
-0.370 0.595 -1.168
-0.349 0.673 -1.124
-0.385 0.465 -1.174
-0.346 0.659 -1.111
-0.428 0.043 -1.092
-0.419 0.093 -1.112
-0.398 0.172 -1.155
-0.390 0.501 -1.135
-0.385 0.550 -1.147
-0.408 0.043 -1.123
-0.405 0.268 -1.155
-0.425 0.222 -1.117
-0.399 0.311 -1.165
-0.375 0.569 -1.118
-0.418 0.423 -1.138
-0.407 0.362 -1.156
-0.393 0.085 -1.153
-0.395 0.219 -1.162
-0.388 0.408 -1.180
-0.406 0.132 -1.138
-0.358 0.620 -1.126
-0.124 0.025 -1.178
-0.110 0.072 -1.163
-0.108 0.121 -1.163
-0.109 0.148 -1.166
-0.109 0.175 -1.168
-0.107 0.235 -1.169
-0.106 0.312 -1.169
-0.107 0.370 -1.176
-0.106 0.407 -1.175
-0.108 0.435 -1.166
-0.109 0.472 -1.166
-0.107 0.500 -1.168
-0.106 0.528 -1.171
-0.114 0.626 -1.141
-0.093 0.632 -1.117
-0.369 0.619 -1.159
-0.172 0.808 -1.168
-0.087 0.792 -1.171
-0.121 0.744 -1.195
-0.177 0.824 -1.150
-0.157 0.847 -1.116
-0.125 0.824 -1.132
-0.086 0.805 -1.137
-0.105 0.803 -1.167
-0.100 0.772 -1.185
-0.147 0.815 -1.156
-0.221 -0.013 -1.179
-0.236 0.014 -1.181
-0.229 0.525 -1.249
-0.221 0.786 -1.187
-0.150 -0.008 -1.182
-0.236 0.111 -1.191
-0.101 0.670 -1.149
-0.206 -0.012 -1.179
-0.235 0.712 -1.246
-0.099 0.715 -1.189
-0.106 0.657 -1.192
-0.236 0.267 -1.208
-0.236 0.188 -1.200
-0.234 0.427 -1.235
-0.203 0.072 -1.183
-0.192 0.122 -1.185
-0.150 0.760 -1.199
-0.194 0.239 -1.194
-0.199 0.292 -1.200
-0.145 0.249 -1.191
-0.117 0.305 -1.185
-0.133 0.423 -1.197
-0.106 0.564 -1.170
-0.196 0.603 -1.235
-0.222 0.641 -1.258
-0.177 0.708 -1.229
-0.204 0.751 -1.211
-0.175 0.782 -1.183
-0.158 0.317 -1.196
-0.141 0.196 -1.189
-0.132 0.370 -1.194
-0.156 0.474 -1.206
-0.188 0.031 -1.180
-0.192 0.174 -1.189
-0.190 0.378 -1.207
-0.185 0.554 -1.222
-0.119 0.488 -1.194
-0.232 0.336 -1.216
-0.141 0.090 -1.184
-0.136 0.527 -1.204
-0.204 0.485 -1.226
-0.105 0.607 -1.175
-0.193 0.431 -1.213
-0.127 0.692 -1.206
-0.163 0.639 -1.218
-0.141 0.149 -1.187
-0.124 0.587 -1.202
-0.336 0.728 -1.201
-0.383 0.769 -1.138
-0.353 0.739 -1.187
-0.326 0.723 -1.208
-0.351 0.724 -1.158
-0.323 0.782 -1.159
-0.336 0.859 -1.098
-0.367 0.795 -1.089
-0.341 0.822 -1.130
-0.316 0.740 -1.164
-0.288 0.751 -1.138
-0.314 0.734 -1.179
-0.293 0.705 -1.173
-0.269 0.758 -1.033
-0.249 0.725 -1.033
-0.156 0.728 -1.040
-0.113 0.724 -1.052
-0.369 0.768 -1.057
-0.288 0.847 -1.131
-0.345 0.756 -1.053
-0.359 0.843 -1.064
-0.317 0.846 -1.113
-0.322 0.787 -1.044
-0.113 0.816 -1.122
-0.308 0.835 -1.059
-0.187 0.736 -1.036
-0.095 0.790 -1.082
-0.246 0.877 -1.074
-0.139 0.774 -1.049
-0.156 0.812 -1.059
-0.222 0.748 -1.034
-0.280 0.804 -1.038
-0.247 0.834 -1.056
-0.209 0.791 -1.043
-0.187 0.867 -1.073
-0.140 0.839 -1.110
-0.277 0.838 -1.085
-0.474 0.058 -1.002
-0.444 0.071 -1.065
-0.311 0.732 -1.045
-0.283 0.056 -0.974
-0.401 0.695 -1.071
-0.250 0.013 -0.993
-0.170 0.058 -1.049
-0.073 0.607 -1.065
-0.134 0.688 -1.042
-0.425 0.161 -1.110
-0.454 0.064 -0.968
-0.296 0.702 -1.040
-0.174 0.121 -1.033
-0.149 0.313 -1.058
-0.383 0.585 -1.101
-0.314 0.026 -0.971
-0.133 0.413 -1.063
-0.109 0.455 -1.037
-0.189 0.670 -1.032
-0.157 0.249 -1.015
-0.203 0.211 -0.989
-0.153 0.186 -1.047
-0.372 0.051 -0.973
-0.427 0.479 -1.055
-0.134 0.360 -1.039
-0.442 0.099 -1.072
-0.432 0.404 -1.037
-0.169 0.604 -1.024
-0.209 0.148 -0.993
-0.229 0.093 -0.989
-0.193 0.013 -1.032
-0.218 0.047 -1.004
-0.085 0.564 -1.046
-0.443 0.355 -1.068
-0.408 0.614 -1.092
-0.417 0.579 -1.070
-0.442 0.254 -1.079
-0.423 0.536 -1.102
-0.410 0.536 -1.047
-0.216 0.262 -0.986
-0.131 0.633 -1.031
-0.356 0.709 -1.058
-0.343 0.633 -1.056
-0.321 0.661 -1.051
-0.308 0.097 -0.970
-0.073 0.651 -1.048
-0.436 0.296 -1.096
-0.446 0.307 -1.047
-0.445 0.271 -1.017
-0.411 0.309 -1.008
-0.157 0.293 -1.006
-0.198 0.332 -0.993
-0.254 0.683 -1.033
-0.097 0.503 -1.046
-0.202 0.500 -1.015
-0.147 0.462 -1.012
-0.141 0.539 -1.020
-0.466 0.133 -1.014
-0.375 0.189 -0.999
-0.437 0.181 -0.986
-0.432 0.118 -0.975
-0.373 0.125 -0.988
-0.301 0.162 -0.975
-0.441 0.190 -1.082
-0.434 0.431 -1.088
-0.427 0.350 -1.020
-0.366 0.329 -1.022
-0.398 0.405 -1.023
-0.341 0.482 -1.044
-0.350 0.431 -1.033
-0.396 0.474 -1.032
-0.392 0.604 -1.048
-0.264 0.203 -0.980
-0.458 0.201 -1.031
-0.122 0.413 -1.022
-0.148 0.364 -1.005
-0.426 0.234 -0.995
-0.367 0.255 -1.011
-0.279 0.514 -1.036
-0.278 0.459 -1.028
-0.349 0.540 -1.053
-0.320 0.229 -0.988
-0.246 0.633 -1.031
-0.328 0.575 -1.050
-0.241 0.342 -0.995
-0.333 0.364 -1.015
-0.292 0.390 -1.016
-0.242 0.407 -1.007
-0.307 0.303 -1.000
-0.223 0.577 -1.025
-0.283 0.587 -1.045
-0.195 0.422 -1.005
-0.266 0.285 -0.991
-0.392 0.711 -1.079
-0.405 0.645 -1.063
