-0.362 0.035 -1.169
-0.367 0.074 -1.169
-0.358 0.114 -1.173
-0.362 0.149 -1.175
-0.357 0.173 -1.176
-0.363 0.237 -1.182
-0.342 0.258 -1.175
-0.366 0.416 -1.191
-0.360 0.519 -1.191
-0.244 0.511 -1.242
-0.238 0.379 -1.205
-0.269 0.032 -1.138
-0.246 0.250 -1.178
-0.234 0.665 -1.263
-0.358 0.670 -1.160
-0.338 0.677 -1.177
-0.251 0.088 -1.153
-0.242 0.440 -1.219
-0.268 0.505 -1.210
-0.346 0.560 -1.191
-0.350 0.070 -1.167
-0.310 0.674 -1.181
-0.247 0.171 -1.171
-0.279 0.202 -1.171
-0.244 0.308 -1.187
-0.315 0.403 -1.181
-0.247 0.592 -1.260
-0.268 0.590 -1.223
-0.243 0.684 -1.218
-0.345 0.618 -1.185
-0.305 0.082 -1.146
-0.272 0.133 -1.159
-0.318 0.204 -1.161
-0.320 0.147 -1.155
-0.301 0.276 -1.172
-0.270 0.354 -1.187
-0.272 0.420 -1.197
-0.303 0.555 -1.192
-0.322 0.316 -1.173
-0.317 0.482 -1.187
-0.282 0.642 -1.197
-0.072 0.639 -1.095
-0.089 0.607 -1.097
-0.099 0.573 -1.092
-0.114 0.527 -1.088
-0.130 0.455 -1.072
-0.147 0.363 -1.085
-0.147 0.221 -1.063
-0.155 0.139 -1.069
-0.146 -0.005 -1.102
-0.116 -0.007 -1.156
-0.124 0.019 -1.132
-0.115 0.043 -1.156
-0.115 0.099 -1.163
-0.112 0.207 -1.165
-0.111 0.264 -1.170
-0.109 0.344 -1.165
-0.107 0.449 -1.174
-0.121 0.562 -1.143
-0.139 0.424 -1.104
-0.120 0.590 -1.132
-0.125 0.404 -1.144
-0.169 0.014 -1.071
-0.136 0.057 -1.120
-0.160 0.104 -1.070
-0.142 0.231 -1.128
-0.133 0.266 -1.140
-0.134 0.372 -1.133
-0.136 0.321 -1.131
-0.127 0.469 -1.138
-0.133 0.477 -1.093
-0.129 0.523 -1.114
-0.160 0.067 -1.091
-0.149 0.175 -1.112
-0.120 0.173 -1.146
-0.143 0.110 -1.118
-0.142 0.259 -1.087
-0.341 0.673 -1.096
-0.364 0.641 -1.093
-0.367 0.619 -1.099
-0.396 0.525 -1.114
-0.418 0.468 -1.130
-0.423 0.386 -1.123
-0.425 0.340 -1.117
-0.440 0.147 -1.073
-0.434 0.122 -1.081
-0.366 0.095 -1.171
-0.366 0.196 -1.180
-0.355 0.218 -1.178
-0.365 0.270 -1.183
-0.361 0.300 -1.186
-0.361 0.322 -1.186
-0.365 0.343 -1.189
-0.368 0.361 -1.189
-0.363 0.382 -1.189
-0.351 0.444 -1.190
-0.355 0.475 -1.192
-0.373 0.487 -1.188
-0.365 0.561 -1.183
-0.369 0.595 -1.168
-0.349 0.673 -1.124
-0.384 0.465 -1.172
-0.346 0.659 -1.111
-0.424 0.043 -1.087
-0.416 0.093 -1.107
-0.395 0.171 -1.151
-0.390 0.501 -1.134
-0.385 0.550 -1.146
-0.404 0.043 -1.117
-0.402 0.267 -1.152
-0.423 0.221 -1.114
-0.397 0.311 -1.162
-0.374 0.569 -1.118
-0.417 0.423 -1.137
-0.405 0.361 -1.154
-0.389 0.084 -1.148
-0.392 0.218 -1.159
-0.386 0.407 -1.179
-0.403 0.132 -1.134
-0.358 0.620 -1.126
-0.130 0.025 -1.176
-0.115 0.072 -1.162
-0.113 0.121 -1.162
-0.114 0.147 -1.165
-0.113 0.174 -1.166
-0.111 0.235 -1.167
-0.109 0.312 -1.168
-0.109 0.369 -1.175
-0.108 0.407 -1.174
-0.110 0.434 -1.165
-0.110 0.472 -1.165
-0.109 0.500 -1.167
-0.107 0.528 -1.171
-0.114 0.625 -1.140
-0.093 0.632 -1.117
-0.369 0.619 -1.159
-0.172 0.808 -1.168
-0.087 0.792 -1.171
-0.121 0.744 -1.195
-0.177 0.824 -1.150
-0.157 0.847 -1.116
-0.125 0.824 -1.132
-0.086 0.805 -1.137
-0.105 0.803 -1.167
-0.100 0.771 -1.185
-0.147 0.815 -1.156
-0.228 -0.012 -1.175
-0.242 0.015 -1.177
-0.229 0.525 -1.251
-0.221 0.786 -1.187
-0.157 -0.008 -1.179
-0.242 0.112 -1.188
-0.101 0.670 -1.149
-0.213 -0.011 -1.175
-0.235 0.712 -1.246
-0.099 0.714 -1.189
-0.106 0.657 -1.191
-0.240 0.267 -1.207
-0.240 0.189 -1.198
-0.236 0.428 -1.235
-0.209 0.073 -1.179
-0.197 0.122 -1.182
-0.150 0.759 -1.199
-0.198 0.239 -1.193
-0.202 0.292 -1.199
-0.149 0.249 -1.190
-0.120 0.304 -1.183
-0.135 0.422 -1.197
-0.107 0.563 -1.170
-0.197 0.603 -1.235
-0.222 0.641 -1.258
-0.177 0.708 -1.229
-0.204 0.751 -1.211
-0.175 0.782 -1.183
-0.161 0.317 -1.195
-0.145 0.196 -1.187
-0.135 0.370 -1.193
-0.158 0.474 -1.206
-0.194 0.032 -1.177
-0.197 0.175 -1.187
-0.193 0.379 -1.206
-0.186 0.554 -1.223
-0.120 0.488 -1.193
-0.235 0.337 -1.215
-0.146 0.090 -1.182
-0.137 0.527 -1.204
-0.205 0.486 -1.227
-0.105 0.607 -1.174
-0.195 0.431 -1.213
-0.128 0.692 -1.205
-0.163 0.639 -1.218
-0.146 0.149 -1.185
-0.124 0.586 -1.201
-0.336 0.728 -1.201
-0.383 0.769 -1.138
-0.353 0.739 -1.187
-0.326 0.722 -1.208
-0.351 0.724 -1.158
-0.323 0.782 -1.159
-0.336 0.859 -1.098
-0.367 0.795 -1.089
-0.341 0.822 -1.130
-0.316 0.740 -1.164
-0.288 0.751 -1.138
-0.314 0.734 -1.179
-0.293 0.705 -1.173
-0.269 0.758 -1.033
-0.249 0.725 -1.033
-0.156 0.728 -1.040
-0.113 0.724 -1.052
-0.369 0.768 -1.057
-0.288 0.847 -1.131
-0.345 0.756 -1.053
-0.359 0.843 -1.064
-0.317 0.846 -1.113
-0.322 0.787 -1.044
-0.113 0.816 -1.122
-0.308 0.835 -1.059
-0.187 0.736 -1.036
-0.095 0.790 -1.082
-0.246 0.877 -1.074
-0.139 0.774 -1.049
-0.156 0.812 -1.059
-0.222 0.748 -1.034
-0.280 0.804 -1.038
-0.247 0.834 -1.056
-0.209 0.791 -1.043
-0.187 0.867 -1.073
-0.140 0.839 -1.110
-0.277 0.838 -1.085
-0.474 0.058 -1.000
-0.443 0.071 -1.062
-0.311 0.732 -1.045
-0.284 0.056 -0.969
-0.401 0.695 -1.071
-0.251 0.014 -0.988
-0.173 0.058 -1.046
-0.073 0.607 -1.065
-0.134 0.688 -1.042
-0.422 0.161 -1.107
-0.455 0.064 -0.965
-0.297 0.702 -1.040
-0.176 0.121 -1.030
-0.151 0.313 -1.056
-0.383 0.585 -1.101
-0.315 0.027 -0.966
-0.135 0.413 -1.062
-0.110 0.455 -1.036
-0.189 0.670 -1.032
-0.159 0.249 -1.013
-0.204 0.211 -0.986
-0.156 0.186 -1.045
-0.373 0.052 -0.968
-0.427 0.479 -1.055
-0.135 0.360 -1.038
-0.440 0.099 -1.068
-0.432 0.404 -1.036
-0.169 0.605 -1.023
-0.210 0.148 -0.989
-0.230 0.094 -0.985
-0.195 0.013 -1.028
-0.220 0.047 -1.001
-0.085 0.563 -1.045
-0.442 0.355 -1.067
-0.407 0.614 -1.092
-0.417 0.579 -1.069
-0.441 0.254 -1.077
-0.423 0.536 -1.102
-0.410 0.536 -1.046
-0.217 0.262 -0.983
-0.132 0.633 -1.031
-0.357 0.709 -1.058
-0.344 0.633 -1.055
-0.321 0.661 -1.051
-0.309 0.097 -0.966
-0.073 0.651 -1.048
-0.435 0.296 -1.094
-0.446 0.308 -1.046
-0.445 0.271 -1.015
-0.412 0.310 -1.006
-0.158 0.293 -1.004
-0.198 0.332 -0.991
-0.254 0.683 -1.033
-0.097 0.503 -1.046
-0.203 0.500 -1.013
-0.148 0.462 -1.011
-0.141 0.539 -1.019
-0.466 0.133 -1.011
-0.375 0.190 -0.995
-0.438 0.181 -0.983
-0.433 0.119 -0.972
-0.374 0.125 -0.984
-0.302 0.163 -0.971
-0.439 0.190 -1.079
-0.433 0.431 -1.087
-0.428 0.350 -1.018
-0.366 0.329 -1.019
-0.398 0.405 -1.022
-0.342 0.482 -1.043
-0.350 0.431 -1.031
-0.396 0.475 -1.031
-0.392 0.604 -1.048
-0.265 0.204 -0.976
-0.458 0.202 -1.028
-0.123 0.413 -1.021
-0.149 0.364 -1.004
-0.427 0.235 -0.992
-0.368 0.255 -1.007
-0.279 0.514 -1.035
-0.278 0.460 -1.026
-0.349 0.540 -1.052
-0.321 0.230 -0.984
-0.246 0.633 -1.031
-0.328 0.575 -1.049
-0.242 0.342 -0.992
-0.333 0.364 -1.012
-0.292 0.390 -1.013
-0.243 0.407 -1.004
-0.308 0.303 -0.997
-0.223 0.577 -1.024
-0.283 0.587 -1.045
-0.195 0.423 -1.003
-0.266 0.285 -0.988
-0.392 0.711 -1.079
-0.405 0.645 -1.063
