-0.356 0.034 -1.163
-0.361 0.074 -1.164
-0.353 0.114 -1.167
-0.357 0.149 -1.170
-0.352 0.172 -1.171
-0.358 0.237 -1.178
-0.338 0.257 -1.170
-0.362 0.415 -1.189
-0.358 0.518 -1.189
-0.238 0.511 -1.236
-0.233 0.379 -1.198
-0.264 0.033 -1.130
-0.242 0.250 -1.171
-0.234 0.665 -1.263
-0.358 0.670 -1.160
-0.337 0.677 -1.177
-0.246 0.089 -1.145
-0.237 0.440 -1.212
-0.264 0.505 -1.205
-0.344 0.559 -1.190
-0.344 0.070 -1.162
-0.309 0.674 -1.180
-0.242 0.172 -1.163
-0.274 0.202 -1.164
-0.239 0.308 -1.180
-0.311 0.403 -1.177
-0.244 0.591 -1.258
-0.266 0.590 -1.221
-0.243 0.685 -1.219
-0.344 0.618 -1.185
-0.300 0.083 -1.139
-0.267 0.133 -1.151
-0.313 0.204 -1.155
-0.315 0.147 -1.149
-0.296 0.276 -1.167
-0.265 0.354 -1.181
-0.268 0.420 -1.192
-0.301 0.555 -1.190
-0.318 0.316 -1.168
-0.314 0.482 -1.184
-0.281 0.642 -1.196
-0.072 0.639 -1.096
-0.089 0.606 -1.099
-0.100 0.573 -1.093
-0.115 0.527 -1.089
-0.131 0.455 -1.073
-0.148 0.363 -1.086
-0.149 0.221 -1.064
-0.157 0.139 -1.070
-0.149 -0.005 -1.103
-0.122 -0.007 -1.158
-0.128 0.019 -1.134
-0.121 0.043 -1.159
-0.120 0.099 -1.165
-0.117 0.207 -1.167
-0.115 0.264 -1.172
-0.113 0.344 -1.167
-0.110 0.448 -1.175
-0.122 0.562 -1.144
-0.141 0.424 -1.105
-0.121 0.590 -1.133
-0.128 0.404 -1.145
-0.171 0.014 -1.072
-0.140 0.057 -1.121
-0.162 0.104 -1.071
-0.145 0.231 -1.129
-0.136 0.266 -1.141
-0.137 0.372 -1.134
-0.138 0.321 -1.132
-0.129 0.469 -1.139
-0.134 0.477 -1.094
-0.130 0.523 -1.115
-0.163 0.067 -1.092
-0.152 0.175 -1.113
-0.124 0.173 -1.148
-0.147 0.110 -1.120
-0.144 0.259 -1.088
-0.341 0.673 -1.096
-0.364 0.641 -1.093
-0.367 0.619 -1.099
-0.395 0.524 -1.113
-0.416 0.467 -1.130
-0.420 0.385 -1.122
-0.423 0.339 -1.116
-0.438 0.147 -1.070
-0.431 0.122 -1.078
-0.361 0.094 -1.165
-0.360 0.196 -1.176
-0.350 0.218 -1.174
-0.361 0.270 -1.180
-0.357 0.299 -1.182
-0.357 0.322 -1.183
-0.361 0.342 -1.186
-0.364 0.360 -1.187
-0.359 0.381 -1.186
-0.347 0.444 -1.187
-0.351 0.474 -1.190
-0.370 0.486 -1.187
-0.363 0.561 -1.183
-0.368 0.594 -1.168
-0.348 0.672 -1.124
-0.381 0.464 -1.171
-0.345 0.659 -1.111
-0.421 0.043 -1.083
-0.412 0.093 -1.103
-0.390 0.171 -1.147
-0.388 0.501 -1.133
-0.383 0.549 -1.146
-0.399 0.042 -1.113
-0.398 0.267 -1.149
-0.420 0.221 -1.111
-0.393 0.310 -1.159
-0.373 0.569 -1.117
-0.415 0.422 -1.136
-0.402 0.361 -1.152
-0.384 0.084 -1.143
-0.388 0.218 -1.156
-0.382 0.407 -1.177
-0.398 0.131 -1.130
-0.357 0.620 -1.126
-0.136 0.025 -1.178
-0.120 0.072 -1.164
-0.118 0.121 -1.164
-0.118 0.148 -1.167
-0.118 0.174 -1.168
-0.116 0.235 -1.169
-0.113 0.312 -1.170
-0.113 0.369 -1.176
-0.111 0.407 -1.175
-0.113 0.434 -1.166
-0.113 0.472 -1.166
-0.111 0.500 -1.168
-0.109 0.527 -1.172
-0.115 0.625 -1.141
-0.094 0.631 -1.118
-0.368 0.618 -1.159
-0.172 0.807 -1.168
-0.087 0.792 -1.171
-0.121 0.744 -1.195
-0.177 0.824 -1.150
-0.157 0.847 -1.116
-0.125 0.824 -1.132
-0.086 0.805 -1.137
-0.106 0.802 -1.167
-0.100 0.771 -1.185
-0.147 0.815 -1.156
-0.234 -0.011 -1.174
-0.248 0.016 -1.175
-0.230 0.526 -1.254
-0.221 0.786 -1.187
-0.163 -0.007 -1.180
-0.247 0.113 -1.186
-0.101 0.670 -1.150
-0.219 -0.010 -1.175
-0.235 0.712 -1.246
-0.099 0.714 -1.190
-0.107 0.657 -1.193
-0.244 0.269 -1.206
-0.245 0.190 -1.197
-0.239 0.429 -1.236
-0.215 0.074 -1.179
-0.202 0.123 -1.182
-0.150 0.759 -1.199
-0.202 0.240 -1.193
-0.206 0.293 -1.199
-0.153 0.250 -1.191
-0.124 0.305 -1.185
-0.138 0.422 -1.197
-0.108 0.563 -1.171
-0.197 0.603 -1.237
-0.222 0.641 -1.260
-0.177 0.708 -1.230
-0.204 0.750 -1.211
-0.175 0.782 -1.183
-0.165 0.317 -1.195
-0.150 0.196 -1.188
-0.138 0.370 -1.194
-0.160 0.474 -1.207
-0.200 0.033 -1.177
-0.202 0.175 -1.187
-0.196 0.379 -1.207
-0.187 0.554 -1.225
-0.122 0.488 -1.194
-0.239 0.338 -1.215
-0.152 0.091 -1.183
-0.139 0.527 -1.205
-0.207 0.486 -1.228
-0.106 0.607 -1.175
-0.197 0.432 -1.214
-0.127 0.692 -1.206
-0.164 0.639 -1.220
-0.151 0.149 -1.186
-0.125 0.586 -1.202
-0.336 0.728 -1.200
-0.383 0.769 -1.138
-0.353 0.738 -1.187
-0.326 0.722 -1.208
-0.351 0.724 -1.158
-0.323 0.782 -1.159
-0.336 0.859 -1.098
-0.367 0.796 -1.089
-0.342 0.822 -1.130
-0.316 0.740 -1.164
-0.288 0.751 -1.139
-0.314 0.734 -1.179
-0.293 0.705 -1.173
-0.269 0.758 -1.033
-0.249 0.725 -1.032
-0.156 0.728 -1.040
-0.113 0.724 -1.052
-0.369 0.768 -1.057
-0.288 0.847 -1.131
-0.345 0.756 -1.053
-0.359 0.843 -1.064
-0.317 0.846 -1.113
-0.322 0.787 -1.044
-0.113 0.816 -1.122
-0.308 0.835 -1.059
-0.187 0.736 -1.036
-0.095 0.790 -1.082
-0.246 0.877 -1.074
-0.139 0.774 -1.049
-0.156 0.812 -1.059
-0.222 0.748 -1.034
-0.280 0.804 -1.038
-0.247 0.834 -1.056
-0.209 0.791 -1.043
-0.187 0.867 -1.073
-0.140 0.839 -1.110
-0.277 0.838 -1.085
-0.473 0.059 -0.997
-0.440 0.071 -1.059
-0.311 0.732 -1.044
-0.284 0.057 -0.968
-0.401 0.695 -1.071
-0.252 0.014 -0.988
-0.174 0.058 -1.047
-0.074 0.607 -1.066
-0.134 0.687 -1.042
-0.419 0.161 -1.104
-0.455 0.065 -0.962
-0.297 0.702 -1.040
-0.177 0.121 -1.031
-0.153 0.313 -1.057
-0.382 0.585 -1.101
-0.316 0.027 -0.965
-0.136 0.413 -1.063
-0.111 0.455 -1.037
-0.189 0.670 -1.032
-0.159 0.249 -1.013
-0.204 0.211 -0.986
-0.157 0.186 -1.045
-0.373 0.053 -0.966
-0.427 0.479 -1.054
-0.136 0.360 -1.039
-0.438 0.099 -1.065
-0.432 0.404 -1.036
-0.169 0.604 -1.023
-0.210 0.148 -0.989
-0.230 0.094 -0.984
-0.196 0.013 -1.028
-0.220 0.047 -1.000
-0.086 0.563 -1.047
-0.442 0.355 -1.066
-0.407 0.614 -1.092
-0.417 0.579 -1.070
-0.440 0.254 -1.076
-0.422 0.535 -1.101
-0.410 0.536 -1.046
-0.217 0.262 -0.982
-0.132 0.633 -1.031
-0.356 0.709 -1.058
-0.344 0.633 -1.055
-0.321 0.661 -1.050
-0.309 0.098 -0.965
-0.073 0.651 -1.049
-0.433 0.296 -1.092
-0.446 0.308 -1.045
-0.445 0.272 -1.014
-0.412 0.310 -1.004
-0.158 0.293 -1.005
-0.198 0.332 -0.991
-0.254 0.683 -1.033
-0.098 0.503 -1.047
-0.203 0.500 -1.013
-0.148 0.462 -1.011
-0.141 0.539 -1.019
-0.466 0.133 -1.009
-0.376 0.190 -0.994
-0.438 0.182 -0.981
-0.433 0.119 -0.969
-0.374 0.126 -0.982
-0.302 0.163 -0.970
-0.437 0.190 -1.077
-0.432 0.430 -1.086
-0.428 0.350 -1.017
-0.366 0.329 -1.018
-0.398 0.406 -1.021
-0.342 0.482 -1.042
-0.350 0.431 -1.030
-0.396 0.475 -1.031
-0.392 0.604 -1.048
-0.265 0.204 -0.976
-0.457 0.202 -1.027
-0.124 0.413 -1.022
-0.149 0.364 -1.005
-0.427 0.235 -0.990
-0.368 0.256 -1.006
-0.279 0.514 -1.034
-0.278 0.460 -1.025
-0.349 0.540 -1.051
-0.321 0.230 -0.983
-0.246 0.633 -1.030
-0.328 0.575 -1.049
-0.242 0.342 -0.992
-0.333 0.364 -1.011
-0.292 0.390 -1.013
-0.243 0.407 -1.004
-0.308 0.304 -0.996
-0.223 0.577 -1.024
-0.283 0.587 -1.044
-0.195 0.423 -1.003
-0.266 0.285 -0.988
-0.392 0.711 -1.079
-0.405 0.645 -1.063
