-0.355 0.034 -1.164
-0.360 0.074 -1.164
-0.352 0.114 -1.168
-0.356 0.149 -1.171
-0.350 0.172 -1.171
-0.357 0.237 -1.178
-0.336 0.257 -1.170
-0.360 0.415 -1.189
-0.356 0.518 -1.189
-0.235 0.511 -1.232
-0.231 0.379 -1.195
-0.263 0.032 -1.130
-0.240 0.250 -1.169
-0.234 0.665 -1.263
-0.357 0.670 -1.160
-0.337 0.677 -1.177
-0.245 0.089 -1.144
-0.234 0.440 -1.209
-0.262 0.506 -1.203
-0.343 0.559 -1.190
-0.343 0.070 -1.162
-0.309 0.674 -1.180
-0.240 0.172 -1.162
-0.273 0.202 -1.163
-0.237 0.308 -1.178
-0.309 0.403 -1.176
-0.242 0.591 -1.256
-0.265 0.590 -1.220
-0.243 0.685 -1.219
-0.343 0.617 -1.185
-0.299 0.082 -1.139
-0.266 0.133 -1.151
-0.312 0.204 -1.155
-0.314 0.147 -1.149
-0.295 0.276 -1.166
-0.264 0.354 -1.179
-0.266 0.421 -1.189
-0.300 0.555 -1.189
-0.316 0.316 -1.168
-0.312 0.482 -1.183
-0.280 0.642 -1.196
-0.072 0.639 -1.097
-0.089 0.606 -1.100
-0.100 0.573 -1.094
-0.115 0.527 -1.091
-0.130 0.455 -1.075
-0.148 0.363 -1.088
-0.148 0.221 -1.066
-0.157 0.139 -1.073
-0.149 -0.005 -1.107
-0.122 -0.007 -1.162
-0.128 0.019 -1.138
-0.120 0.043 -1.162
-0.120 0.099 -1.168
-0.117 0.208 -1.170
-0.115 0.264 -1.175
-0.113 0.344 -1.169
-0.110 0.449 -1.177
-0.122 0.562 -1.145
-0.141 0.424 -1.107
-0.121 0.589 -1.135
-0.128 0.404 -1.147
-0.171 0.014 -1.076
-0.140 0.057 -1.125
-0.161 0.103 -1.074
-0.145 0.231 -1.131
-0.136 0.266 -1.143
-0.137 0.372 -1.136
-0.138 0.321 -1.134
-0.129 0.469 -1.141
-0.134 0.477 -1.096
-0.130 0.523 -1.116
-0.163 0.067 -1.096
-0.152 0.175 -1.116
-0.124 0.173 -1.151
-0.146 0.110 -1.123
-0.143 0.258 -1.091
-0.341 0.673 -1.096
-0.364 0.641 -1.093
-0.366 0.619 -1.099
-0.395 0.524 -1.114
-0.415 0.467 -1.130
-0.419 0.385 -1.123
-0.422 0.339 -1.116
-0.437 0.147 -1.071
-0.430 0.122 -1.079
-0.359 0.094 -1.166
-0.359 0.196 -1.176
-0.348 0.218 -1.174
-0.359 0.270 -1.180
-0.355 0.299 -1.182
-0.355 0.322 -1.183
-0.359 0.342 -1.185
-0.362 0.360 -1.186
-0.357 0.381 -1.186
-0.345 0.444 -1.187
-0.349 0.474 -1.189
-0.369 0.486 -1.186
-0.362 0.560 -1.183
-0.367 0.594 -1.168
-0.348 0.672 -1.124
-0.380 0.464 -1.171
-0.345 0.659 -1.111
-0.420 0.043 -1.084
-0.411 0.092 -1.104
-0.389 0.171 -1.148
-0.387 0.500 -1.133
-0.382 0.549 -1.146
-0.398 0.042 -1.114
-0.397 0.267 -1.150
-0.419 0.221 -1.112
-0.392 0.310 -1.160
-0.373 0.569 -1.117
-0.414 0.422 -1.136
-0.401 0.361 -1.152
-0.382 0.084 -1.144
-0.386 0.218 -1.156
-0.380 0.406 -1.177
-0.397 0.131 -1.131
-0.357 0.620 -1.126
-0.136 0.025 -1.182
-0.120 0.072 -1.168
-0.118 0.121 -1.167
-0.118 0.148 -1.170
-0.118 0.175 -1.171
-0.116 0.235 -1.172
-0.113 0.312 -1.172
-0.113 0.369 -1.179
-0.111 0.407 -1.177
-0.113 0.434 -1.168
-0.113 0.472 -1.168
-0.111 0.500 -1.170
-0.109 0.527 -1.173
-0.115 0.625 -1.143
-0.094 0.631 -1.120
-0.367 0.618 -1.159
-0.172 0.807 -1.168
-0.087 0.792 -1.171
-0.121 0.744 -1.196
-0.177 0.824 -1.150
-0.157 0.847 -1.116
-0.125 0.824 -1.132
-0.086 0.805 -1.137
-0.106 0.802 -1.167
-0.100 0.771 -1.185
-0.147 0.815 -1.156
-0.234 -0.011 -1.177
-0.248 0.016 -1.178
-0.232 0.527 -1.253
-0.221 0.785 -1.187
-0.163 -0.007 -1.184
-0.247 0.113 -1.189
-0.101 0.670 -1.151
-0.219 -0.010 -1.178
-0.235 0.712 -1.246
-0.099 0.714 -1.191
-0.106 0.657 -1.194
-0.245 0.269 -1.207
-0.246 0.191 -1.199
-0.240 0.429 -1.236
-0.215 0.074 -1.182
-0.202 0.123 -1.185
-0.150 0.759 -1.199
-0.203 0.240 -1.195
-0.207 0.293 -1.201
-0.154 0.250 -1.193
-0.124 0.305 -1.187
-0.139 0.423 -1.199
-0.108 0.563 -1.172
-0.197 0.604 -1.238
-0.222 0.642 -1.261
-0.177 0.708 -1.230
-0.204 0.750 -1.211
-0.175 0.782 -1.183
-0.166 0.318 -1.197
-0.150 0.196 -1.191
-0.139 0.370 -1.196
-0.160 0.474 -1.208
-0.200 0.033 -1.180
-0.202 0.176 -1.190
-0.197 0.380 -1.208
-0.188 0.555 -1.225
-0.123 0.488 -1.196
-0.240 0.338 -1.216
-0.152 0.091 -1.187
-0.139 0.527 -1.206
-0.208 0.487 -1.229
-0.106 0.607 -1.177
-0.198 0.432 -1.215
-0.127 0.692 -1.207
-0.164 0.639 -1.221
-0.152 0.149 -1.189
-0.125 0.586 -1.204
-0.336 0.728 -1.200
-0.383 0.769 -1.138
-0.353 0.738 -1.187
-0.326 0.722 -1.207
-0.351 0.724 -1.158
-0.323 0.782 -1.159
-0.336 0.859 -1.098
-0.367 0.796 -1.089
-0.342 0.822 -1.130
-0.316 0.740 -1.164
-0.288 0.751 -1.139
-0.314 0.734 -1.179
-0.292 0.705 -1.173
-0.269 0.758 -1.033
-0.249 0.725 -1.033
-0.156 0.728 -1.040
-0.113 0.724 -1.053
-0.369 0.768 -1.057
-0.288 0.847 -1.131
-0.345 0.756 -1.053
-0.359 0.843 -1.064
-0.317 0.846 -1.113
-0.322 0.787 -1.044
-0.113 0.816 -1.122
-0.308 0.835 -1.059
-0.187 0.736 -1.036
-0.095 0.790 -1.082
-0.246 0.877 -1.074
-0.139 0.774 -1.049
-0.156 0.812 -1.059
-0.222 0.747 -1.034
-0.280 0.804 -1.038
-0.247 0.834 -1.056
-0.209 0.791 -1.043
-0.187 0.867 -1.073
-0.140 0.839 -1.110
-0.277 0.838 -1.085
-0.473 0.058 -0.999
-0.439 0.071 -1.060
-0.311 0.732 -1.044
-0.284 0.056 -0.971
-0.401 0.695 -1.071
-0.251 0.013 -0.991
-0.174 0.058 -1.050
-0.074 0.607 -1.068
-0.134 0.687 -1.042
-0.418 0.161 -1.105
-0.455 0.064 -0.964
-0.297 0.702 -1.040
-0.177 0.121 -1.034
-0.152 0.313 -1.059
-0.382 0.585 -1.101
-0.315 0.027 -0.968
-0.136 0.413 -1.065
-0.110 0.455 -1.039
-0.189 0.670 -1.032
-0.159 0.248 -1.016
-0.204 0.210 -0.989
-0.156 0.185 -1.048
-0.372 0.052 -0.968
-0.427 0.479 -1.055
-0.136 0.359 -1.041
-0.437 0.098 -1.066
-0.432 0.404 -1.036
-0.169 0.604 -1.024
-0.210 0.148 -0.992
-0.230 0.093 -0.987
-0.195 0.013 -1.032
-0.220 0.047 -1.003
-0.086 0.563 -1.048
-0.441 0.355 -1.067
-0.407 0.614 -1.092
-0.417 0.578 -1.070
-0.439 0.254 -1.076
-0.421 0.535 -1.102
-0.410 0.536 -1.047
-0.216 0.262 -0.985
-0.132 0.633 -1.032
-0.356 0.709 -1.058
-0.343 0.633 -1.055
-0.321 0.661 -1.051
-0.309 0.097 -0.967
-0.073 0.651 -1.051
-0.432 0.296 -1.093
-0.445 0.307 -1.045
-0.445 0.271 -1.015
-0.411 0.310 -1.005
-0.158 0.293 -1.007
-0.198 0.332 -0.993
-0.254 0.683 -1.033
-0.098 0.503 -1.048
-0.202 0.500 -1.014
-0.147 0.461 -1.013
-0.141 0.538 -1.021
-0.465 0.133 -1.011
-0.375 0.189 -0.996
-0.438 0.181 -0.983
-0.433 0.119 -0.971
-0.374 0.125 -0.984
-0.301 0.163 -0.972
-0.437 0.190 -1.078
-0.432 0.430 -1.087
-0.427 0.350 -1.018
-0.366 0.329 -1.019
-0.398 0.405 -1.022
-0.341 0.482 -1.043
-0.350 0.431 -1.031
-0.396 0.475 -1.031
-0.392 0.604 -1.048
-0.264 0.204 -0.978
-0.457 0.201 -1.028
-0.123 0.413 -1.024
-0.148 0.364 -1.007
-0.426 0.235 -0.992
-0.368 0.255 -1.008
-0.279 0.514 -1.035
-0.278 0.460 -1.026
-0.349 0.540 -1.052
-0.320 0.230 -0.985
-0.246 0.632 -1.031
-0.328 0.575 -1.049
-0.241 0.342 -0.994
-0.333 0.364 -1.013
-0.292 0.390 -1.015
-0.242 0.407 -1.006
-0.307 0.303 -0.998
-0.223 0.577 -1.025
-0.283 0.587 -1.044
-0.195 0.422 -1.005
-0.266 0.285 -0.990
-0.392 0.711 -1.079
-0.404 0.645 -1.063
