-0.354 0.034 -1.167
-0.359 0.074 -1.167
-0.351 0.114 -1.170
-0.355 0.149 -1.173
-0.349 0.172 -1.173
-0.355 0.237 -1.179
-0.335 0.258 -1.171
-0.358 0.415 -1.189
-0.355 0.518 -1.189
-0.233 0.512 -1.230
-0.229 0.380 -1.194
-0.263 0.032 -1.132
-0.239 0.250 -1.168
-0.234 0.665 -1.263
-0.357 0.670 -1.160
-0.336 0.677 -1.177
-0.244 0.088 -1.145
-0.232 0.441 -1.207
-0.260 0.506 -1.201
-0.342 0.559 -1.190
-0.342 0.070 -1.165
-0.308 0.674 -1.180
-0.239 0.172 -1.162
-0.272 0.202 -1.164
-0.236 0.309 -1.177
-0.308 0.403 -1.176
-0.241 0.591 -1.256
-0.264 0.590 -1.219
-0.243 0.685 -1.219
-0.342 0.617 -1.185
-0.299 0.082 -1.141
-0.265 0.133 -1.152
-0.311 0.204 -1.156
-0.313 0.147 -1.150
-0.294 0.276 -1.166
-0.262 0.355 -1.178
-0.265 0.421 -1.188
-0.298 0.556 -1.189
-0.315 0.316 -1.168
-0.311 0.482 -1.183
-0.280 0.643 -1.195
-0.072 0.639 -1.099
-0.089 0.606 -1.102
-0.100 0.573 -1.096
-0.114 0.527 -1.093
-0.130 0.455 -1.078
-0.147 0.363 -1.091
-0.147 0.220 -1.070
-0.155 0.139 -1.077
-0.148 -0.005 -1.112
-0.120 -0.007 -1.167
-0.126 0.020 -1.143
-0.119 0.044 -1.167
-0.118 0.099 -1.173
-0.116 0.208 -1.174
-0.114 0.265 -1.178
-0.112 0.344 -1.172
-0.109 0.449 -1.180
-0.121 0.562 -1.147
-0.140 0.424 -1.110
-0.120 0.589 -1.137
-0.127 0.404 -1.150
-0.170 0.014 -1.081
-0.138 0.057 -1.129
-0.160 0.103 -1.079
-0.143 0.231 -1.135
-0.135 0.266 -1.147
-0.136 0.372 -1.139
-0.137 0.321 -1.138
-0.129 0.469 -1.143
-0.134 0.476 -1.098
-0.129 0.523 -1.119
-0.161 0.067 -1.100
-0.151 0.175 -1.120
-0.123 0.173 -1.155
-0.145 0.110 -1.127
-0.142 0.258 -1.095
-0.341 0.673 -1.096
-0.364 0.641 -1.093
-0.366 0.619 -1.100
-0.394 0.524 -1.114
-0.415 0.467 -1.131
-0.419 0.385 -1.124
-0.421 0.339 -1.118
-0.437 0.146 -1.074
-0.430 0.121 -1.082
-0.358 0.094 -1.169
-0.358 0.196 -1.178
-0.347 0.218 -1.175
-0.358 0.270 -1.181
-0.353 0.299 -1.183
-0.353 0.322 -1.184
-0.357 0.342 -1.186
-0.360 0.361 -1.187
-0.356 0.381 -1.186
-0.344 0.444 -1.187
-0.348 0.474 -1.189
-0.367 0.486 -1.187
-0.361 0.560 -1.183
-0.366 0.594 -1.168
-0.348 0.672 -1.124
-0.378 0.464 -1.171
-0.345 0.659 -1.111
-0.420 0.043 -1.088
-0.411 0.092 -1.108
-0.388 0.171 -1.150
-0.386 0.500 -1.134
-0.382 0.549 -1.146
-0.398 0.042 -1.117
-0.396 0.267 -1.151
-0.419 0.221 -1.114
-0.390 0.310 -1.161
-0.372 0.568 -1.118
-0.413 0.422 -1.137
-0.399 0.361 -1.153
-0.382 0.084 -1.147
-0.385 0.218 -1.158
-0.379 0.407 -1.177
-0.397 0.131 -1.134
-0.357 0.620 -1.126
-0.134 0.025 -1.187
-0.118 0.072 -1.172
-0.116 0.121 -1.172
-0.117 0.148 -1.174
-0.116 0.175 -1.175
-0.114 0.235 -1.176
-0.112 0.312 -1.176
-0.112 0.370 -1.182
-0.111 0.407 -1.180
-0.112 0.434 -1.170
-0.112 0.472 -1.170
-0.110 0.500 -1.173
-0.108 0.527 -1.176
-0.114 0.625 -1.145
-0.093 0.631 -1.121
-0.367 0.618 -1.159
-0.172 0.807 -1.168
-0.087 0.792 -1.171
-0.121 0.744 -1.196
-0.177 0.824 -1.150
-0.157 0.847 -1.116
-0.125 0.824 -1.132
-0.086 0.805 -1.137
-0.106 0.802 -1.167
-0.100 0.771 -1.185
-0.147 0.815 -1.156
-0.232 -0.011 -1.182
-0.246 0.016 -1.183
-0.233 0.527 -1.252
-0.221 0.785 -1.187
-0.161 -0.007 -1.189
-0.246 0.113 -1.192
-0.100 0.670 -1.153
-0.217 -0.010 -1.183
-0.235 0.712 -1.246
-0.099 0.714 -1.192
-0.106 0.657 -1.196
-0.244 0.269 -1.209
-0.244 0.191 -1.202
-0.241 0.430 -1.236
-0.213 0.074 -1.186
-0.201 0.123 -1.189
-0.150 0.759 -1.200
-0.202 0.240 -1.198
-0.206 0.293 -1.203
-0.153 0.250 -1.196
-0.123 0.305 -1.190
-0.138 0.423 -1.202
-0.108 0.563 -1.174
-0.198 0.604 -1.238
-0.222 0.642 -1.261
-0.177 0.709 -1.231
-0.204 0.750 -1.211
-0.175 0.782 -1.183
-0.165 0.318 -1.200
-0.149 0.197 -1.195
-0.138 0.370 -1.199
-0.160 0.475 -1.210
-0.198 0.033 -1.184
-0.201 0.176 -1.193
-0.196 0.380 -1.209
-0.188 0.555 -1.226
-0.122 0.488 -1.198
-0.239 0.338 -1.217
-0.150 0.091 -1.191
-0.139 0.527 -1.208
-0.209 0.487 -1.229
-0.105 0.607 -1.179
-0.198 0.433 -1.216
-0.127 0.692 -1.209
-0.163 0.639 -1.222
-0.150 0.149 -1.193
-0.125 0.586 -1.206
-0.336 0.728 -1.200
-0.383 0.769 -1.138
-0.353 0.738 -1.187
-0.326 0.722 -1.207
-0.350 0.724 -1.158
-0.323 0.782 -1.159
-0.336 0.859 -1.098
-0.367 0.796 -1.089
-0.342 0.822 -1.130
-0.315 0.740 -1.164
-0.288 0.751 -1.139
-0.314 0.734 -1.179
-0.292 0.705 -1.173
-0.269 0.757 -1.033
-0.249 0.724 -1.033
-0.156 0.728 -1.041
-0.113 0.724 -1.053
-0.369 0.768 -1.057
-0.288 0.847 -1.131
-0.345 0.756 -1.053
-0.359 0.843 -1.064
-0.317 0.846 -1.113
-0.322 0.787 -1.044
-0.113 0.816 -1.122
-0.308 0.835 -1.059
-0.187 0.736 -1.036
-0.095 0.790 -1.082
-0.246 0.877 -1.074
-0.139 0.774 -1.049
-0.156 0.812 -1.059
-0.222 0.747 -1.034
-0.280 0.804 -1.039
-0.247 0.834 -1.056
-0.209 0.791 -1.043
-0.187 0.867 -1.073
-0.140 0.839 -1.110
-0.277 0.838 -1.085
-0.472 0.057 -1.002
-0.439 0.070 -1.063
-0.311 0.731 -1.045
-0.283 0.055 -0.976
-0.401 0.694 -1.071
-0.250 0.013 -0.996
-0.173 0.058 -1.055
-0.074 0.607 -1.070
-0.134 0.687 -1.043
-0.418 0.161 -1.107
-0.454 0.063 -0.967
-0.296 0.702 -1.040
-0.176 0.120 -1.038
-0.151 0.313 -1.063
-0.381 0.584 -1.101
-0.314 0.026 -0.973
-0.135 0.413 -1.067
-0.110 0.454 -1.041
-0.189 0.669 -1.033
-0.158 0.248 -1.020
-0.203 0.210 -0.993
-0.155 0.185 -1.052
-0.371 0.051 -0.973
-0.427 0.479 -1.056
-0.135 0.359 -1.044
-0.437 0.098 -1.069
-0.431 0.404 -1.038
-0.168 0.604 -1.026
-0.209 0.147 -0.996
-0.229 0.092 -0.992
-0.194 0.012 -1.037
-0.219 0.046 -1.009
-0.085 0.563 -1.050
-0.441 0.354 -1.068
-0.407 0.614 -1.093
-0.416 0.578 -1.070
-0.439 0.253 -1.079
-0.421 0.535 -1.103
-0.410 0.536 -1.047
-0.215 0.261 -0.989
-0.131 0.632 -1.034
-0.357 0.708 -1.058
-0.343 0.633 -1.056
-0.321 0.660 -1.051
-0.308 0.096 -0.972
-0.073 0.651 -1.052
-0.432 0.296 -1.095
-0.445 0.307 -1.047
-0.444 0.271 -1.017
-0.411 0.309 -1.007
-0.157 0.292 -1.011
-0.197 0.331 -0.996
-0.254 0.683 -1.033
-0.097 0.502 -1.051
-0.202 0.499 -1.016
-0.147 0.461 -1.015
-0.141 0.538 -1.023
-0.465 0.132 -1.013
-0.375 0.189 -0.999
-0.437 0.180 -0.985
-0.432 0.118 -0.974
-0.373 0.124 -0.988
-0.300 0.162 -0.976
-0.436 0.190 -1.081
-0.431 0.430 -1.088
-0.427 0.349 -1.020
-0.366 0.328 -1.022
-0.397 0.405 -1.023
-0.341 0.482 -1.044
-0.350 0.431 -1.033
-0.396 0.474 -1.032
-0.392 0.603 -1.049
-0.263 0.203 -0.982
-0.456 0.201 -1.030
-0.123 0.412 -1.027
-0.148 0.363 -1.010
-0.426 0.234 -0.994
-0.367 0.254 -1.010
-0.279 0.514 -1.037
-0.278 0.459 -1.029
-0.349 0.540 -1.053
-0.319 0.229 -0.989
-0.246 0.632 -1.032
-0.328 0.575 -1.050
-0.241 0.341 -0.997
-0.333 0.363 -1.015
-0.291 0.389 -1.017
-0.242 0.406 -1.008
-0.307 0.302 -1.001
-0.223 0.577 -1.026
-0.283 0.587 -1.045
-0.194 0.422 -1.007
-0.265 0.284 -0.993
-0.392 0.711 -1.079
-0.404 0.645 -1.064
