-0.354 0.035 -1.172
-0.359 0.074 -1.172
-0.350 0.114 -1.174
-0.354 0.150 -1.177
-0.348 0.173 -1.177
-0.355 0.237 -1.182
-0.334 0.258 -1.173
-0.358 0.415 -1.190
-0.354 0.518 -1.190
-0.233 0.512 -1.233
-0.228 0.380 -1.196
-0.262 0.032 -1.136
-0.238 0.250 -1.171
-0.234 0.665 -1.263
-0.357 0.670 -1.160
-0.336 0.677 -1.177
-0.244 0.088 -1.149
-0.232 0.441 -1.209
-0.260 0.506 -1.203
-0.341 0.559 -1.191
-0.342 0.070 -1.169
-0.308 0.674 -1.180
-0.239 0.172 -1.165
-0.271 0.202 -1.166
-0.235 0.309 -1.179
-0.307 0.403 -1.177
-0.241 0.591 -1.256
-0.263 0.590 -1.220
-0.243 0.686 -1.219
-0.342 0.617 -1.185
-0.299 0.082 -1.145
-0.265 0.133 -1.155
-0.310 0.204 -1.159
-0.313 0.147 -1.154
-0.293 0.276 -1.168
-0.261 0.355 -1.180
-0.264 0.421 -1.190
-0.298 0.556 -1.189
-0.314 0.316 -1.170
-0.311 0.482 -1.184
-0.280 0.643 -1.196
-0.072 0.639 -1.100
-0.088 0.606 -1.104
-0.099 0.573 -1.098
-0.113 0.526 -1.095
-0.129 0.454 -1.081
-0.145 0.362 -1.095
-0.146 0.220 -1.075
-0.153 0.138 -1.082
-0.145 -0.005 -1.118
-0.116 -0.006 -1.173
-0.123 0.020 -1.148
-0.116 0.044 -1.172
-0.115 0.100 -1.178
-0.113 0.208 -1.179
-0.112 0.265 -1.183
-0.110 0.345 -1.176
-0.108 0.449 -1.183
-0.120 0.562 -1.150
-0.138 0.424 -1.113
-0.119 0.589 -1.139
-0.125 0.404 -1.153
-0.167 0.013 -1.087
-0.136 0.057 -1.135
-0.158 0.103 -1.084
-0.141 0.231 -1.139
-0.133 0.266 -1.151
-0.134 0.372 -1.142
-0.135 0.321 -1.141
-0.127 0.469 -1.146
-0.132 0.476 -1.101
-0.128 0.523 -1.121
-0.159 0.067 -1.106
-0.148 0.175 -1.125
-0.120 0.173 -1.160
-0.143 0.110 -1.133
-0.140 0.258 -1.099
-0.341 0.672 -1.097
-0.364 0.641 -1.094
-0.366 0.619 -1.100
-0.394 0.524 -1.115
-0.414 0.467 -1.132
-0.418 0.385 -1.126
-0.421 0.339 -1.120
-0.437 0.146 -1.078
-0.430 0.121 -1.087
-0.358 0.095 -1.173
-0.357 0.196 -1.182
-0.346 0.218 -1.178
-0.357 0.270 -1.184
-0.353 0.300 -1.185
-0.353 0.322 -1.186
-0.357 0.343 -1.188
-0.359 0.361 -1.189
-0.355 0.381 -1.188
-0.343 0.444 -1.188
-0.347 0.475 -1.190
-0.367 0.486 -1.188
-0.360 0.561 -1.183
-0.366 0.594 -1.169
-0.348 0.672 -1.125
-0.378 0.464 -1.173
-0.345 0.659 -1.111
-0.420 0.042 -1.093
-0.411 0.092 -1.112
-0.388 0.171 -1.154
-0.386 0.500 -1.135
-0.381 0.549 -1.147
-0.398 0.042 -1.122
-0.395 0.267 -1.154
-0.418 0.221 -1.118
-0.390 0.310 -1.164
-0.372 0.568 -1.118
-0.412 0.422 -1.139
-0.399 0.361 -1.156
-0.382 0.084 -1.152
-0.385 0.218 -1.161
-0.378 0.407 -1.179
-0.396 0.131 -1.138
-0.357 0.620 -1.127
-0.131 0.026 -1.192
-0.115 0.072 -1.178
-0.113 0.122 -1.177
-0.114 0.148 -1.179
-0.114 0.175 -1.180
-0.112 0.236 -1.180
-0.110 0.313 -1.179
-0.110 0.370 -1.185
-0.109 0.407 -1.183
-0.111 0.435 -1.173
-0.110 0.472 -1.173
-0.109 0.500 -1.175
-0.107 0.528 -1.178
-0.113 0.625 -1.147
-0.092 0.631 -1.123
-0.367 0.618 -1.160
-0.172 0.807 -1.168
-0.087 0.792 -1.171
-0.120 0.744 -1.197
-0.177 0.824 -1.150
-0.157 0.847 -1.116
-0.125 0.824 -1.132
-0.086 0.805 -1.137
-0.105 0.803 -1.167
-0.100 0.771 -1.185
-0.147 0.815 -1.156
-0.228 -0.012 -1.189
-0.242 0.015 -1.189
-0.236 0.528 -1.247
-0.221 0.785 -1.186
-0.157 -0.007 -1.195
-0.243 0.113 -1.198
-0.100 0.670 -1.155
-0.213 -0.010 -1.189
-0.235 0.712 -1.246
-0.098 0.715 -1.193
-0.105 0.657 -1.197
-0.242 0.269 -1.211
-0.242 0.190 -1.205
-0.241 0.430 -1.233
-0.210 0.074 -1.192
-0.198 0.123 -1.194
-0.150 0.760 -1.200
-0.199 0.240 -1.201
-0.204 0.293 -1.205
-0.151 0.251 -1.200
-0.121 0.306 -1.194
-0.137 0.423 -1.204
-0.107 0.564 -1.177
-0.198 0.604 -1.238
-0.223 0.642 -1.260
-0.177 0.709 -1.231
-0.204 0.750 -1.212
-0.175 0.782 -1.183
-0.163 0.318 -1.203
-0.147 0.197 -1.199
-0.137 0.371 -1.202
-0.160 0.475 -1.211
-0.195 0.033 -1.191
-0.198 0.176 -1.197
-0.195 0.380 -1.210
-0.188 0.555 -1.224
-0.121 0.488 -1.200
-0.238 0.338 -1.218
-0.147 0.091 -1.197
-0.139 0.528 -1.210
-0.209 0.488 -1.226
-0.104 0.607 -1.181
-0.198 0.433 -1.215
-0.127 0.692 -1.210
-0.163 0.639 -1.222
-0.147 0.150 -1.198
-0.124 0.587 -1.207
-0.336 0.728 -1.200
-0.383 0.769 -1.138
-0.353 0.738 -1.187
-0.326 0.722 -1.207
-0.350 0.724 -1.158
-0.323 0.782 -1.159
-0.336 0.859 -1.098
-0.367 0.796 -1.089
-0.342 0.822 -1.130
-0.315 0.740 -1.164
-0.288 0.751 -1.139
-0.314 0.734 -1.179
-0.292 0.705 -1.173
-0.269 0.757 -1.033
-0.249 0.724 -1.033
-0.156 0.727 -1.041
-0.113 0.724 -1.053
-0.369 0.768 -1.057
-0.288 0.847 -1.131
-0.345 0.756 -1.053
-0.359 0.842 -1.064
-0.317 0.846 -1.113
-0.322 0.787 -1.044
-0.113 0.816 -1.122
-0.308 0.835 -1.059
-0.186 0.736 -1.037
-0.095 0.790 -1.082
-0.246 0.877 -1.074
-0.139 0.774 -1.049
-0.156 0.812 -1.059
-0.222 0.747 -1.035
-0.280 0.804 -1.039
-0.247 0.833 -1.056
-0.208 0.791 -1.043
-0.187 0.867 -1.073
-0.140 0.839 -1.110
-0.277 0.838 -1.085
-0.471 0.056 -1.007
-0.439 0.070 -1.068
-0.311 0.731 -1.045
-0.281 0.054 -0.983
-0.401 0.694 -1.071
-0.249 0.012 -1.003
-0.171 0.057 -1.061
-0.073 0.607 -1.071
-0.133 0.687 -1.044
-0.417 0.160 -1.111
-0.452 0.062 -0.972
-0.296 0.701 -1.041
-0.174 0.120 -1.044
-0.150 0.312 -1.067
-0.381 0.584 -1.102
-0.313 0.025 -0.980
-0.134 0.413 -1.071
-0.109 0.454 -1.044
-0.189 0.669 -1.034
-0.157 0.247 -1.024
-0.202 0.209 -0.998
-0.153 0.185 -1.057
-0.370 0.050 -0.979
-0.426 0.478 -1.057
-0.134 0.358 -1.047
-0.436 0.097 -1.074
-0.431 0.403 -1.039
-0.168 0.603 -1.027
-0.207 0.146 -1.002
-0.227 0.091 -0.998
-0.193 0.012 -1.043
-0.217 0.045 -1.015
-0.085 0.563 -1.052
-0.440 0.354 -1.071
-0.407 0.613 -1.093
-0.416 0.578 -1.071
-0.438 0.253 -1.082
-0.421 0.535 -1.104
-0.409 0.535 -1.048
-0.214 0.260 -0.994
-0.131 0.632 -1.035
-0.357 0.708 -1.058
-0.343 0.632 -1.056
-0.321 0.660 -1.051
-0.306 0.095 -0.978
-0.073 0.651 -1.053
-0.431 0.295 -1.098
-0.444 0.306 -1.050
-0.444 0.270 -1.020
-0.410 0.308 -1.010
-0.156 0.291 -1.015
-0.196 0.330 -1.001
-0.254 0.682 -1.034
-0.097 0.502 -1.053
-0.202 0.499 -1.019
-0.147 0.460 -1.018
-0.140 0.538 -1.025
-0.464 0.131 -1.017
-0.374 0.187 -1.004
-0.436 0.179 -0.989
-0.430 0.117 -0.979
-0.372 0.123 -0.993
-0.299 0.160 -0.982
-0.436 0.189 -1.084
-0.431 0.429 -1.090
-0.426 0.348 -1.022
-0.365 0.327 -1.025
-0.397 0.404 -1.025
-0.341 0.481 -1.046
-0.349 0.430 -1.035
-0.396 0.473 -1.034
-0.392 0.603 -1.049
-0.262 0.202 -0.988
-0.456 0.200 -1.034
-0.122 0.412 -1.030
-0.147 0.362 -1.013
-0.425 0.233 -0.998
-0.366 0.253 -1.014
-0.278 0.513 -1.039
-0.277 0.458 -1.031
-0.349 0.540 -1.054
-0.318 0.228 -0.993
-0.246 0.632 -1.033
-0.328 0.575 -1.051
-0.240 0.340 -1.002
-0.332 0.362 -1.018
-0.291 0.388 -1.020
-0.241 0.406 -1.012
-0.306 0.301 -1.005
-0.222 0.576 -1.028
-0.283 0.586 -1.047
-0.194 0.421 -1.011
-0.264 0.283 -0.998
-0.392 0.711 -1.079
-0.404 0.644 -1.064
