-0.354 0.035 -1.179
-0.359 0.075 -1.178
-0.350 0.115 -1.180
-0.354 0.150 -1.182
-0.349 0.173 -1.182
-0.355 0.238 -1.186
-0.334 0.258 -1.178
-0.358 0.416 -1.193
-0.354 0.518 -1.191
-0.233 0.513 -1.233
-0.229 0.380 -1.198
-0.263 0.032 -1.143
-0.239 0.250 -1.175
-0.234 0.665 -1.263
-0.357 0.670 -1.161
-0.336 0.677 -1.178
-0.244 0.088 -1.155
-0.232 0.441 -1.210
-0.260 0.507 -1.204
-0.341 0.560 -1.192
-0.342 0.070 -1.176
-0.308 0.675 -1.181
-0.239 0.172 -1.171
-0.271 0.202 -1.171
-0.236 0.309 -1.182
-0.307 0.404 -1.180
-0.241 0.592 -1.257
-0.263 0.590 -1.220
-0.243 0.686 -1.219
-0.342 0.618 -1.186
-0.299 0.082 -1.151
-0.265 0.133 -1.161
-0.311 0.204 -1.164
-0.313 0.147 -1.160
-0.293 0.276 -1.172
-0.262 0.355 -1.183
-0.264 0.421 -1.192
-0.298 0.556 -1.190
-0.315 0.316 -1.173
-0.311 0.483 -1.185
-0.280 0.643 -1.196
-0.071 0.639 -1.102
-0.087 0.606 -1.105
-0.098 0.573 -1.100
-0.112 0.526 -1.098
-0.127 0.454 -1.084
-0.143 0.362 -1.099
-0.143 0.220 -1.080
-0.151 0.138 -1.088
-0.141 -0.005 -1.125
-0.111 -0.006 -1.179
-0.119 0.020 -1.154
-0.111 0.044 -1.178
-0.111 0.100 -1.183
-0.109 0.209 -1.184
-0.109 0.266 -1.187
-0.107 0.345 -1.180
-0.106 0.450 -1.186
-0.119 0.562 -1.152
-0.137 0.423 -1.116
-0.118 0.590 -1.141
-0.123 0.404 -1.156
-0.164 0.013 -1.094
-0.132 0.058 -1.141
-0.155 0.103 -1.090
-0.138 0.231 -1.144
-0.130 0.267 -1.155
-0.131 0.372 -1.146
-0.133 0.322 -1.146
-0.125 0.469 -1.149
-0.131 0.476 -1.104
-0.126 0.523 -1.124
-0.156 0.067 -1.113
-0.145 0.175 -1.130
-0.116 0.174 -1.165
-0.139 0.111 -1.139
-0.138 0.258 -1.104
-0.341 0.672 -1.097
-0.364 0.641 -1.094
-0.366 0.619 -1.101
-0.394 0.524 -1.117
-0.414 0.467 -1.134
-0.418 0.385 -1.129
-0.421 0.339 -1.123
-0.436 0.145 -1.083
-0.430 0.120 -1.092
-0.358 0.095 -1.179
-0.357 0.197 -1.187
-0.347 0.219 -1.183
-0.357 0.271 -1.188
-0.353 0.300 -1.189
-0.353 0.323 -1.189
-0.357 0.343 -1.191
-0.360 0.361 -1.192
-0.355 0.382 -1.191
-0.343 0.445 -1.190
-0.347 0.475 -1.192
-0.367 0.487 -1.189
-0.360 0.561 -1.185
-0.366 0.594 -1.169
-0.348 0.672 -1.125
-0.378 0.464 -1.174
-0.345 0.658 -1.112
-0.420 0.042 -1.099
-0.411 0.092 -1.118
-0.388 0.171 -1.159
-0.386 0.500 -1.136
-0.382 0.549 -1.148
-0.398 0.042 -1.129
-0.395 0.267 -1.158
-0.418 0.220 -1.122
-0.390 0.311 -1.167
-0.372 0.568 -1.119
-0.412 0.422 -1.141
-0.399 0.361 -1.159
-0.382 0.084 -1.158
-0.385 0.218 -1.166
-0.379 0.407 -1.182
-0.396 0.131 -1.143
-0.357 0.620 -1.127
-0.126 0.026 -1.199
-0.111 0.073 -1.183
-0.109 0.122 -1.182
-0.110 0.149 -1.184
-0.110 0.176 -1.185
-0.109 0.236 -1.185
-0.107 0.313 -1.184
-0.108 0.371 -1.189
-0.107 0.408 -1.186
-0.109 0.435 -1.177
-0.109 0.473 -1.176
-0.107 0.501 -1.178
-0.105 0.528 -1.180
-0.112 0.625 -1.148
-0.092 0.632 -1.125
-0.367 0.618 -1.160
-0.172 0.807 -1.168
-0.087 0.793 -1.172
-0.120 0.745 -1.198
-0.177 0.824 -1.150
-0.157 0.847 -1.116
-0.125 0.824 -1.132
-0.086 0.805 -1.137
-0.105 0.803 -1.167
-0.100 0.772 -1.186
-0.147 0.815 -1.156
-0.223 -0.012 -1.197
-0.237 0.015 -1.197
-0.235 0.528 -1.247
-0.221 0.785 -1.186
-0.152 -0.006 -1.202
-0.238 0.113 -1.204
-0.099 0.670 -1.156
-0.208 -0.011 -1.197
-0.235 0.712 -1.246
-0.098 0.715 -1.195
-0.104 0.658 -1.199
-0.239 0.269 -1.215
-0.238 0.190 -1.210
-0.240 0.430 -1.234
-0.205 0.074 -1.198
-0.194 0.123 -1.200
-0.150 0.760 -1.201
-0.196 0.240 -1.205
-0.202 0.294 -1.209
-0.148 0.251 -1.205
-0.119 0.306 -1.198
-0.135 0.424 -1.207
-0.105 0.564 -1.179
-0.198 0.605 -1.238
-0.222 0.642 -1.261
-0.177 0.709 -1.232
-0.204 0.750 -1.212
-0.175 0.782 -1.183
-0.161 0.319 -1.207
-0.143 0.198 -1.204
-0.134 0.371 -1.205
-0.158 0.476 -1.213
-0.190 0.033 -1.198
-0.194 0.176 -1.202
-0.193 0.380 -1.212
-0.188 0.556 -1.225
-0.120 0.489 -1.203
-0.236 0.338 -1.220
-0.143 0.092 -1.202
-0.138 0.528 -1.212
-0.208 0.488 -1.227
-0.103 0.608 -1.183
-0.196 0.433 -1.217
-0.126 0.693 -1.211
-0.163 0.640 -1.223
-0.143 0.150 -1.203
-0.124 0.587 -1.209
-0.336 0.728 -1.200
-0.383 0.769 -1.138
-0.353 0.738 -1.187
-0.326 0.722 -1.207
-0.350 0.724 -1.159
-0.323 0.782 -1.159
-0.336 0.859 -1.098
-0.367 0.796 -1.089
-0.342 0.822 -1.130
-0.315 0.740 -1.164
-0.288 0.751 -1.139
-0.314 0.734 -1.179
-0.292 0.705 -1.173
-0.269 0.757 -1.033
-0.249 0.724 -1.034
-0.156 0.727 -1.042
-0.113 0.723 -1.054
-0.369 0.768 -1.057
-0.288 0.847 -1.131
-0.345 0.756 -1.053
-0.359 0.842 -1.064
-0.317 0.846 -1.113
-0.322 0.787 -1.044
-0.113 0.816 -1.122
-0.308 0.835 -1.059
-0.187 0.735 -1.038
-0.095 0.790 -1.082
-0.246 0.877 -1.074
-0.139 0.774 -1.049
-0.156 0.812 -1.059
-0.222 0.747 -1.035
-0.280 0.804 -1.039
-0.247 0.833 -1.056
-0.209 0.791 -1.044
-0.187 0.867 -1.073
-0.140 0.839 -1.110
-0.277 0.837 -1.085
-0.470 0.055 -1.012
-0.438 0.069 -1.074
-0.311 0.731 -1.045
-0.280 0.052 -0.991
-0.401 0.694 -1.071
-0.247 0.010 -1.011
-0.168 0.057 -1.068
-0.073 0.607 -1.073
-0.133 0.687 -1.045
-0.417 0.160 -1.116
-0.451 0.060 -0.978
-0.296 0.701 -1.041
-0.172 0.119 -1.050
-0.148 0.312 -1.071
-0.381 0.584 -1.103
-0.311 0.023 -0.988
-0.132 0.412 -1.074
-0.108 0.454 -1.047
-0.189 0.669 -1.035
-0.155 0.246 -1.029
-0.201 0.208 -1.004
-0.151 0.184 -1.063
-0.368 0.048 -0.987
-0.426 0.477 -1.059
-0.132 0.358 -1.051
-0.436 0.097 -1.080
-0.430 0.402 -1.042
-0.168 0.603 -1.029
-0.206 0.145 -1.009
-0.226 0.090 -1.006
-0.190 0.011 -1.051
-0.215 0.044 -1.023
-0.084 0.563 -1.054
-0.440 0.353 -1.073
-0.407 0.613 -1.094
-0.416 0.577 -1.072
-0.438 0.252 -1.086
-0.421 0.534 -1.105
-0.409 0.534 -1.050
-0.213 0.259 -0.999
-0.131 0.632 -1.037
-0.357 0.708 -1.059
-0.343 0.632 -1.057
-0.321 0.660 -1.052
-0.305 0.093 -0.986
-0.073 0.651 -1.055
-0.431 0.295 -1.101
-0.444 0.305 -1.053
-0.443 0.268 -1.024
-0.409 0.307 -1.014
-0.155 0.290 -1.020
-0.195 0.329 -1.005
-0.254 0.682 -1.035
-0.096 0.502 -1.055
-0.201 0.498 -1.022
-0.146 0.460 -1.021
-0.140 0.537 -1.028
-0.463 0.130 -1.022
-0.372 0.186 -1.010
-0.434 0.177 -0.994
-0.429 0.115 -0.985
-0.370 0.121 -1.000
-0.298 0.159 -0.989
-0.435 0.189 -1.089
-0.431 0.429 -1.092
-0.426 0.347 -1.025
-0.364 0.326 -1.029
-0.396 0.403 -1.028
-0.341 0.480 -1.049
-0.349 0.429 -1.038
-0.395 0.473 -1.036
-0.392 0.602 -1.050
-0.261 0.200 -0.994
-0.455 0.199 -1.038
-0.121 0.411 -1.033
-0.146 0.362 -1.017
-0.424 0.231 -1.002
-0.365 0.252 -1.020
-0.278 0.513 -1.041
-0.277 0.458 -1.034
-0.348 0.539 -1.056
-0.317 0.226 -0.999
-0.246 0.631 -1.034
-0.328 0.574 -1.052
-0.239 0.339 -1.006
-0.331 0.361 -1.022
-0.290 0.387 -1.024
-0.241 0.405 -1.016
-0.305 0.300 -1.010
-0.222 0.576 -1.030
-0.283 0.586 -1.048
-0.193 0.420 -1.015
-0.263 0.282 -1.003
-0.392 0.711 -1.079
-0.404 0.644 -1.065
