-0.356 0.035 -1.188
-0.361 0.075 -1.186
-0.352 0.115 -1.188
-0.356 0.150 -1.189
-0.350 0.174 -1.189
-0.356 0.238 -1.192
-0.336 0.258 -1.183
-0.359 0.416 -1.196
-0.355 0.519 -1.193
-0.233 0.513 -1.234
-0.229 0.381 -1.201
-0.264 0.031 -1.153
-0.240 0.250 -1.181
-0.234 0.665 -1.263
-0.357 0.670 -1.161
-0.336 0.677 -1.178
-0.246 0.088 -1.164
-0.233 0.442 -1.213
-0.260 0.507 -1.205
-0.342 0.560 -1.193
-0.344 0.071 -1.184
-0.308 0.675 -1.181
-0.240 0.172 -1.178
-0.273 0.202 -1.178
-0.237 0.309 -1.187
-0.308 0.404 -1.183
-0.242 0.592 -1.257
-0.264 0.591 -1.221
-0.243 0.686 -1.219
-0.342 0.618 -1.187
-0.300 0.082 -1.160
-0.267 0.133 -1.169
-0.312 0.204 -1.171
-0.314 0.147 -1.167
-0.294 0.276 -1.178
-0.263 0.355 -1.187
-0.265 0.422 -1.194
-0.298 0.556 -1.191
-0.316 0.317 -1.178
-0.311 0.483 -1.187
-0.280 0.643 -1.196
-0.071 0.639 -1.103
-0.087 0.607 -1.107
-0.097 0.573 -1.102
-0.111 0.527 -1.100
-0.126 0.454 -1.087
-0.141 0.362 -1.103
-0.141 0.220 -1.085
-0.148 0.138 -1.095
-0.136 -0.004 -1.132
-0.105 -0.005 -1.185
-0.114 0.021 -1.161
-0.105 0.045 -1.185
-0.106 0.101 -1.189
-0.105 0.210 -1.189
-0.105 0.267 -1.192
-0.104 0.346 -1.184
-0.103 0.451 -1.189
-0.117 0.562 -1.154
-0.135 0.424 -1.120
-0.117 0.590 -1.143
-0.121 0.405 -1.160
-0.160 0.013 -1.102
-0.127 0.058 -1.148
-0.152 0.103 -1.097
-0.134 0.231 -1.150
-0.126 0.267 -1.160
-0.129 0.373 -1.150
-0.130 0.322 -1.150
-0.123 0.470 -1.152
-0.129 0.476 -1.107
-0.125 0.523 -1.126
-0.152 0.067 -1.120
-0.141 0.175 -1.136
-0.112 0.174 -1.170
-0.135 0.111 -1.145
-0.135 0.258 -1.109
-0.341 0.672 -1.098
-0.364 0.641 -1.095
-0.367 0.618 -1.102
-0.394 0.524 -1.118
-0.415 0.467 -1.137
-0.419 0.385 -1.132
-0.421 0.339 -1.127
-0.437 0.145 -1.089
-0.430 0.120 -1.099
-0.360 0.096 -1.187
-0.359 0.197 -1.193
-0.348 0.219 -1.189
-0.358 0.271 -1.193
-0.354 0.301 -1.194
-0.354 0.323 -1.194
-0.358 0.344 -1.196
-0.361 0.362 -1.196
-0.356 0.382 -1.195
-0.344 0.445 -1.193
-0.348 0.475 -1.194
-0.367 0.487 -1.192
-0.361 0.561 -1.186
-0.367 0.595 -1.171
-0.348 0.672 -1.126
-0.379 0.465 -1.177
-0.345 0.658 -1.112
-0.420 0.041 -1.107
-0.411 0.092 -1.125
-0.389 0.171 -1.165
-0.386 0.500 -1.138
-0.382 0.549 -1.150
-0.399 0.042 -1.137
-0.397 0.267 -1.163
-0.419 0.220 -1.128
-0.391 0.311 -1.172
-0.373 0.568 -1.121
-0.413 0.422 -1.144
-0.400 0.361 -1.162
-0.383 0.084 -1.166
-0.386 0.219 -1.172
-0.379 0.408 -1.185
-0.398 0.131 -1.150
-0.357 0.620 -1.128
-0.120 0.027 -1.205
-0.105 0.074 -1.189
-0.104 0.123 -1.188
-0.105 0.150 -1.190
-0.105 0.177 -1.190
-0.104 0.237 -1.190
-0.104 0.314 -1.188
-0.105 0.372 -1.193
-0.104 0.409 -1.190
-0.106 0.436 -1.180
-0.106 0.474 -1.179
-0.105 0.502 -1.181
-0.104 0.529 -1.183
-0.111 0.626 -1.150
-0.091 0.632 -1.126
-0.367 0.618 -1.161
-0.172 0.807 -1.168
-0.087 0.793 -1.172
-0.120 0.746 -1.198
-0.177 0.824 -1.150
-0.157 0.847 -1.116
-0.125 0.824 -1.132
-0.086 0.805 -1.137
-0.105 0.803 -1.167
-0.100 0.772 -1.186
-0.147 0.815 -1.156
-0.216 -0.012 -1.205
-0.231 0.015 -1.205
-0.234 0.528 -1.249
-0.221 0.785 -1.186
-0.145 -0.006 -1.209
-0.233 0.113 -1.211
-0.098 0.671 -1.158
-0.201 -0.010 -1.205
-0.235 0.712 -1.246
-0.098 0.716 -1.196
-0.104 0.659 -1.201
-0.235 0.269 -1.220
-0.234 0.190 -1.216
-0.237 0.431 -1.236
-0.199 0.074 -1.206
-0.188 0.124 -1.206
-0.150 0.760 -1.201
-0.192 0.241 -1.210
-0.198 0.294 -1.213
-0.143 0.252 -1.209
-0.115 0.307 -1.203
-0.133 0.425 -1.210
-0.104 0.565 -1.181
-0.196 0.605 -1.240
-0.222 0.643 -1.262
-0.176 0.710 -1.233
-0.204 0.751 -1.212
-0.175 0.782 -1.184
-0.157 0.319 -1.211
-0.138 0.198 -1.209
-0.131 0.372 -1.209
-0.156 0.476 -1.216
-0.184 0.033 -1.205
-0.190 0.176 -1.208
-0.190 0.381 -1.216
-0.186 0.556 -1.227
-0.118 0.490 -1.206
-0.232 0.339 -1.223
-0.137 0.093 -1.209
-0.136 0.529 -1.214
-0.206 0.488 -1.230
-0.102 0.609 -1.185
-0.194 0.434 -1.220
-0.126 0.694 -1.212
-0.162 0.641 -1.225
-0.138 0.151 -1.209
-0.122 0.588 -1.211
-0.336 0.728 -1.200
-0.383 0.769 -1.138
-0.353 0.738 -1.187
-0.326 0.722 -1.207
-0.351 0.724 -1.159
-0.323 0.782 -1.159
-0.336 0.859 -1.098
-0.367 0.796 -1.089
-0.342 0.822 -1.130
-0.315 0.740 -1.165
-0.288 0.751 -1.139
-0.314 0.734 -1.179
-0.292 0.705 -1.173
-0.269 0.757 -1.034
-0.249 0.723 -1.034
-0.156 0.727 -1.043
-0.113 0.723 -1.055
-0.369 0.768 -1.057
-0.288 0.847 -1.131
-0.345 0.756 -1.053
-0.359 0.842 -1.064
-0.317 0.846 -1.113
-0.322 0.787 -1.044
-0.113 0.816 -1.122
-0.308 0.835 -1.059
-0.186 0.735 -1.039
-0.095 0.790 -1.082
-0.246 0.877 -1.074
-0.139 0.774 -1.049
-0.156 0.812 -1.059
-0.222 0.746 -1.036
-0.280 0.803 -1.039
-0.247 0.833 -1.056
-0.209 0.790 -1.044
-0.187 0.867 -1.073
-0.140 0.839 -1.110
-0.277 0.837 -1.085
-0.469 0.053 -1.019
-0.438 0.068 -1.081
-0.311 0.731 -1.045
-0.278 0.051 -1.000
-0.401 0.694 -1.071
-0.245 0.009 -1.020
-0.165 0.056 -1.075
-0.072 0.607 -1.074
-0.133 0.687 -1.046
-0.418 0.160 -1.122
-0.449 0.058 -0.985
-0.296 0.701 -1.042
-0.170 0.119 -1.057
-0.146 0.312 -1.076
-0.382 0.584 -1.104
-0.309 0.021 -0.997
-0.131 0.412 -1.078
-0.107 0.454 -1.050
-0.188 0.668 -1.036
-0.154 0.246 -1.035
-0.199 0.207 -1.010
-0.149 0.184 -1.069
-0.367 0.046 -0.996
-0.426 0.477 -1.061
-0.131 0.358 -1.055
-0.436 0.096 -1.086
-0.430 0.401 -1.045
-0.168 0.603 -1.031
-0.204 0.144 -1.016
-0.224 0.089 -1.014
-0.188 0.011 -1.060
-0.213 0.043 -1.031
-0.084 0.563 -1.056
-0.440 0.352 -1.077
-0.407 0.613 -1.095
-0.416 0.577 -1.073
-0.438 0.252 -1.090
-0.421 0.534 -1.106
-0.409 0.534 -1.051
-0.212 0.258 -1.005
-0.131 0.631 -1.039
-0.357 0.708 -1.059
-0.343 0.632 -1.058
-0.321 0.660 -1.053
-0.303 0.092 -0.994
-0.073 0.651 -1.056
-0.431 0.294 -1.105
-0.443 0.304 -1.057
-0.442 0.267 -1.028
-0.408 0.305 -1.018
-0.153 0.290 -1.025
-0.194 0.328 -1.011
-0.254 0.681 -1.035
-0.095 0.502 -1.058
-0.201 0.497 -1.025
-0.145 0.459 -1.025
-0.140 0.537 -1.030
-0.462 0.128 -1.028
-0.371 0.185 -1.016
-0.433 0.176 -1.000
-0.427 0.113 -0.991
-0.369 0.120 -1.008
-0.296 0.158 -0.997
-0.435 0.188 -1.095
-0.431 0.429 -1.095
-0.425 0.346 -1.029
-0.364 0.325 -1.034
-0.396 0.402 -1.031
-0.340 0.480 -1.051
-0.348 0.428 -1.042
-0.395 0.472 -1.038
-0.392 0.602 -1.051
-0.260 0.199 -1.001
-0.454 0.198 -1.043
-0.120 0.411 -1.037
-0.145 0.361 -1.022
-0.422 0.230 -1.007
-0.364 0.251 -1.025
-0.278 0.512 -1.044
-0.276 0.457 -1.038
-0.348 0.539 -1.057
-0.316 0.225 -1.006
-0.245 0.631 -1.035
-0.328 0.574 -1.054
-0.238 0.338 -1.012
-0.330 0.360 -1.027
-0.289 0.387 -1.029
-0.240 0.404 -1.020
-0.304 0.299 -1.016
-0.222 0.575 -1.032
-0.283 0.586 -1.050
-0.192 0.419 -1.019
-0.262 0.281 -1.009
-0.392 0.711 -1.079
-0.404 0.644 -1.065
