-0.360 0.036 -1.198
-0.364 0.076 -1.196
-0.355 0.116 -1.197
-0.359 0.151 -1.198
-0.353 0.174 -1.197
-0.359 0.239 -1.199
-0.338 0.259 -1.190
-0.360 0.417 -1.199
-0.356 0.520 -1.195
-0.234 0.514 -1.236
-0.231 0.381 -1.206
-0.268 0.031 -1.165
-0.242 0.250 -1.189
-0.234 0.665 -1.263
-0.358 0.670 -1.162
-0.337 0.678 -1.179
-0.249 0.088 -1.176
-0.234 0.442 -1.216
-0.261 0.507 -1.207
-0.342 0.561 -1.194
-0.347 0.071 -1.194
-0.309 0.675 -1.181
-0.243 0.172 -1.188
-0.275 0.202 -1.187
-0.239 0.309 -1.193
-0.310 0.404 -1.187
-0.242 0.593 -1.258
-0.264 0.591 -1.221
-0.243 0.686 -1.219
-0.342 0.619 -1.188
-0.304 0.082 -1.171
-0.270 0.133 -1.179
-0.315 0.204 -1.179
-0.317 0.147 -1.176
-0.297 0.276 -1.185
-0.264 0.355 -1.192
-0.266 0.422 -1.198
-0.299 0.556 -1.192
-0.318 0.317 -1.184
-0.312 0.483 -1.189
-0.280 0.643 -1.197
-0.070 0.640 -1.105
-0.086 0.607 -1.109
-0.096 0.574 -1.105
-0.110 0.527 -1.103
-0.125 0.454 -1.091
-0.139 0.362 -1.107
-0.138 0.220 -1.091
-0.144 0.138 -1.101
-0.131 -0.004 -1.140
-0.098 -0.004 -1.192
-0.108 0.022 -1.167
-0.099 0.047 -1.191
-0.100 0.103 -1.195
-0.100 0.211 -1.193
-0.100 0.268 -1.196
-0.100 0.347 -1.188
-0.101 0.452 -1.193
-0.116 0.563 -1.157
-0.133 0.424 -1.124
-0.116 0.591 -1.145
-0.118 0.406 -1.164
-0.156 0.013 -1.110
-0.122 0.059 -1.154
-0.148 0.103 -1.104
-0.130 0.232 -1.155
-0.122 0.268 -1.165
-0.126 0.374 -1.154
-0.126 0.323 -1.155
-0.121 0.471 -1.156
-0.128 0.477 -1.110
-0.124 0.523 -1.129
-0.147 0.067 -1.127
-0.137 0.176 -1.142
-0.107 0.175 -1.176
-0.130 0.112 -1.151
-0.132 0.258 -1.114
-0.342 0.672 -1.099
-0.365 0.641 -1.096
-0.367 0.618 -1.103
-0.395 0.524 -1.120
-0.416 0.467 -1.139
-0.420 0.385 -1.136
-0.422 0.339 -1.131
-0.437 0.144 -1.096
-0.431 0.120 -1.106
-0.363 0.096 -1.197
-0.362 0.198 -1.201
-0.351 0.220 -1.197
-0.361 0.272 -1.199
-0.356 0.302 -1.199
-0.356 0.324 -1.199
-0.360 0.345 -1.201
-0.362 0.363 -1.200
-0.358 0.383 -1.199
-0.345 0.446 -1.196
-0.349 0.476 -1.197
-0.368 0.488 -1.194
-0.361 0.562 -1.187
-0.367 0.595 -1.172
-0.349 0.672 -1.126
-0.380 0.466 -1.180
-0.346 0.658 -1.113
-0.422 0.041 -1.116
-0.413 0.092 -1.134
-0.392 0.172 -1.173
-0.387 0.501 -1.141
-0.383 0.550 -1.152
-0.402 0.042 -1.146
-0.398 0.268 -1.169
-0.420 0.220 -1.134
-0.393 0.312 -1.177
-0.373 0.568 -1.122
-0.414 0.423 -1.147
-0.401 0.362 -1.167
-0.386 0.085 -1.175
-0.389 0.219 -1.178
-0.381 0.408 -1.188
-0.400 0.132 -1.158
-0.358 0.620 -1.129
-0.112 0.029 -1.212
-0.099 0.075 -1.195
-0.098 0.125 -1.194
-0.100 0.151 -1.195
-0.100 0.178 -1.196
-0.099 0.239 -1.194
-0.099 0.316 -1.192
-0.101 0.373 -1.196
-0.101 0.410 -1.193
-0.103 0.437 -1.183
-0.104 0.475 -1.182
-0.103 0.503 -1.183
-0.102 0.530 -1.186
-0.110 0.627 -1.152
-0.090 0.633 -1.128
-0.368 0.619 -1.162
-0.172 0.807 -1.168
-0.087 0.794 -1.172
-0.120 0.746 -1.199
-0.177 0.824 -1.150
-0.157 0.847 -1.116
-0.125 0.824 -1.132
-0.086 0.805 -1.138
-0.105 0.804 -1.167
-0.100 0.773 -1.187
-0.147 0.815 -1.156
-0.209 -0.012 -1.214
-0.224 0.015 -1.214
-0.231 0.529 -1.252
-0.221 0.785 -1.186
-0.138 -0.005 -1.217
-0.226 0.113 -1.219
-0.098 0.672 -1.159
-0.194 -0.010 -1.214
-0.235 0.712 -1.246
-0.097 0.717 -1.197
-0.103 0.660 -1.202
-0.230 0.269 -1.226
-0.228 0.190 -1.223
-0.234 0.431 -1.240
-0.193 0.074 -1.213
-0.182 0.124 -1.213
-0.150 0.761 -1.201
-0.187 0.241 -1.216
-0.193 0.294 -1.219
-0.138 0.253 -1.215
-0.110 0.308 -1.207
-0.129 0.426 -1.214
-0.102 0.566 -1.184
-0.195 0.606 -1.242
-0.221 0.643 -1.263
-0.176 0.711 -1.233
-0.204 0.751 -1.212
-0.175 0.782 -1.184
-0.152 0.320 -1.216
-0.133 0.199 -1.215
-0.127 0.373 -1.213
-0.153 0.477 -1.219
-0.176 0.034 -1.213
-0.184 0.177 -1.215
-0.186 0.381 -1.220
-0.184 0.557 -1.230
-0.115 0.491 -1.209
-0.228 0.339 -1.229
-0.130 0.094 -1.215
-0.133 0.530 -1.217
-0.203 0.489 -1.233
-0.101 0.610 -1.187
-0.190 0.434 -1.224
-0.125 0.695 -1.214
-0.160 0.641 -1.227
-0.132 0.152 -1.215
-0.120 0.589 -1.214
-0.336 0.728 -1.200
-0.383 0.769 -1.138
-0.353 0.738 -1.187
-0.326 0.722 -1.207
-0.351 0.724 -1.159
-0.323 0.782 -1.159
-0.335 0.859 -1.098
-0.367 0.796 -1.089
-0.341 0.822 -1.130
-0.315 0.740 -1.165
-0.288 0.751 -1.139
-0.314 0.734 -1.179
-0.292 0.706 -1.173
-0.269 0.756 -1.034
-0.249 0.723 -1.035
-0.156 0.727 -1.043
-0.113 0.723 -1.055
-0.369 0.768 -1.057
-0.288 0.847 -1.131
-0.345 0.756 -1.054
-0.359 0.842 -1.064
-0.317 0.846 -1.113
-0.322 0.786 -1.044
-0.113 0.816 -1.122
-0.308 0.835 -1.059
-0.186 0.735 -1.039
-0.095 0.790 -1.082
-0.246 0.877 -1.074
-0.139 0.774 -1.049
-0.156 0.812 -1.059
-0.222 0.746 -1.036
-0.280 0.803 -1.039
-0.247 0.833 -1.056
-0.209 0.790 -1.044
-0.187 0.867 -1.073
-0.140 0.839 -1.110
-0.277 0.837 -1.085
-0.468 0.052 -1.026
-0.439 0.068 -1.088
-0.311 0.731 -1.046
-0.276 0.050 -1.009
-0.401 0.694 -1.072
-0.242 0.008 -1.030
-0.162 0.056 -1.083
-0.072 0.607 -1.076
-0.133 0.687 -1.047
-0.419 0.160 -1.129
-0.446 0.056 -0.993
-0.296 0.701 -1.042
-0.167 0.118 -1.064
-0.144 0.312 -1.081
-0.382 0.584 -1.105
-0.307 0.020 -1.007
-0.129 0.412 -1.082
-0.107 0.454 -1.053
-0.188 0.668 -1.038
-0.152 0.245 -1.040
-0.198 0.206 -1.017
-0.146 0.184 -1.075
-0.365 0.045 -1.006
-0.426 0.476 -1.063
-0.129 0.358 -1.060
-0.437 0.096 -1.094
-0.429 0.400 -1.048
-0.168 0.602 -1.033
-0.203 0.143 -1.024
-0.222 0.088 -1.023
-0.185 0.010 -1.068
-0.211 0.043 -1.040
-0.084 0.563 -1.058
-0.440 0.352 -1.081
-0.408 0.613 -1.096
-0.416 0.576 -1.074
-0.438 0.251 -1.095
-0.422 0.534 -1.108
-0.409 0.533 -1.053
-0.211 0.257 -1.012
-0.131 0.631 -1.040
-0.357 0.708 -1.059
-0.343 0.631 -1.059
-0.321 0.659 -1.053
-0.301 0.090 -1.004
-0.072 0.651 -1.058
-0.432 0.294 -1.110
-0.443 0.303 -1.061
-0.441 0.266 -1.033
-0.407 0.304 -1.023
-0.152 0.289 -1.030
-0.193 0.328 -1.016
-0.254 0.681 -1.036
-0.095 0.502 -1.061
-0.200 0.497 -1.028
-0.145 0.459 -1.028
-0.139 0.536 -1.033
-0.461 0.127 -1.034
-0.370 0.184 -1.024
-0.431 0.174 -1.006
-0.425 0.111 -0.999
-0.367 0.119 -1.016
-0.295 0.156 -1.005
-0.436 0.188 -1.101
-0.431 0.428 -1.097
-0.424 0.345 -1.033
-0.363 0.324 -1.039
-0.395 0.401 -1.035
-0.340 0.479 -1.054
-0.348 0.428 -1.046
-0.394 0.471 -1.041
-0.391 0.601 -1.052
-0.258 0.198 -1.009
-0.454 0.197 -1.049
-0.119 0.411 -1.041
-0.144 0.361 -1.026
-0.421 0.228 -1.013
-0.363 0.250 -1.032
-0.277 0.512 -1.047
-0.276 0.457 -1.042
-0.348 0.538 -1.060
-0.315 0.224 -1.013
-0.245 0.631 -1.037
-0.328 0.573 -1.056
-0.237 0.337 -1.017
-0.330 0.359 -1.032
-0.289 0.386 -1.034
-0.239 0.403 -1.025
-0.303 0.298 -1.023
-0.222 0.575 -1.034
-0.283 0.585 -1.052
-0.192 0.419 -1.023
-0.261 0.280 -1.016
-0.392 0.711 -1.079
-0.404 0.643 -1.066
