-0.508 0.059 -0.205
-0.506 0.099 -0.206
-0.501 0.137 -0.220
-0.501 0.172 -0.222
-0.496 0.194 -0.230
-0.497 0.259 -0.235
-0.478 0.276 -0.252
-0.491 0.435 -0.258
-0.480 0.536 -0.272
-0.458 0.514 -0.399
-0.438 0.382 -0.369
-0.440 0.040 -0.273
-0.436 0.254 -0.335
-0.463 0.665 -0.434
-0.444 0.686 -0.275
-0.454 0.690 -0.301
-0.438 0.093 -0.301
-0.445 0.443 -0.379
-0.447 0.511 -0.360
-0.472 0.575 -0.289
-0.497 0.092 -0.219
-0.445 0.685 -0.327
-0.441 0.176 -0.323
-0.452 0.211 -0.298
-0.435 0.312 -0.348
-0.456 0.416 -0.294
-0.473 0.594 -0.414
-0.455 0.595 -0.375
-0.456 0.688 -0.399
-0.466 0.632 -0.292
-0.457 0.096 -0.250
-0.447 0.141 -0.291
-0.461 0.218 -0.260
-0.463 0.162 -0.249
-0.454 0.287 -0.288
-0.442 0.361 -0.330
-0.445 0.427 -0.340
-0.451 0.566 -0.326
-0.461 0.330 -0.274
-0.457 0.495 -0.304
-0.446 0.649 -0.354
-0.043 0.700 -0.173
-0.049 0.665 -0.179
-0.056 0.630 -0.175
-0.063 0.582 -0.171
-0.077 0.510 -0.154
-0.069 0.416 -0.152
-0.070 0.280 -0.104
-0.065 0.199 -0.096
-0.022 0.059 -0.080
0.039 0.059 -0.089
0.013 0.085 -0.087
0.035 0.108 -0.101
0.035 0.162 -0.118
0.029 0.268 -0.143
0.028 0.323 -0.158
0.017 0.401 -0.173
0.014 0.502 -0.202
-0.031 0.610 -0.220
-0.057 0.475 -0.175
-0.042 0.637 -0.220
-0.016 0.456 -0.185
-0.062 0.073 -0.083
-0.008 0.119 -0.099
-0.064 0.163 -0.093
-0.021 0.286 -0.147
-0.010 0.321 -0.156
-0.027 0.424 -0.177
-0.024 0.375 -0.165
-0.029 0.519 -0.199
-0.068 0.528 -0.176
-0.054 0.572 -0.198
-0.046 0.126 -0.101
-0.033 0.231 -0.130
0.012 0.233 -0.129
-0.018 0.169 -0.115
-0.053 0.316 -0.126
-0.383 0.689 -0.251
-0.397 0.662 -0.227
-0.404 0.640 -0.225
-0.437 0.548 -0.200
-0.466 0.494 -0.187
-0.467 0.414 -0.170
-0.466 0.369 -0.160
-0.453 0.179 -0.102
-0.458 0.154 -0.110
-0.505 0.119 -0.210
-0.502 0.219 -0.227
-0.492 0.239 -0.238
-0.496 0.292 -0.238
-0.493 0.320 -0.246
-0.492 0.342 -0.249
-0.494 0.363 -0.249
-0.495 0.382 -0.249
-0.490 0.401 -0.255
-0.479 0.461 -0.273
-0.481 0.492 -0.274
-0.487 0.506 -0.257
-0.475 0.579 -0.269
-0.462 0.613 -0.261
-0.409 0.688 -0.262
-0.481 0.486 -0.238
-0.397 0.675 -0.255
-0.465 0.074 -0.112
-0.473 0.123 -0.136
-0.492 0.198 -0.185
-0.450 0.523 -0.215
-0.454 0.570 -0.231
-0.481 0.071 -0.145
-0.488 0.294 -0.190
-0.472 0.251 -0.147
-0.490 0.336 -0.205
-0.424 0.589 -0.225
-0.473 0.449 -0.186
-0.484 0.387 -0.199
-0.496 0.111 -0.178
-0.494 0.244 -0.196
-0.491 0.430 -0.234
-0.486 0.160 -0.165
-0.419 0.638 -0.249
0.044 0.086 -0.120
0.037 0.136 -0.111
0.034 0.184 -0.121
0.033 0.209 -0.130
0.032 0.235 -0.136
0.028 0.294 -0.150
0.022 0.369 -0.167
0.022 0.424 -0.185
0.017 0.461 -0.192
0.006 0.488 -0.194
0.002 0.524 -0.204
0.002 0.552 -0.211
0.003 0.578 -0.219
-0.036 0.673 -0.230
-0.041 0.686 -0.201
-0.452 0.636 -0.258
-0.102 0.804 -0.333
-0.048 0.831 -0.274
-0.027 0.777 -0.300
-0.128 0.814 -0.327
-0.156 0.846 -0.286
-0.109 0.839 -0.278
-0.072 0.845 -0.257
-0.066 0.830 -0.285
-0.035 0.810 -0.287
-0.103 0.818 -0.307
-0.008 0.026 -0.187
-0.017 0.048 -0.206
0.004 0.539 -0.360
-0.092 0.773 -0.387
0.035 0.047 -0.134
-0.018 0.142 -0.234
-0.029 0.718 -0.237
0.000 0.030 -0.176
-0.005 0.712 -0.415
-0.008 0.759 -0.273
0.005 0.703 -0.263
-0.018 0.291 -0.280
-0.017 0.216 -0.257
-0.009 0.445 -0.332
-0.002 0.112 -0.195
0.002 0.163 -0.199
-0.043 0.779 -0.328
-0.002 0.275 -0.233
-0.005 0.325 -0.252
0.022 0.298 -0.196
0.029 0.359 -0.183
0.018 0.468 -0.230
-0.002 0.613 -0.227
0.008 0.623 -0.345
0.018 0.651 -0.386
-0.006 0.728 -0.355
-0.048 0.752 -0.379
-0.077 0.786 -0.345
0.012 0.359 -0.224
0.028 0.247 -0.178
0.021 0.417 -0.215
0.007 0.511 -0.265
0.008 0.077 -0.172
0.001 0.213 -0.214
-0.003 0.411 -0.269
0.002 0.580 -0.318
0.018 0.535 -0.232
-0.016 0.359 -0.298
0.034 0.145 -0.151
0.013 0.568 -0.261
-0.002 0.509 -0.318
-0.002 0.656 -0.239
-0.004 0.460 -0.288
-0.002 0.729 -0.297
0.003 0.667 -0.319
0.031 0.201 -0.167
0.012 0.629 -0.264
-0.369 0.720 -0.418
-0.317 0.766 -0.384
-0.352 0.730 -0.412
-0.380 0.714 -0.420
-0.437 0.737 -0.287
-0.418 0.786 -0.317
-0.347 0.840 -0.282
-0.339 0.797 -0.342
-0.382 0.816 -0.311
-0.432 0.748 -0.324
-0.413 0.758 -0.358
-0.388 0.732 -0.394
-0.437 0.714 -0.345
-0.277 0.796 -0.183
-0.255 0.765 -0.177
-0.163 0.778 -0.171
-0.118 0.779 -0.169
-0.377 0.795 -0.205
-0.287 0.848 -0.303
-0.352 0.785 -0.200
-0.369 0.850 -0.244
-0.317 0.840 -0.298
-0.330 0.817 -0.202
-0.103 0.839 -0.261
-0.318 0.849 -0.239
-0.194 0.782 -0.175
-0.100 0.839 -0.210
-0.248 0.889 -0.271
-0.150 0.822 -0.188
-0.166 0.847 -0.218
-0.230 0.790 -0.181
-0.290 0.837 -0.205
-0.257 0.865 -0.229
-0.219 0.830 -0.201
-0.196 0.880 -0.265
-0.140 0.848 -0.273
-0.283 0.854 -0.261
-0.420 0.095 -0.023
-0.452 0.104 -0.086
-0.317 0.766 -0.187
-0.221 0.105 -0.049
-0.406 0.723 -0.193
-0.178 0.067 -0.050
-0.086 0.118 -0.076
-0.059 0.671 -0.146
-0.137 0.742 -0.160
-0.472 0.191 -0.136
-0.382 0.101 -0.011
-0.300 0.738 -0.179
-0.103 0.181 -0.075
-0.087 0.370 -0.122
-0.415 0.607 -0.210
-0.248 0.073 -0.043
-0.083 0.470 -0.140
-0.087 0.518 -0.114
-0.191 0.717 -0.163
-0.112 0.311 -0.077
-0.160 0.268 -0.066
-0.085 0.246 -0.088
-0.309 0.090 -0.050
-0.416 0.511 -0.130
-0.092 0.420 -0.109
-0.453 0.131 -0.094
-0.408 0.437 -0.106
-0.165 0.655 -0.149
-0.156 0.205 -0.061
-0.170 0.149 -0.056
-0.110 0.071 -0.066
-0.148 0.103 -0.058
-0.075 0.628 -0.129
-0.437 0.387 -0.116
-0.425 0.640 -0.190
-0.418 0.608 -0.161
-0.450 0.286 -0.114
-0.444 0.563 -0.174
-0.398 0.568 -0.141
-0.179 0.316 -0.075
-0.132 0.688 -0.145
-0.361 0.739 -0.195
-0.343 0.664 -0.183
-0.323 0.694 -0.183
-0.251 0.142 -0.053
-0.074 0.716 -0.139
-0.456 0.327 -0.134
-0.426 0.341 -0.095
-0.406 0.306 -0.071
-0.373 0.344 -0.083
-0.121 0.355 -0.079
-0.169 0.387 -0.089
-0.257 0.724 -0.170
-0.078 0.566 -0.124
-0.189 0.549 -0.133
-0.133 0.520 -0.110
-0.133 0.595 -0.127
-0.420 0.168 -0.043
-0.329 0.225 -0.081
-0.380 0.217 -0.043
-0.369 0.155 -0.033
-0.320 0.162 -0.067
-0.251 0.208 -0.064
-0.456 0.222 -0.110
-0.444 0.461 -0.143
-0.394 0.384 -0.089
-0.337 0.364 -0.113
-0.371 0.439 -0.111
-0.327 0.517 -0.151
-0.330 0.465 -0.139
-0.377 0.507 -0.127
-0.387 0.635 -0.161
-0.219 0.253 -0.070
-0.425 0.236 -0.066
-0.100 0.476 -0.101
-0.123 0.425 -0.089
-0.378 0.269 -0.060
-0.330 0.291 -0.097
-0.269 0.556 -0.140
-0.263 0.503 -0.128
-0.341 0.573 -0.164
-0.278 0.271 -0.079
-0.245 0.675 -0.162
-0.322 0.609 -0.169
-0.212 0.390 -0.099
-0.305 0.400 -0.119
-0.269 0.433 -0.113
-0.220 0.453 -0.115
-0.274 0.345 -0.093
-0.217 0.622 -0.152
-0.281 0.627 -0.156
-0.174 0.474 -0.113
-0.231 0.332 -0.086
-0.401 0.738 -0.207
-0.405 0.675 -0.175
