-0.366 0.037 -1.210
-0.370 0.077 -1.207
-0.361 0.117 -1.208
-0.364 0.152 -1.208
-0.358 0.175 -1.206
-0.363 0.240 -1.207
-0.342 0.260 -1.198
-0.362 0.418 -1.203
-0.357 0.520 -1.197
-0.236 0.514 -1.239
-0.234 0.381 -1.211
-0.273 0.030 -1.180
-0.246 0.250 -1.198
-0.234 0.665 -1.263
-0.358 0.671 -1.163
-0.337 0.678 -1.179
-0.254 0.087 -1.189
-0.236 0.442 -1.220
-0.262 0.507 -1.209
-0.343 0.561 -1.196
-0.353 0.072 -1.206
-0.309 0.675 -1.182
-0.248 0.172 -1.200
-0.279 0.202 -1.197
-0.242 0.309 -1.201
-0.312 0.404 -1.191
-0.243 0.593 -1.259
-0.265 0.591 -1.222
-0.243 0.686 -1.219
-0.343 0.619 -1.189
-0.308 0.082 -1.183
-0.274 0.133 -1.191
-0.318 0.204 -1.188
-0.322 0.148 -1.187
-0.300 0.277 -1.193
-0.267 0.355 -1.198
-0.269 0.422 -1.202
-0.300 0.557 -1.194
-0.321 0.317 -1.190
-0.314 0.484 -1.192
-0.280 0.643 -1.197
-0.070 0.641 -1.106
-0.085 0.608 -1.111
-0.095 0.574 -1.107
-0.109 0.527 -1.106
-0.123 0.455 -1.094
-0.137 0.363 -1.112
-0.135 0.220 -1.097
-0.140 0.139 -1.108
-0.125 -0.003 -1.147
-0.091 -0.002 -1.198
-0.101 0.023 -1.174
-0.092 0.048 -1.196
-0.093 0.104 -1.200
-0.094 0.212 -1.198
-0.095 0.269 -1.201
-0.096 0.349 -1.192
-0.097 0.453 -1.196
-0.114 0.564 -1.160
-0.130 0.425 -1.128
-0.115 0.591 -1.148
-0.114 0.407 -1.168
-0.151 0.013 -1.118
-0.116 0.060 -1.161
-0.144 0.103 -1.111
-0.125 0.233 -1.161
-0.117 0.269 -1.170
-0.122 0.374 -1.159
-0.122 0.324 -1.159
-0.118 0.471 -1.159
-0.126 0.477 -1.114
-0.122 0.524 -1.133
-0.142 0.068 -1.134
-0.132 0.177 -1.149
-0.101 0.176 -1.181
-0.124 0.112 -1.158
-0.128 0.259 -1.119
-0.342 0.672 -1.099
-0.365 0.641 -1.097
-0.367 0.618 -1.104
-0.395 0.524 -1.122
-0.417 0.468 -1.142
-0.421 0.385 -1.139
-0.423 0.339 -1.136
-0.439 0.144 -1.103
-0.433 0.120 -1.114
-0.369 0.097 -1.207
-0.366 0.199 -1.209
-0.355 0.221 -1.205
-0.364 0.273 -1.206
-0.360 0.303 -1.206
-0.359 0.325 -1.205
-0.363 0.346 -1.206
-0.365 0.364 -1.205
-0.361 0.384 -1.203
-0.347 0.446 -1.199
-0.351 0.477 -1.200
-0.370 0.489 -1.197
-0.362 0.563 -1.189
-0.368 0.596 -1.173
-0.349 0.673 -1.127
-0.381 0.466 -1.182
-0.346 0.658 -1.114
-0.425 0.041 -1.125
-0.416 0.092 -1.143
-0.395 0.173 -1.181
-0.388 0.501 -1.143
-0.383 0.550 -1.153
-0.406 0.042 -1.156
-0.401 0.269 -1.175
-0.422 0.221 -1.140
-0.396 0.313 -1.182
-0.374 0.569 -1.124
-0.415 0.423 -1.150
-0.404 0.363 -1.171
-0.391 0.086 -1.185
-0.392 0.220 -1.186
-0.383 0.410 -1.192
-0.404 0.132 -1.167
-0.358 0.620 -1.130
-0.104 0.030 -1.218
-0.092 0.076 -1.201
-0.092 0.126 -1.199
-0.093 0.152 -1.200
-0.094 0.179 -1.201
-0.094 0.240 -1.199
-0.095 0.317 -1.196
-0.097 0.374 -1.200
-0.097 0.411 -1.197
-0.100 0.438 -1.187
-0.101 0.476 -1.185
-0.100 0.504 -1.187
-0.099 0.531 -1.189
-0.109 0.628 -1.154
-0.090 0.633 -1.130
-0.368 0.619 -1.163
-0.172 0.808 -1.168
-0.087 0.794 -1.172
-0.120 0.747 -1.200
-0.177 0.824 -1.149
-0.157 0.847 -1.116
-0.125 0.824 -1.132
-0.086 0.805 -1.138
-0.106 0.804 -1.167
-0.100 0.774 -1.187
-0.147 0.815 -1.156
-0.200 -0.011 -1.224
-0.215 0.015 -1.224
-0.229 0.529 -1.255
-0.221 0.785 -1.186
-0.129 -0.004 -1.224
-0.219 0.113 -1.228
-0.097 0.673 -1.161
-0.185 -0.009 -1.223
-0.235 0.712 -1.246
-0.097 0.718 -1.199
-0.102 0.661 -1.204
-0.224 0.269 -1.233
-0.221 0.191 -1.231
-0.230 0.431 -1.245
-0.185 0.075 -1.222
-0.175 0.125 -1.221
-0.149 0.762 -1.202
-0.180 0.242 -1.223
-0.187 0.295 -1.225
-0.132 0.254 -1.220
-0.105 0.310 -1.212
-0.125 0.427 -1.218
-0.100 0.567 -1.186
-0.193 0.606 -1.244
-0.220 0.644 -1.265
-0.176 0.711 -1.234
-0.204 0.751 -1.212
-0.175 0.782 -1.184
-0.147 0.321 -1.221
-0.126 0.200 -1.221
-0.123 0.374 -1.218
-0.150 0.478 -1.223
-0.168 0.034 -1.221
-0.177 0.177 -1.222
-0.182 0.382 -1.226
-0.182 0.558 -1.233
-0.112 0.492 -1.212
-0.223 0.339 -1.235
-0.123 0.095 -1.222
-0.131 0.531 -1.220
-0.200 0.489 -1.237
-0.099 0.611 -1.189
-0.186 0.435 -1.228
-0.124 0.696 -1.215
-0.159 0.642 -1.229
-0.125 0.153 -1.221
-0.119 0.590 -1.216
-0.336 0.728 -1.200
-0.383 0.769 -1.138
-0.353 0.738 -1.187
-0.326 0.722 -1.207
-0.351 0.725 -1.160
-0.322 0.783 -1.159
-0.335 0.859 -1.098
-0.367 0.796 -1.089
-0.341 0.822 -1.130
-0.315 0.741 -1.165
-0.288 0.751 -1.139
-0.314 0.734 -1.179
-0.292 0.706 -1.174
-0.269 0.756 -1.034
-0.248 0.723 -1.035
-0.156 0.727 -1.044
-0.113 0.723 -1.055
-0.369 0.768 -1.057
-0.288 0.847 -1.131
-0.345 0.756 -1.054
-0.359 0.842 -1.063
-0.317 0.846 -1.113
-0.322 0.786 -1.044
-0.113 0.816 -1.122
-0.308 0.834 -1.059
-0.186 0.735 -1.040
-0.095 0.790 -1.082
-0.246 0.877 -1.074
-0.139 0.774 -1.050
-0.156 0.812 -1.059
-0.222 0.746 -1.036
-0.280 0.803 -1.039
-0.247 0.833 -1.056
-0.209 0.790 -1.044
-0.187 0.867 -1.073
-0.140 0.839 -1.110
-0.277 0.837 -1.085
-0.467 0.051 -1.033
-0.440 0.067 -1.097
-0.311 0.730 -1.046
-0.274 0.049 -1.020
-0.401 0.694 -1.072
-0.240 0.008 -1.040
-0.158 0.056 -1.091
-0.072 0.608 -1.078
-0.133 0.687 -1.048
-0.422 0.160 -1.137
-0.444 0.055 -1.001
-0.296 0.700 -1.043
-0.164 0.118 -1.072
-0.141 0.312 -1.086
-0.383 0.584 -1.107
-0.305 0.019 -1.018
-0.128 0.413 -1.086
-0.106 0.454 -1.057
-0.188 0.668 -1.039
-0.150 0.245 -1.046
-0.196 0.205 -1.025
-0.143 0.184 -1.081
-0.363 0.043 -1.017
-0.426 0.476 -1.065
-0.128 0.358 -1.065
-0.439 0.096 -1.101
-0.429 0.399 -1.051
-0.167 0.602 -1.035
-0.201 0.143 -1.032
-0.220 0.088 -1.032
-0.181 0.010 -1.077
-0.208 0.042 -1.049
-0.083 0.563 -1.061
-0.440 0.351 -1.084
-0.408 0.613 -1.097
-0.417 0.576 -1.076
-0.439 0.251 -1.101
-0.422 0.534 -1.110
-0.408 0.533 -1.055
-0.210 0.256 -1.019
-0.131 0.631 -1.042
-0.357 0.708 -1.059
-0.343 0.631 -1.060
-0.321 0.659 -1.054
-0.300 0.089 -1.014
-0.072 0.651 -1.059
-0.433 0.294 -1.115
-0.443 0.303 -1.066
-0.440 0.265 -1.038
-0.405 0.303 -1.029
-0.151 0.289 -1.036
-0.192 0.327 -1.022
-0.253 0.681 -1.037
-0.094 0.502 -1.064
-0.200 0.496 -1.031
-0.144 0.459 -1.032
-0.139 0.536 -1.036
-0.460 0.126 -1.041
-0.368 0.182 -1.032
-0.429 0.173 -1.013
-0.423 0.110 -1.007
-0.366 0.117 -1.026
-0.293 0.155 -1.014
-0.437 0.188 -1.107
-0.432 0.428 -1.100
-0.423 0.344 -1.037
-0.362 0.324 -1.045
-0.394 0.400 -1.039
-0.339 0.479 -1.057
-0.347 0.427 -1.050
-0.394 0.470 -1.044
-0.391 0.601 -1.054
-0.257 0.197 -1.017
-0.453 0.196 -1.055
-0.118 0.411 -1.045
-0.143 0.360 -1.031
-0.419 0.227 -1.019
-0.362 0.249 -1.039
-0.277 0.511 -1.049
-0.275 0.456 -1.046
-0.348 0.538 -1.062
-0.313 0.223 -1.021
-0.245 0.630 -1.038
-0.328 0.573 -1.058
-0.236 0.337 -1.024
-0.329 0.359 -1.038
-0.288 0.385 -1.040
-0.238 0.402 -1.030
-0.302 0.297 -1.029
-0.221 0.575 -1.036
-0.282 0.585 -1.053
-0.191 0.418 -1.028
-0.260 0.279 -1.023
-0.392 0.711 -1.079
-0.404 0.643 -1.066
