-0.374 0.039 -1.223
-0.377 0.079 -1.219
-0.368 0.119 -1.219
-0.371 0.154 -1.218
-0.364 0.177 -1.216
-0.368 0.242 -1.215
-0.346 0.261 -1.206
-0.365 0.420 -1.207
-0.358 0.521 -1.200
-0.237 0.515 -1.241
-0.237 0.381 -1.217
-0.280 0.030 -1.197
-0.251 0.250 -1.209
-0.234 0.665 -1.263
-0.358 0.671 -1.164
-0.337 0.679 -1.180
-0.261 0.087 -1.205
-0.238 0.442 -1.224
-0.264 0.508 -1.212
-0.344 0.562 -1.198
-0.361 0.074 -1.218
-0.309 0.676 -1.182
-0.254 0.172 -1.213
-0.285 0.203 -1.209
-0.246 0.309 -1.210
-0.315 0.405 -1.196
-0.244 0.593 -1.260
-0.266 0.592 -1.223
-0.243 0.686 -1.219
-0.344 0.620 -1.190
-0.315 0.082 -1.197
-0.280 0.133 -1.205
-0.324 0.205 -1.199
-0.328 0.148 -1.199
-0.305 0.277 -1.201
-0.271 0.355 -1.204
-0.271 0.422 -1.206
-0.301 0.557 -1.195
-0.325 0.318 -1.198
-0.316 0.484 -1.195
-0.281 0.644 -1.198
-0.070 0.641 -1.108
-0.085 0.609 -1.113
-0.095 0.575 -1.110
-0.108 0.528 -1.109
-0.122 0.455 -1.098
-0.134 0.363 -1.117
-0.131 0.220 -1.103
-0.136 0.139 -1.115
-0.119 -0.002 -1.154
-0.082 -0.001 -1.203
-0.094 0.024 -1.180
-0.084 0.049 -1.202
-0.085 0.105 -1.206
-0.088 0.214 -1.203
-0.089 0.271 -1.205
-0.091 0.350 -1.196
-0.094 0.455 -1.200
-0.113 0.565 -1.163
-0.128 0.425 -1.132
-0.113 0.592 -1.151
-0.111 0.408 -1.172
-0.147 0.014 -1.126
-0.110 0.061 -1.167
-0.140 0.103 -1.118
-0.121 0.234 -1.166
-0.112 0.270 -1.176
-0.119 0.375 -1.163
-0.118 0.324 -1.164
-0.116 0.472 -1.163
-0.125 0.477 -1.118
-0.121 0.525 -1.136
-0.137 0.068 -1.142
-0.127 0.177 -1.155
-0.095 0.178 -1.186
-0.119 0.113 -1.164
-0.125 0.259 -1.125
-0.342 0.672 -1.100
-0.365 0.641 -1.098
-0.368 0.618 -1.105
-0.396 0.524 -1.124
-0.418 0.468 -1.144
-0.423 0.386 -1.143
-0.425 0.340 -1.140
-0.441 0.144 -1.111
-0.436 0.120 -1.122
-0.376 0.099 -1.218
-0.372 0.201 -1.218
-0.360 0.222 -1.214
-0.369 0.275 -1.214
-0.364 0.304 -1.213
-0.363 0.326 -1.211
-0.366 0.347 -1.212
-0.369 0.365 -1.211
-0.364 0.386 -1.208
-0.349 0.447 -1.203
-0.353 0.478 -1.203
-0.372 0.490 -1.199
-0.363 0.563 -1.191
-0.369 0.597 -1.174
-0.349 0.673 -1.128
-0.383 0.467 -1.185
-0.346 0.658 -1.115
-0.428 0.042 -1.135
-0.421 0.093 -1.152
-0.401 0.174 -1.190
-0.389 0.501 -1.145
-0.384 0.551 -1.155
-0.412 0.043 -1.168
-0.405 0.270 -1.182
-0.425 0.222 -1.147
-0.399 0.314 -1.188
-0.375 0.569 -1.125
-0.417 0.424 -1.153
-0.406 0.364 -1.175
-0.398 0.087 -1.195
-0.397 0.222 -1.194
-0.386 0.411 -1.196
-0.409 0.133 -1.176
-0.359 0.620 -1.132
-0.096 0.031 -1.224
-0.084 0.078 -1.206
-0.085 0.127 -1.204
-0.086 0.154 -1.205
-0.087 0.181 -1.206
-0.088 0.241 -1.204
-0.090 0.318 -1.201
-0.093 0.376 -1.204
-0.093 0.413 -1.201
-0.097 0.440 -1.191
-0.098 0.477 -1.189
-0.098 0.505 -1.190
-0.097 0.533 -1.192
-0.108 0.628 -1.157
-0.089 0.634 -1.132
-0.369 0.620 -1.165
-0.172 0.808 -1.168
-0.087 0.795 -1.173
-0.120 0.748 -1.201
-0.178 0.824 -1.149
-0.157 0.847 -1.116
-0.125 0.824 -1.132
-0.086 0.806 -1.138
-0.106 0.804 -1.167
-0.100 0.775 -1.188
-0.147 0.815 -1.156
-0.191 -0.011 -1.233
-0.206 0.016 -1.234
-0.226 0.529 -1.259
-0.221 0.784 -1.185
-0.120 -0.002 -1.231
-0.211 0.113 -1.237
-0.096 0.674 -1.163
-0.176 -0.009 -1.232
-0.235 0.712 -1.246
-0.096 0.720 -1.200
-0.101 0.662 -1.206
-0.218 0.269 -1.241
-0.213 0.191 -1.240
-0.225 0.431 -1.251
-0.176 0.075 -1.230
-0.167 0.125 -1.229
-0.149 0.762 -1.203
-0.174 0.242 -1.230
-0.181 0.295 -1.232
-0.126 0.255 -1.226
-0.100 0.311 -1.216
-0.121 0.428 -1.222
-0.098 0.568 -1.189
-0.192 0.607 -1.246
-0.219 0.644 -1.266
-0.176 0.712 -1.235
-0.204 0.751 -1.212
-0.175 0.783 -1.184
-0.142 0.322 -1.227
-0.119 0.202 -1.227
-0.118 0.376 -1.222
-0.147 0.479 -1.227
-0.159 0.035 -1.230
-0.170 0.178 -1.230
-0.177 0.382 -1.231
-0.179 0.558 -1.236
-0.109 0.494 -1.216
-0.217 0.339 -1.242
-0.115 0.096 -1.228
-0.128 0.532 -1.223
-0.197 0.490 -1.241
-0.098 0.612 -1.191
-0.182 0.435 -1.233
-0.124 0.697 -1.217
-0.158 0.643 -1.231
-0.118 0.154 -1.228
-0.117 0.592 -1.219
-0.336 0.728 -1.200
-0.383 0.769 -1.138
-0.353 0.738 -1.187
-0.326 0.722 -1.207
-0.351 0.725 -1.160
-0.322 0.783 -1.159
-0.335 0.859 -1.097
-0.367 0.796 -1.089
-0.341 0.822 -1.129
-0.315 0.741 -1.165
-0.288 0.751 -1.139
-0.314 0.734 -1.179
-0.292 0.706 -1.174
-0.269 0.756 -1.034
-0.248 0.723 -1.036
-0.155 0.727 -1.044
-0.112 0.724 -1.056
-0.369 0.768 -1.057
-0.288 0.847 -1.131
-0.345 0.755 -1.054
-0.358 0.842 -1.063
-0.317 0.846 -1.113
-0.322 0.786 -1.044
-0.113 0.816 -1.122
-0.308 0.834 -1.059
-0.186 0.735 -1.040
-0.095 0.790 -1.082
-0.246 0.877 -1.074
-0.139 0.774 -1.050
-0.156 0.812 -1.059
-0.222 0.746 -1.037
-0.280 0.803 -1.039
-0.247 0.833 -1.056
-0.208 0.790 -1.044
-0.187 0.867 -1.073
-0.140 0.839 -1.110
-0.277 0.838 -1.085
-0.466 0.050 -1.041
-0.443 0.067 -1.106
-0.311 0.730 -1.046
-0.272 0.048 -1.030
-0.401 0.694 -1.072
-0.237 0.007 -1.051
-0.155 0.057 -1.099
-0.072 0.608 -1.080
-0.133 0.687 -1.049
-0.425 0.161 -1.145
-0.442 0.053 -1.010
-0.296 0.700 -1.043
-0.161 0.118 -1.080
-0.139 0.312 -1.092
-0.383 0.584 -1.108
-0.303 0.018 -1.029
-0.126 0.413 -1.090
-0.105 0.454 -1.060
-0.188 0.668 -1.039
-0.148 0.245 -1.053
-0.195 0.205 -1.032
-0.140 0.184 -1.088
-0.361 0.042 -1.028
-0.425 0.475 -1.068
-0.126 0.358 -1.069
-0.441 0.096 -1.110
-0.428 0.399 -1.055
-0.167 0.602 -1.037
-0.199 0.142 -1.040
-0.218 0.087 -1.041
-0.178 0.010 -1.086
-0.206 0.042 -1.059
-0.083 0.563 -1.063
-0.440 0.351 -1.088
-0.408 0.613 -1.097
-0.417 0.576 -1.077
-0.440 0.251 -1.106
-0.423 0.535 -1.111
-0.408 0.532 -1.056
-0.208 0.256 -1.026
-0.130 0.631 -1.043
-0.357 0.708 -1.059
-0.343 0.631 -1.061
-0.321 0.659 -1.055
-0.298 0.088 -1.024
-0.072 0.651 -1.061
-0.435 0.295 -1.120
-0.442 0.302 -1.070
-0.439 0.264 -1.043
-0.404 0.302 -1.034
-0.149 0.289 -1.042
-0.191 0.327 -1.028
-0.253 0.681 -1.038
-0.094 0.503 -1.067
-0.199 0.496 -1.035
-0.144 0.458 -1.037
-0.138 0.536 -1.038
-0.459 0.125 -1.048
-0.367 0.182 -1.040
-0.427 0.171 -1.020
-0.421 0.108 -1.015
-0.364 0.116 -1.035
-0.291 0.154 -1.023
-0.439 0.188 -1.114
-0.432 0.428 -1.103
-0.422 0.343 -1.041
-0.361 0.323 -1.051
-0.393 0.399 -1.043
-0.339 0.479 -1.060
-0.347 0.427 -1.055
-0.393 0.469 -1.046
-0.391 0.601 -1.055
-0.255 0.196 -1.026
-0.453 0.195 -1.061
-0.117 0.411 -1.049
-0.142 0.360 -1.036
-0.418 0.225 -1.026
-0.361 0.248 -1.046
-0.277 0.511 -1.052
-0.275 0.456 -1.050
-0.348 0.538 -1.064
-0.312 0.222 -1.029
-0.245 0.630 -1.039
-0.327 0.573 -1.059
-0.235 0.336 -1.030
-0.328 0.358 -1.044
-0.287 0.385 -1.046
-0.238 0.402 -1.036
-0.301 0.296 -1.036
-0.221 0.574 -1.038
-0.282 0.585 -1.055
-0.190 0.418 -1.033
-0.259 0.278 -1.030
-0.392 0.711 -1.079
-0.404 0.643 -1.067
