-0.384 0.041 -1.236
-0.387 0.081 -1.231
-0.376 0.121 -1.231
-0.379 0.156 -1.229
-0.372 0.179 -1.227
-0.375 0.244 -1.224
-0.352 0.262 -1.215
-0.368 0.421 -1.211
-0.360 0.522 -1.202
-0.239 0.515 -1.243
-0.241 0.381 -1.224
-0.289 0.030 -1.214
-0.257 0.250 -1.221
-0.234 0.665 -1.263
-0.359 0.672 -1.164
-0.337 0.679 -1.180
-0.269 0.087 -1.222
-0.241 0.442 -1.228
-0.266 0.508 -1.214
-0.346 0.563 -1.199
-0.370 0.076 -1.232
-0.310 0.676 -1.183
-0.261 0.172 -1.227
-0.292 0.203 -1.221
-0.251 0.309 -1.219
-0.318 0.405 -1.201
-0.245 0.594 -1.261
-0.267 0.592 -1.224
-0.243 0.685 -1.219
-0.344 0.620 -1.191
-0.323 0.083 -1.212
-0.288 0.133 -1.220
-0.330 0.206 -1.210
-0.335 0.149 -1.211
-0.310 0.277 -1.210
-0.275 0.355 -1.211
-0.275 0.422 -1.211
-0.303 0.557 -1.197
-0.330 0.318 -1.205
-0.318 0.484 -1.198
-0.282 0.644 -1.198
-0.069 0.642 -1.110
-0.084 0.609 -1.116
-0.094 0.575 -1.112
-0.107 0.529 -1.113
-0.120 0.456 -1.102
-0.131 0.364 -1.122
-0.128 0.221 -1.109
-0.133 0.140 -1.122
-0.113 -0.001 -1.161
-0.074 0.001 -1.209
-0.087 0.025 -1.185
-0.076 0.051 -1.207
-0.078 0.107 -1.211
-0.082 0.215 -1.208
-0.083 0.272 -1.210
-0.087 0.352 -1.200
-0.091 0.456 -1.203
-0.111 0.566 -1.166
-0.125 0.426 -1.137
-0.112 0.593 -1.153
-0.108 0.409 -1.176
-0.142 0.015 -1.134
-0.103 0.062 -1.174
-0.136 0.104 -1.126
-0.116 0.235 -1.172
-0.108 0.271 -1.181
-0.115 0.376 -1.168
-0.114 0.325 -1.169
-0.113 0.473 -1.167
-0.123 0.478 -1.122
-0.119 0.525 -1.140
-0.132 0.069 -1.149
-0.122 0.178 -1.161
-0.089 0.179 -1.192
-0.113 0.114 -1.170
-0.121 0.260 -1.131
-0.342 0.672 -1.101
-0.366 0.641 -1.099
-0.368 0.619 -1.106
-0.397 0.524 -1.126
-0.420 0.469 -1.146
-0.425 0.387 -1.147
-0.428 0.341 -1.144
-0.443 0.145 -1.118
-0.439 0.121 -1.130
-0.385 0.101 -1.230
-0.379 0.203 -1.228
-0.367 0.224 -1.223
-0.375 0.276 -1.221
-0.369 0.306 -1.220
-0.368 0.328 -1.218
-0.371 0.349 -1.218
-0.373 0.367 -1.216
-0.368 0.387 -1.213
-0.352 0.449 -1.206
-0.355 0.479 -1.206
-0.374 0.491 -1.202
-0.365 0.564 -1.192
-0.370 0.597 -1.176
-0.350 0.673 -1.128
-0.385 0.469 -1.188
-0.347 0.659 -1.116
-0.433 0.043 -1.146
-0.427 0.094 -1.162
-0.407 0.176 -1.198
-0.391 0.502 -1.147
-0.386 0.551 -1.156
-0.419 0.045 -1.179
-0.410 0.272 -1.188
-0.429 0.223 -1.153
-0.404 0.316 -1.194
-0.376 0.569 -1.127
-0.419 0.425 -1.157
-0.410 0.365 -1.180
-0.405 0.089 -1.206
-0.403 0.224 -1.202
-0.389 0.412 -1.200
-0.415 0.135 -1.186
-0.359 0.621 -1.133
-0.087 0.033 -1.230
-0.077 0.079 -1.211
-0.077 0.129 -1.209
-0.079 0.155 -1.210
-0.080 0.182 -1.210
-0.082 0.243 -1.208
-0.085 0.320 -1.205
-0.088 0.377 -1.209
-0.089 0.414 -1.205
-0.093 0.441 -1.194
-0.095 0.478 -1.192
-0.095 0.506 -1.193
-0.095 0.534 -1.195
-0.107 0.629 -1.159
-0.088 0.635 -1.134
-0.370 0.620 -1.165
-0.172 0.808 -1.168
-0.087 0.795 -1.173
-0.119 0.749 -1.202
-0.178 0.824 -1.149
-0.157 0.847 -1.116
-0.125 0.824 -1.132
-0.086 0.806 -1.138
-0.106 0.805 -1.168
-0.100 0.775 -1.188
-0.147 0.815 -1.156
-0.181 -0.010 -1.243
-0.196 0.016 -1.244
-0.223 0.529 -1.263
-0.221 0.784 -1.185
-0.110 -0.001 -1.238
-0.202 0.113 -1.247
-0.095 0.675 -1.165
-0.166 -0.008 -1.241
-0.235 0.712 -1.246
-0.096 0.721 -1.202
-0.100 0.663 -1.208
-0.211 0.269 -1.250
-0.205 0.191 -1.250
-0.221 0.431 -1.257
-0.168 0.076 -1.239
-0.159 0.126 -1.237
-0.149 0.763 -1.203
-0.167 0.243 -1.237
-0.175 0.296 -1.239
-0.119 0.256 -1.232
-0.094 0.313 -1.221
-0.117 0.429 -1.227
-0.097 0.570 -1.192
-0.190 0.607 -1.249
-0.219 0.645 -1.267
-0.176 0.713 -1.236
-0.204 0.751 -1.212
-0.175 0.783 -1.184
-0.136 0.323 -1.232
-0.112 0.203 -1.233
-0.113 0.377 -1.227
-0.143 0.480 -1.231
-0.150 0.036 -1.238
-0.162 0.178 -1.238
-0.172 0.383 -1.237
-0.177 0.559 -1.239
-0.106 0.495 -1.219
-0.211 0.339 -1.250
-0.106 0.097 -1.234
-0.126 0.534 -1.227
-0.193 0.490 -1.246
-0.097 0.613 -1.194
-0.178 0.436 -1.239
-0.123 0.698 -1.218
-0.157 0.644 -1.233
-0.110 0.156 -1.234
-0.115 0.593 -1.222
-0.336 0.728 -1.200
-0.383 0.769 -1.138
-0.353 0.738 -1.187
-0.326 0.722 -1.207
-0.351 0.725 -1.160
-0.322 0.783 -1.159
-0.335 0.859 -1.097
-0.367 0.795 -1.089
-0.341 0.822 -1.129
-0.315 0.741 -1.165
-0.288 0.751 -1.139
-0.314 0.734 -1.179
-0.293 0.706 -1.174
-0.269 0.756 -1.035
-0.248 0.723 -1.036
-0.155 0.727 -1.045
-0.112 0.724 -1.056
-0.369 0.768 -1.057
-0.288 0.847 -1.131
-0.345 0.755 -1.054
-0.358 0.842 -1.063
-0.317 0.846 -1.113
-0.322 0.786 -1.044
-0.113 0.816 -1.122
-0.308 0.834 -1.059
-0.186 0.734 -1.040
-0.095 0.790 -1.082
-0.246 0.877 -1.074
-0.139 0.774 -1.050
-0.156 0.812 -1.059
-0.222 0.746 -1.037
-0.280 0.803 -1.039
-0.247 0.833 -1.056
-0.208 0.790 -1.045
-0.187 0.867 -1.073
-0.140 0.839 -1.110
-0.277 0.838 -1.085
-0.465 0.049 -1.050
-0.446 0.068 -1.115
-0.311 0.730 -1.046
-0.270 0.048 -1.041
-0.401 0.694 -1.072
-0.235 0.007 -1.062
-0.151 0.057 -1.107
-0.071 0.609 -1.082
-0.133 0.687 -1.050
-0.430 0.162 -1.153
-0.439 0.052 -1.019
-0.296 0.700 -1.044
-0.158 0.119 -1.087
-0.137 0.312 -1.097
-0.384 0.584 -1.109
-0.301 0.017 -1.041
-0.124 0.413 -1.095
-0.104 0.454 -1.064
-0.188 0.668 -1.040
-0.147 0.245 -1.059
-0.194 0.205 -1.040
-0.138 0.184 -1.094
-0.359 0.041 -1.039
-0.425 0.475 -1.070
-0.125 0.358 -1.074
-0.444 0.096 -1.118
-0.428 0.398 -1.058
-0.167 0.602 -1.039
-0.197 0.142 -1.049
-0.216 0.087 -1.051
-0.175 0.011 -1.096
-0.203 0.042 -1.069
-0.083 0.564 -1.066
-0.441 0.351 -1.092
-0.409 0.613 -1.098
-0.417 0.576 -1.078
-0.442 0.251 -1.112
-0.424 0.535 -1.112
-0.408 0.532 -1.058
-0.207 0.255 -1.034
-0.130 0.631 -1.045
-0.357 0.708 -1.059
-0.343 0.631 -1.062
-0.321 0.659 -1.056
-0.296 0.087 -1.035
-0.072 0.652 -1.062
-0.437 0.295 -1.125
-0.442 0.302 -1.075
-0.438 0.263 -1.049
-0.403 0.301 -1.040
-0.148 0.289 -1.048
-0.191 0.326 -1.035
-0.253 0.680 -1.039
-0.093 0.503 -1.070
-0.199 0.496 -1.039
-0.143 0.458 -1.041
-0.138 0.536 -1.042
-0.459 0.125 -1.055
-0.366 0.181 -1.049
-0.426 0.170 -1.028
-0.419 0.107 -1.024
-0.362 0.116 -1.045
-0.290 0.153 -1.033
-0.442 0.188 -1.121
-0.433 0.429 -1.105
-0.421 0.342 -1.046
-0.360 0.323 -1.057
-0.392 0.398 -1.047
-0.339 0.479 -1.063
-0.346 0.426 -1.059
-0.393 0.469 -1.049
-0.391 0.600 -1.055
-0.254 0.196 -1.034
-0.453 0.195 -1.067
-0.117 0.411 -1.054
-0.141 0.360 -1.042
-0.416 0.224 -1.033
-0.360 0.248 -1.054
-0.276 0.511 -1.056
-0.274 0.456 -1.055
-0.347 0.538 -1.066
-0.311 0.221 -1.037
-0.245 0.630 -1.041
-0.327 0.573 -1.061
-0.234 0.335 -1.037
-0.327 0.358 -1.050
-0.286 0.384 -1.051
-0.237 0.401 -1.041
-0.300 0.296 -1.044
-0.221 0.574 -1.041
-0.282 0.585 -1.057
-0.190 0.418 -1.038
-0.258 0.277 -1.038
-0.392 0.711 -1.079
-0.404 0.643 -1.067
