-0.396 0.044 -1.250
-0.397 0.084 -1.243
-0.386 0.123 -1.243
-0.388 0.158 -1.239
-0.380 0.181 -1.237
-0.382 0.246 -1.232
-0.359 0.263 -1.223
-0.372 0.423 -1.215
-0.363 0.524 -1.204
-0.241 0.515 -1.245
-0.246 0.381 -1.231
-0.300 0.031 -1.233
-0.265 0.250 -1.233
-0.234 0.665 -1.263
-0.359 0.673 -1.165
-0.338 0.680 -1.181
-0.279 0.088 -1.240
-0.245 0.442 -1.232
-0.268 0.508 -1.216
-0.347 0.564 -1.201
-0.381 0.078 -1.245
-0.310 0.676 -1.183
-0.270 0.173 -1.242
-0.300 0.204 -1.234
-0.258 0.309 -1.229
-0.322 0.406 -1.206
-0.246 0.594 -1.262
-0.268 0.592 -1.225
-0.243 0.685 -1.219
-0.345 0.621 -1.192
-0.333 0.084 -1.228
-0.298 0.134 -1.235
-0.338 0.207 -1.221
-0.344 0.150 -1.224
-0.316 0.278 -1.220
-0.280 0.355 -1.219
-0.278 0.422 -1.216
-0.304 0.557 -1.198
-0.335 0.319 -1.213
-0.321 0.485 -1.201
-0.282 0.644 -1.199
-0.069 0.643 -1.112
-0.083 0.610 -1.118
-0.093 0.576 -1.115
-0.106 0.529 -1.116
-0.119 0.456 -1.106
-0.129 0.364 -1.127
-0.126 0.221 -1.115
-0.129 0.140 -1.129
-0.107 -0.000 -1.168
-0.066 0.002 -1.214
-0.080 0.027 -1.191
-0.069 0.052 -1.212
-0.071 0.109 -1.216
-0.076 0.217 -1.213
-0.078 0.274 -1.214
-0.083 0.353 -1.204
-0.088 0.458 -1.207
-0.110 0.567 -1.169
-0.123 0.427 -1.141
-0.111 0.594 -1.156
-0.105 0.410 -1.180
-0.137 0.015 -1.142
-0.097 0.063 -1.180
-0.132 0.105 -1.133
-0.111 0.236 -1.178
-0.103 0.273 -1.186
-0.112 0.377 -1.173
-0.110 0.327 -1.174
-0.111 0.474 -1.171
-0.121 0.479 -1.126
-0.118 0.526 -1.143
-0.127 0.070 -1.157
-0.118 0.179 -1.167
-0.083 0.181 -1.197
-0.107 0.116 -1.177
-0.118 0.261 -1.136
-0.343 0.672 -1.101
-0.366 0.641 -1.099
-0.369 0.619 -1.107
-0.399 0.525 -1.127
-0.422 0.470 -1.149
-0.428 0.388 -1.150
-0.431 0.342 -1.149
-0.446 0.145 -1.126
-0.443 0.121 -1.139
-0.395 0.104 -1.242
-0.388 0.205 -1.237
-0.375 0.226 -1.233
-0.382 0.279 -1.229
-0.375 0.308 -1.227
-0.374 0.330 -1.224
-0.376 0.351 -1.224
-0.378 0.369 -1.222
-0.372 0.389 -1.218
-0.356 0.450 -1.210
-0.358 0.480 -1.209
-0.376 0.493 -1.204
-0.366 0.565 -1.194
-0.371 0.598 -1.177
-0.350 0.673 -1.129
-0.388 0.470 -1.191
-0.347 0.659 -1.116
-0.439 0.044 -1.156
-0.433 0.095 -1.172
-0.414 0.178 -1.207
-0.393 0.503 -1.150
-0.387 0.552 -1.158
-0.427 0.047 -1.190
-0.416 0.273 -1.195
-0.433 0.224 -1.160
-0.409 0.317 -1.200
-0.377 0.570 -1.128
-0.422 0.426 -1.160
-0.414 0.367 -1.184
-0.414 0.092 -1.217
-0.410 0.226 -1.209
-0.393 0.414 -1.204
-0.422 0.137 -1.195
-0.360 0.621 -1.134
-0.078 0.034 -1.236
-0.069 0.081 -1.216
-0.071 0.131 -1.214
-0.073 0.157 -1.215
-0.074 0.184 -1.215
-0.076 0.245 -1.213
-0.080 0.322 -1.209
-0.084 0.379 -1.212
-0.086 0.416 -1.209
-0.090 0.443 -1.198
-0.093 0.480 -1.196
-0.093 0.508 -1.196
-0.092 0.535 -1.198
-0.106 0.630 -1.162
-0.088 0.636 -1.137
-0.371 0.621 -1.166
-0.172 0.808 -1.168
-0.087 0.796 -1.173
-0.119 0.750 -1.203
-0.178 0.823 -1.149
-0.157 0.847 -1.116
-0.125 0.824 -1.132
-0.086 0.806 -1.138
-0.106 0.805 -1.168
-0.100 0.776 -1.189
-0.147 0.815 -1.155
-0.171 -0.009 -1.253
-0.187 0.017 -1.255
-0.220 0.530 -1.267
-0.221 0.784 -1.185
-0.101 0.000 -1.245
-0.193 0.114 -1.257
-0.094 0.676 -1.167
-0.156 -0.007 -1.250
-0.235 0.712 -1.246
-0.095 0.722 -1.204
-0.099 0.665 -1.210
-0.204 0.270 -1.258
-0.198 0.192 -1.259
-0.216 0.431 -1.263
-0.159 0.077 -1.248
-0.150 0.127 -1.245
-0.149 0.764 -1.204
-0.160 0.244 -1.245
-0.169 0.297 -1.246
-0.113 0.258 -1.237
-0.089 0.314 -1.225
-0.113 0.431 -1.231
-0.095 0.571 -1.194
-0.189 0.608 -1.251
-0.218 0.646 -1.269
-0.176 0.713 -1.237
-0.204 0.751 -1.212
-0.175 0.783 -1.184
-0.131 0.324 -1.238
-0.105 0.204 -1.238
-0.109 0.379 -1.232
-0.140 0.481 -1.235
-0.141 0.037 -1.247
-0.155 0.179 -1.245
-0.167 0.384 -1.243
-0.175 0.560 -1.243
-0.103 0.497 -1.223
-0.206 0.340 -1.257
-0.098 0.099 -1.241
-0.123 0.535 -1.230
-0.190 0.491 -1.250
-0.095 0.615 -1.196
-0.174 0.436 -1.244
-0.123 0.699 -1.220
-0.156 0.645 -1.235
-0.102 0.157 -1.240
-0.113 0.594 -1.224
-0.336 0.728 -1.200
-0.383 0.769 -1.138
-0.353 0.738 -1.187
-0.326 0.722 -1.208
-0.351 0.726 -1.160
-0.322 0.783 -1.159
-0.335 0.859 -1.097
-0.367 0.795 -1.089
-0.341 0.822 -1.129
-0.315 0.741 -1.165
-0.288 0.751 -1.139
-0.314 0.734 -1.179
-0.293 0.706 -1.174
-0.269 0.756 -1.035
-0.248 0.722 -1.037
-0.155 0.727 -1.045
-0.112 0.724 -1.056
-0.369 0.769 -1.057
-0.288 0.847 -1.131
-0.345 0.755 -1.054
-0.358 0.842 -1.063
-0.317 0.846 -1.113
-0.322 0.786 -1.044
-0.113 0.816 -1.122
-0.307 0.834 -1.059
-0.186 0.734 -1.041
-0.095 0.790 -1.082
-0.246 0.877 -1.074
-0.139 0.774 -1.050
-0.156 0.812 -1.059
-0.222 0.746 -1.037
-0.280 0.803 -1.039
-0.247 0.833 -1.056
-0.208 0.790 -1.045
-0.187 0.867 -1.073
-0.140 0.839 -1.110
-0.277 0.838 -1.085
-0.465 0.049 -1.058
-0.449 0.068 -1.124
-0.311 0.730 -1.046
-0.269 0.047 -1.053
-0.401 0.694 -1.072
-0.233 0.007 -1.073
-0.148 0.058 -1.115
-0.071 0.609 -1.085
-0.133 0.687 -1.051
-0.435 0.163 -1.161
-0.437 0.050 -1.029
-0.296 0.700 -1.044
-0.156 0.119 -1.095
-0.135 0.313 -1.103
-0.385 0.585 -1.110
-0.299 0.017 -1.053
-0.123 0.414 -1.099
-0.103 0.454 -1.068
-0.188 0.667 -1.042
-0.145 0.245 -1.066
-0.192 0.204 -1.048
-0.135 0.185 -1.101
-0.357 0.041 -1.051
-0.426 0.475 -1.072
-0.123 0.358 -1.079
-0.447 0.097 -1.127
-0.427 0.398 -1.061
-0.167 0.602 -1.041
-0.196 0.142 -1.058
-0.214 0.087 -1.061
-0.172 0.011 -1.106
-0.201 0.042 -1.079
-0.082 0.564 -1.069
-0.441 0.351 -1.095
-0.409 0.613 -1.098
-0.417 0.576 -1.078
-0.444 0.252 -1.117
-0.425 0.535 -1.113
-0.408 0.531 -1.060
-0.206 0.255 -1.041
-0.130 0.631 -1.047
-0.357 0.708 -1.059
-0.343 0.631 -1.062
-0.321 0.659 -1.056
-0.295 0.087 -1.046
-0.072 0.652 -1.064
-0.439 0.296 -1.129
-0.443 0.302 -1.079
-0.437 0.262 -1.054
-0.402 0.300 -1.046
-0.147 0.289 -1.054
-0.190 0.326 -1.041
-0.253 0.680 -1.040
-0.092 0.503 -1.074
-0.199 0.496 -1.042
-0.143 0.458 -1.045
-0.138 0.536 -1.045
-0.458 0.124 -1.062
-0.365 0.180 -1.058
-0.424 0.169 -1.036
-0.417 0.106 -1.034
-0.361 0.115 -1.056
-0.289 0.153 -1.043
-0.445 0.189 -1.127
-0.434 0.429 -1.108
-0.420 0.342 -1.050
-0.360 0.322 -1.063
-0.392 0.398 -1.051
-0.338 0.479 -1.066
-0.346 0.426 -1.064
-0.392 0.468 -1.052
-0.391 0.600 -1.056
-0.253 0.195 -1.043
-0.453 0.194 -1.073
-0.116 0.411 -1.058
-0.141 0.360 -1.047
-0.415 0.223 -1.040
-0.359 0.247 -1.061
-0.276 0.511 -1.059
-0.274 0.456 -1.059
-0.347 0.538 -1.068
-0.310 0.220 -1.046
-0.245 0.630 -1.042
-0.327 0.573 -1.063
-0.234 0.335 -1.044
-0.326 0.357 -1.056
-0.286 0.384 -1.058
-0.236 0.401 -1.047
-0.299 0.295 -1.051
-0.221 0.574 -1.043
-0.282 0.585 -1.059
-0.189 0.417 -1.043
-0.257 0.277 -1.046
-0.392 0.711 -1.079
-0.404 0.643 -1.068
