-0.408 0.048 -1.263
-0.409 0.087 -1.255
-0.397 0.126 -1.254
-0.398 0.161 -1.250
-0.390 0.184 -1.248
-0.390 0.249 -1.241
-0.367 0.265 -1.232
-0.377 0.424 -1.220
-0.365 0.525 -1.206
-0.244 0.515 -1.248
-0.251 0.381 -1.238
-0.312 0.033 -1.251
-0.273 0.251 -1.246
-0.234 0.665 -1.263
-0.360 0.673 -1.165
-0.338 0.680 -1.181
-0.291 0.089 -1.257
-0.249 0.443 -1.237
-0.271 0.508 -1.219
-0.349 0.565 -1.202
-0.392 0.081 -1.258
-0.310 0.676 -1.183
-0.280 0.174 -1.258
-0.309 0.206 -1.247
-0.264 0.309 -1.239
-0.327 0.406 -1.212
-0.247 0.595 -1.263
-0.269 0.592 -1.227
-0.243 0.685 -1.219
-0.346 0.622 -1.193
-0.344 0.086 -1.243
-0.308 0.136 -1.251
-0.346 0.208 -1.233
-0.353 0.152 -1.237
-0.324 0.279 -1.230
-0.286 0.356 -1.227
-0.283 0.422 -1.222
-0.306 0.558 -1.200
-0.341 0.320 -1.221
-0.324 0.485 -1.204
-0.283 0.644 -1.199
-0.068 0.644 -1.113
-0.083 0.611 -1.120
-0.092 0.577 -1.118
-0.105 0.530 -1.119
-0.118 0.456 -1.111
-0.127 0.365 -1.132
-0.123 0.222 -1.122
-0.126 0.141 -1.136
-0.102 0.001 -1.175
-0.059 0.004 -1.219
-0.074 0.028 -1.197
-0.062 0.054 -1.217
-0.064 0.110 -1.220
-0.070 0.219 -1.217
-0.073 0.276 -1.219
-0.079 0.355 -1.208
-0.085 0.459 -1.210
-0.108 0.568 -1.171
-0.121 0.427 -1.146
-0.110 0.595 -1.159
-0.102 0.411 -1.185
-0.133 0.016 -1.151
-0.092 0.065 -1.186
-0.129 0.106 -1.140
-0.107 0.237 -1.183
-0.099 0.274 -1.191
-0.109 0.379 -1.177
-0.107 0.328 -1.179
-0.109 0.475 -1.174
-0.120 0.479 -1.130
-0.116 0.527 -1.146
-0.123 0.071 -1.164
-0.113 0.181 -1.174
-0.078 0.182 -1.202
-0.103 0.117 -1.183
-0.115 0.262 -1.142
-0.343 0.672 -1.102
-0.366 0.641 -1.100
-0.369 0.619 -1.108
-0.400 0.526 -1.129
-0.424 0.471 -1.151
-0.431 0.389 -1.154
-0.434 0.343 -1.153
-0.450 0.146 -1.133
-0.448 0.123 -1.147
-0.406 0.107 -1.253
-0.397 0.208 -1.246
-0.383 0.229 -1.242
-0.389 0.281 -1.237
-0.382 0.310 -1.234
-0.380 0.332 -1.231
-0.382 0.353 -1.230
-0.383 0.371 -1.227
-0.377 0.391 -1.223
-0.359 0.451 -1.214
-0.361 0.482 -1.212
-0.379 0.494 -1.207
-0.368 0.567 -1.195
-0.372 0.599 -1.178
-0.350 0.674 -1.130
-0.391 0.471 -1.194
-0.347 0.659 -1.117
-0.445 0.046 -1.166
-0.439 0.097 -1.181
-0.422 0.180 -1.216
-0.395 0.504 -1.152
-0.388 0.553 -1.160
-0.435 0.049 -1.201
-0.422 0.276 -1.201
-0.438 0.226 -1.167
-0.415 0.320 -1.205
-0.378 0.570 -1.130
-0.425 0.427 -1.163
-0.418 0.369 -1.189
-0.424 0.094 -1.228
-0.417 0.228 -1.217
-0.397 0.416 -1.208
-0.430 0.139 -1.204
-0.361 0.622 -1.135
-0.070 0.036 -1.241
-0.062 0.083 -1.221
-0.064 0.132 -1.219
-0.067 0.159 -1.220
-0.068 0.186 -1.220
-0.071 0.246 -1.217
-0.076 0.323 -1.213
-0.080 0.380 -1.216
-0.082 0.417 -1.212
-0.087 0.444 -1.202
-0.090 0.481 -1.199
-0.090 0.509 -1.199
-0.090 0.537 -1.200
-0.105 0.631 -1.164
-0.087 0.637 -1.139
-0.372 0.622 -1.167
-0.172 0.808 -1.168
-0.087 0.796 -1.174
-0.119 0.751 -1.204
-0.178 0.823 -1.149
-0.157 0.847 -1.116
-0.125 0.824 -1.132
-0.086 0.806 -1.138
-0.106 0.806 -1.168
-0.100 0.777 -1.189
-0.147 0.815 -1.155
-0.162 -0.008 -1.262
-0.178 0.018 -1.265
-0.218 0.530 -1.271
-0.221 0.784 -1.184
-0.092 0.002 -1.252
-0.185 0.115 -1.266
-0.094 0.677 -1.169
-0.147 -0.006 -1.259
-0.235 0.712 -1.246
-0.095 0.723 -1.205
-0.098 0.666 -1.212
-0.198 0.271 -1.266
-0.190 0.192 -1.268
-0.212 0.432 -1.269
-0.151 0.078 -1.257
-0.143 0.128 -1.253
-0.149 0.764 -1.204
-0.154 0.245 -1.252
-0.164 0.298 -1.253
-0.107 0.259 -1.243
-0.084 0.316 -1.230
-0.110 0.432 -1.235
-0.093 0.572 -1.197
-0.188 0.609 -1.253
-0.217 0.646 -1.270
-0.175 0.714 -1.237
-0.204 0.752 -1.213
-0.175 0.783 -1.184
-0.125 0.325 -1.243
-0.098 0.206 -1.244
-0.104 0.380 -1.236
-0.137 0.482 -1.239
-0.133 0.038 -1.255
-0.147 0.181 -1.253
-0.163 0.385 -1.249
-0.173 0.560 -1.246
-0.100 0.498 -1.226
-0.200 0.340 -1.264
-0.090 0.101 -1.247
-0.121 0.536 -1.233
-0.187 0.491 -1.254
-0.094 0.616 -1.199
-0.170 0.437 -1.249
-0.122 0.700 -1.221
-0.155 0.646 -1.237
-0.095 0.159 -1.245
-0.112 0.596 -1.227
-0.336 0.728 -1.200
-0.383 0.769 -1.138
-0.353 0.738 -1.187
-0.326 0.722 -1.208
-0.351 0.726 -1.160
-0.321 0.783 -1.159
-0.335 0.859 -1.097
-0.367 0.795 -1.089
-0.341 0.822 -1.129
-0.315 0.741 -1.165
-0.288 0.751 -1.138
-0.314 0.734 -1.179
-0.293 0.706 -1.174
-0.269 0.755 -1.035
-0.248 0.722 -1.038
-0.155 0.727 -1.046
-0.112 0.724 -1.057
-0.369 0.769 -1.057
-0.288 0.847 -1.131
-0.345 0.755 -1.054
-0.358 0.842 -1.063
-0.317 0.846 -1.112
-0.321 0.786 -1.044
-0.113 0.816 -1.122
-0.307 0.834 -1.059
-0.186 0.734 -1.041
-0.095 0.790 -1.082
-0.246 0.877 -1.074
-0.139 0.774 -1.050
-0.156 0.812 -1.059
-0.222 0.745 -1.038
-0.280 0.803 -1.039
-0.247 0.833 -1.056
-0.208 0.790 -1.045
-0.187 0.867 -1.073
-0.140 0.839 -1.110
-0.277 0.838 -1.085
-0.464 0.048 -1.067
-0.453 0.069 -1.133
-0.311 0.730 -1.047
-0.267 0.047 -1.064
-0.401 0.694 -1.072
-0.231 0.007 -1.084
-0.145 0.058 -1.124
-0.071 0.610 -1.087
-0.133 0.687 -1.052
-0.440 0.165 -1.169
-0.436 0.049 -1.039
-0.296 0.700 -1.045
-0.154 0.119 -1.103
-0.133 0.313 -1.109
-0.385 0.585 -1.111
-0.298 0.017 -1.065
-0.122 0.414 -1.104
-0.103 0.455 -1.072
-0.188 0.667 -1.043
-0.144 0.245 -1.072
-0.192 0.204 -1.056
-0.133 0.185 -1.108
-0.356 0.040 -1.064
-0.426 0.475 -1.074
-0.122 0.359 -1.084
-0.451 0.098 -1.136
-0.427 0.397 -1.064
-0.167 0.601 -1.043
-0.195 0.142 -1.067
-0.213 0.087 -1.071
-0.169 0.012 -1.115
-0.199 0.042 -1.089
-0.082 0.564 -1.071
-0.442 0.352 -1.099
-0.410 0.614 -1.099
-0.417 0.576 -1.079
-0.446 0.253 -1.123
-0.426 0.536 -1.115
-0.408 0.531 -1.061
-0.206 0.255 -1.049
-0.130 0.631 -1.049
-0.356 0.708 -1.059
-0.343 0.631 -1.063
-0.321 0.659 -1.057
-0.294 0.087 -1.057
-0.072 0.652 -1.066
-0.441 0.297 -1.134
-0.443 0.302 -1.084
-0.437 0.262 -1.060
-0.401 0.300 -1.052
-0.146 0.289 -1.060
-0.189 0.326 -1.048
-0.253 0.680 -1.041
-0.092 0.504 -1.077
-0.198 0.495 -1.046
-0.143 0.458 -1.049
-0.138 0.536 -1.048
-0.458 0.124 -1.070
-0.364 0.180 -1.067
-0.423 0.168 -1.044
-0.416 0.105 -1.043
-0.360 0.115 -1.066
-0.288 0.153 -1.053
-0.448 0.190 -1.134
-0.435 0.430 -1.111
-0.420 0.341 -1.055
-0.359 0.322 -1.070
-0.391 0.398 -1.056
-0.338 0.479 -1.070
-0.345 0.426 -1.069
-0.392 0.468 -1.056
-0.391 0.600 -1.057
-0.252 0.195 -1.052
-0.453 0.194 -1.079
-0.115 0.411 -1.062
-0.140 0.360 -1.052
-0.414 0.223 -1.047
-0.359 0.247 -1.069
-0.276 0.511 -1.062
-0.274 0.456 -1.063
-0.347 0.538 -1.071
-0.309 0.220 -1.055
-0.245 0.629 -1.044
-0.327 0.573 -1.065
-0.233 0.335 -1.050
-0.326 0.357 -1.062
-0.285 0.384 -1.064
-0.236 0.401 -1.053
-0.298 0.295 -1.059
-0.221 0.574 -1.045
-0.282 0.585 -1.061
-0.189 0.417 -1.048
-0.256 0.277 -1.053
-0.392 0.711 -1.079
-0.404 0.643 -1.068
