-0.421 0.051 -1.275
-0.420 0.090 -1.266
-0.408 0.130 -1.265
-0.408 0.165 -1.260
-0.400 0.187 -1.257
-0.399 0.251 -1.249
-0.374 0.268 -1.241
-0.381 0.427 -1.224
-0.368 0.526 -1.209
-0.247 0.516 -1.251
-0.257 0.381 -1.246
-0.324 0.035 -1.269
-0.281 0.252 -1.258
-0.234 0.665 -1.263
-0.360 0.674 -1.166
-0.339 0.681 -1.182
-0.303 0.091 -1.274
-0.253 0.443 -1.243
-0.274 0.508 -1.222
-0.351 0.566 -1.204
-0.404 0.084 -1.270
-0.311 0.677 -1.184
-0.290 0.176 -1.273
-0.318 0.208 -1.260
-0.272 0.310 -1.250
-0.332 0.407 -1.217
-0.249 0.595 -1.265
-0.271 0.592 -1.228
-0.243 0.685 -1.219
-0.348 0.623 -1.194
-0.355 0.088 -1.258
-0.319 0.138 -1.266
-0.355 0.210 -1.244
-0.363 0.154 -1.250
-0.331 0.281 -1.240
-0.292 0.357 -1.235
-0.287 0.423 -1.228
-0.308 0.558 -1.202
-0.348 0.322 -1.229
-0.327 0.486 -1.208
-0.284 0.644 -1.200
-0.068 0.644 -1.115
-0.082 0.612 -1.122
-0.092 0.577 -1.120
-0.104 0.530 -1.122
-0.117 0.457 -1.114
-0.125 0.366 -1.137
-0.121 0.223 -1.128
-0.123 0.142 -1.142
-0.098 0.002 -1.182
-0.053 0.006 -1.224
-0.069 0.030 -1.202
-0.056 0.056 -1.222
-0.059 0.112 -1.225
-0.065 0.220 -1.222
-0.069 0.277 -1.223
-0.075 0.356 -1.212
-0.082 0.461 -1.213
-0.107 0.569 -1.174
-0.120 0.428 -1.150
-0.109 0.596 -1.161
-0.099 0.412 -1.189
-0.130 0.017 -1.159
-0.087 0.066 -1.192
-0.126 0.107 -1.148
-0.103 0.238 -1.189
-0.095 0.275 -1.196
-0.107 0.380 -1.182
-0.104 0.329 -1.184
-0.107 0.476 -1.178
-0.119 0.480 -1.134
-0.115 0.528 -1.150
-0.119 0.072 -1.171
-0.110 0.182 -1.180
-0.074 0.184 -1.207
-0.098 0.118 -1.190
-0.113 0.263 -1.147
-0.343 0.672 -1.103
-0.367 0.641 -1.101
-0.370 0.619 -1.109
-0.402 0.526 -1.131
-0.426 0.473 -1.153
-0.434 0.391 -1.157
-0.437 0.344 -1.157
-0.453 0.147 -1.141
-0.452 0.124 -1.155
-0.417 0.111 -1.264
-0.406 0.211 -1.255
-0.392 0.232 -1.251
-0.397 0.284 -1.244
-0.389 0.313 -1.241
-0.387 0.334 -1.237
-0.388 0.355 -1.235
-0.389 0.373 -1.232
-0.383 0.393 -1.228
-0.364 0.453 -1.218
-0.365 0.483 -1.215
-0.383 0.496 -1.210
-0.370 0.568 -1.197
-0.373 0.600 -1.179
-0.351 0.674 -1.130
-0.395 0.473 -1.197
-0.348 0.659 -1.118
-0.452 0.047 -1.176
-0.446 0.100 -1.190
-0.430 0.183 -1.224
-0.397 0.505 -1.154
-0.390 0.554 -1.161
-0.444 0.052 -1.212
-0.428 0.278 -1.207
-0.443 0.227 -1.173
-0.420 0.322 -1.211
-0.379 0.571 -1.131
-0.428 0.429 -1.166
-0.423 0.371 -1.193
-0.434 0.098 -1.238
-0.425 0.231 -1.225
-0.402 0.418 -1.212
-0.438 0.142 -1.213
-0.362 0.622 -1.136
-0.063 0.038 -1.247
-0.056 0.085 -1.226
-0.059 0.134 -1.223
-0.061 0.161 -1.225
-0.063 0.187 -1.224
-0.067 0.248 -1.222
-0.072 0.325 -1.217
-0.077 0.382 -1.220
-0.079 0.419 -1.216
-0.085 0.446 -1.205
-0.088 0.483 -1.202
-0.088 0.511 -1.202
-0.089 0.538 -1.203
-0.105 0.632 -1.166
-0.086 0.638 -1.141
-0.373 0.623 -1.168
-0.172 0.808 -1.168
-0.088 0.797 -1.174
-0.119 0.752 -1.205
-0.178 0.823 -1.149
-0.157 0.847 -1.116
-0.125 0.824 -1.132
-0.086 0.806 -1.138
-0.106 0.806 -1.168
-0.100 0.777 -1.190
-0.148 0.815 -1.155
-0.153 -0.007 -1.272
-0.169 0.019 -1.275
-0.215 0.531 -1.274
-0.221 0.784 -1.184
-0.084 0.004 -1.258
-0.178 0.116 -1.276
-0.093 0.678 -1.171
-0.139 -0.005 -1.268
-0.235 0.712 -1.246
-0.094 0.724 -1.207
-0.097 0.667 -1.214
-0.192 0.271 -1.274
-0.183 0.194 -1.276
-0.208 0.433 -1.274
-0.143 0.079 -1.265
-0.136 0.130 -1.260
-0.150 0.765 -1.205
-0.148 0.246 -1.259
-0.158 0.299 -1.259
-0.102 0.261 -1.248
-0.080 0.318 -1.234
-0.106 0.434 -1.239
-0.092 0.574 -1.200
-0.186 0.610 -1.256
-0.217 0.647 -1.271
-0.175 0.715 -1.238
-0.204 0.752 -1.213
-0.175 0.784 -1.185
-0.121 0.327 -1.249
-0.093 0.208 -1.249
-0.100 0.382 -1.240
-0.134 0.483 -1.243
-0.125 0.040 -1.263
-0.141 0.182 -1.260
-0.159 0.386 -1.254
-0.171 0.561 -1.249
-0.098 0.500 -1.229
-0.195 0.341 -1.271
-0.083 0.102 -1.252
-0.119 0.537 -1.236
-0.184 0.492 -1.258
-0.093 0.617 -1.201
-0.167 0.438 -1.253
-0.122 0.701 -1.223
-0.154 0.646 -1.238
-0.089 0.161 -1.251
-0.110 0.597 -1.229
-0.336 0.728 -1.200
-0.383 0.769 -1.138
-0.353 0.738 -1.187
-0.326 0.722 -1.208
-0.351 0.727 -1.161
-0.321 0.784 -1.159
-0.335 0.859 -1.097
-0.367 0.795 -1.089
-0.340 0.822 -1.129
-0.315 0.742 -1.165
-0.288 0.751 -1.138
-0.314 0.734 -1.179
-0.293 0.706 -1.174
-0.269 0.755 -1.035
-0.248 0.722 -1.038
-0.155 0.726 -1.046
-0.112 0.724 -1.057
-0.369 0.769 -1.057
-0.288 0.847 -1.131
-0.345 0.755 -1.054
-0.358 0.842 -1.063
-0.317 0.846 -1.112
-0.321 0.786 -1.045
-0.113 0.816 -1.122
-0.307 0.834 -1.059
-0.186 0.734 -1.042
-0.095 0.790 -1.082
-0.246 0.877 -1.074
-0.139 0.773 -1.050
-0.156 0.812 -1.059
-0.222 0.745 -1.038
-0.280 0.803 -1.039
-0.247 0.833 -1.056
-0.208 0.790 -1.045
-0.187 0.867 -1.073
-0.140 0.839 -1.110
-0.277 0.838 -1.085
-0.464 0.048 -1.076
-0.457 0.071 -1.142
-0.311 0.730 -1.047
-0.267 0.047 -1.076
-0.401 0.694 -1.072
-0.230 0.007 -1.095
-0.143 0.059 -1.132
-0.071 0.610 -1.089
-0.133 0.686 -1.052
-0.445 0.167 -1.176
-0.434 0.049 -1.049
-0.296 0.700 -1.046
-0.152 0.120 -1.111
-0.131 0.314 -1.114
-0.386 0.585 -1.113
-0.297 0.017 -1.077
-0.121 0.414 -1.108
-0.102 0.455 -1.075
-0.188 0.667 -1.044
-0.143 0.246 -1.078
-0.191 0.204 -1.064
-0.131 0.186 -1.115
-0.356 0.040 -1.076
-0.426 0.475 -1.076
-0.121 0.359 -1.089
-0.455 0.099 -1.144
-0.427 0.397 -1.068
-0.166 0.601 -1.046
-0.194 0.142 -1.075
-0.212 0.087 -1.081
-0.168 0.012 -1.125
-0.198 0.042 -1.099
-0.082 0.565 -1.074
-0.443 0.352 -1.103
-0.410 0.614 -1.099
-0.418 0.576 -1.080
-0.449 0.254 -1.128
-0.427 0.537 -1.116
-0.407 0.531 -1.063
-0.206 0.254 -1.057
-0.130 0.631 -1.050
-0.356 0.708 -1.060
-0.343 0.631 -1.064
-0.321 0.659 -1.058
-0.293 0.087 -1.068
-0.072 0.652 -1.067
-0.444 0.298 -1.139
-0.444 0.302 -1.089
-0.436 0.262 -1.066
-0.401 0.299 -1.058
-0.146 0.289 -1.066
-0.189 0.326 -1.054
-0.253 0.680 -1.042
-0.092 0.504 -1.080
-0.198 0.495 -1.050
-0.142 0.458 -1.053
-0.138 0.536 -1.051
-0.458 0.124 -1.077
-0.364 0.180 -1.076
-0.422 0.168 -1.052
-0.415 0.104 -1.053
-0.360 0.115 -1.077
-0.287 0.152 -1.063
-0.451 0.191 -1.141
-0.437 0.430 -1.113
-0.419 0.341 -1.060
-0.359 0.322 -1.076
-0.391 0.397 -1.060
-0.338 0.479 -1.074
-0.345 0.426 -1.074
-0.392 0.468 -1.059
-0.391 0.600 -1.058
-0.252 0.195 -1.061
-0.453 0.194 -1.086
-0.115 0.411 -1.067
-0.140 0.360 -1.058
-0.413 0.222 -1.054
-0.358 0.247 -1.077
-0.276 0.511 -1.065
-0.273 0.456 -1.068
-0.347 0.538 -1.073
-0.309 0.220 -1.063
-0.244 0.629 -1.046
-0.327 0.573 -1.067
-0.233 0.335 -1.057
-0.326 0.357 -1.069
-0.285 0.384 -1.069
-0.236 0.401 -1.058
-0.298 0.295 -1.066
-0.220 0.573 -1.048
-0.282 0.585 -1.063
-0.189 0.417 -1.053
-0.256 0.277 -1.061
-0.392 0.711 -1.079
-0.405 0.643 -1.068
