-0.433 0.055 -1.286
-0.432 0.094 -1.276
-0.419 0.133 -1.275
-0.418 0.168 -1.269
-0.409 0.190 -1.267
-0.407 0.255 -1.257
-0.383 0.270 -1.249
-0.386 0.429 -1.228
-0.371 0.528 -1.211
-0.250 0.516 -1.254
-0.263 0.382 -1.254
-0.337 0.038 -1.286
-0.290 0.254 -1.271
-0.234 0.665 -1.263
-0.361 0.675 -1.166
-0.339 0.681 -1.182
-0.315 0.094 -1.291
-0.258 0.443 -1.248
-0.277 0.508 -1.226
-0.353 0.567 -1.206
-0.416 0.088 -1.281
-0.312 0.677 -1.185
-0.301 0.178 -1.288
-0.328 0.210 -1.272
-0.279 0.312 -1.260
-0.337 0.409 -1.223
-0.251 0.596 -1.266
-0.272 0.593 -1.229
-0.243 0.685 -1.218
-0.349 0.624 -1.195
-0.366 0.091 -1.272
-0.330 0.140 -1.280
-0.364 0.213 -1.255
-0.373 0.157 -1.262
-0.339 0.283 -1.250
-0.298 0.358 -1.244
-0.292 0.424 -1.234
-0.311 0.559 -1.204
-0.355 0.324 -1.237
-0.331 0.487 -1.212
-0.285 0.644 -1.201
-0.068 0.645 -1.117
-0.082 0.612 -1.125
-0.091 0.578 -1.123
-0.103 0.531 -1.125
-0.116 0.457 -1.118
-0.124 0.366 -1.142
-0.120 0.223 -1.134
-0.121 0.143 -1.149
-0.094 0.004 -1.189
-0.048 0.007 -1.230
-0.065 0.031 -1.208
-0.051 0.057 -1.227
-0.054 0.114 -1.230
-0.061 0.222 -1.226
-0.065 0.279 -1.227
-0.072 0.358 -1.216
-0.080 0.462 -1.217
-0.106 0.570 -1.177
-0.118 0.429 -1.154
-0.108 0.596 -1.164
-0.097 0.414 -1.192
-0.128 0.018 -1.168
-0.084 0.067 -1.199
-0.124 0.107 -1.155
-0.100 0.240 -1.194
-0.092 0.277 -1.201
-0.104 0.381 -1.186
-0.101 0.330 -1.189
-0.105 0.477 -1.182
-0.118 0.480 -1.137
-0.114 0.528 -1.153
-0.116 0.073 -1.179
-0.107 0.183 -1.186
-0.070 0.185 -1.212
-0.095 0.120 -1.196
-0.111 0.263 -1.153
-0.343 0.672 -1.103
-0.367 0.641 -1.102
-0.371 0.619 -1.110
-0.403 0.527 -1.133
-0.429 0.474 -1.155
-0.437 0.392 -1.161
-0.441 0.346 -1.162
-0.457 0.149 -1.148
-0.457 0.126 -1.163
-0.429 0.114 -1.274
-0.416 0.215 -1.264
-0.401 0.235 -1.260
-0.405 0.287 -1.251
-0.397 0.315 -1.247
-0.394 0.337 -1.244
-0.395 0.358 -1.241
-0.395 0.376 -1.238
-0.388 0.395 -1.233
-0.368 0.455 -1.222
-0.368 0.485 -1.218
-0.386 0.498 -1.213
-0.372 0.569 -1.199
-0.375 0.601 -1.180
-0.351 0.674 -1.131
-0.398 0.475 -1.200
-0.348 0.659 -1.119
-0.458 0.050 -1.186
-0.453 0.102 -1.199
-0.438 0.186 -1.232
-0.399 0.506 -1.157
-0.392 0.555 -1.163
-0.452 0.054 -1.222
-0.434 0.281 -1.213
-0.448 0.229 -1.179
-0.426 0.324 -1.216
-0.380 0.571 -1.133
-0.431 0.431 -1.168
-0.427 0.373 -1.197
-0.444 0.101 -1.247
-0.432 0.234 -1.232
-0.406 0.420 -1.216
-0.446 0.145 -1.221
-0.363 0.623 -1.137
-0.057 0.040 -1.252
-0.052 0.086 -1.231
-0.054 0.136 -1.228
-0.057 0.162 -1.229
-0.059 0.189 -1.229
-0.063 0.250 -1.226
-0.068 0.326 -1.221
-0.074 0.384 -1.224
-0.077 0.421 -1.219
-0.082 0.447 -1.208
-0.086 0.484 -1.205
-0.087 0.512 -1.205
-0.087 0.539 -1.206
-0.104 0.633 -1.168
-0.086 0.638 -1.143
-0.374 0.624 -1.169
-0.173 0.808 -1.168
-0.088 0.797 -1.174
-0.119 0.752 -1.206
-0.178 0.823 -1.148
-0.157 0.847 -1.116
-0.125 0.824 -1.132
-0.086 0.806 -1.138
-0.106 0.806 -1.168
-0.100 0.778 -1.190
-0.148 0.815 -1.155
-0.147 -0.006 -1.281
-0.163 0.020 -1.284
-0.213 0.532 -1.278
-0.221 0.783 -1.184
-0.078 0.005 -1.265
-0.171 0.117 -1.284
-0.093 0.678 -1.172
-0.132 -0.003 -1.276
-0.235 0.712 -1.246
-0.094 0.725 -1.208
-0.096 0.669 -1.216
-0.187 0.273 -1.281
-0.178 0.195 -1.284
-0.205 0.434 -1.279
-0.137 0.081 -1.273
-0.130 0.131 -1.268
-0.150 0.765 -1.205
-0.143 0.247 -1.265
-0.154 0.300 -1.266
-0.097 0.262 -1.253
-0.076 0.319 -1.238
-0.104 0.435 -1.243
-0.090 0.575 -1.202
-0.185 0.610 -1.258
-0.216 0.647 -1.273
-0.175 0.715 -1.239
-0.204 0.752 -1.213
-0.175 0.784 -1.185
-0.117 0.328 -1.254
-0.088 0.209 -1.255
-0.097 0.383 -1.244
-0.132 0.485 -1.246
-0.119 0.041 -1.270
-0.136 0.183 -1.267
-0.155 0.387 -1.259
-0.169 0.562 -1.252
-0.096 0.501 -1.232
-0.191 0.342 -1.277
-0.078 0.104 -1.258
-0.117 0.539 -1.239
-0.182 0.493 -1.262
-0.092 0.618 -1.203
-0.164 0.439 -1.258
-0.122 0.702 -1.224
-0.153 0.647 -1.241
-0.084 0.162 -1.257
-0.109 0.598 -1.232
-0.336 0.728 -1.201
-0.383 0.769 -1.138
-0.353 0.739 -1.187
-0.326 0.723 -1.208
-0.351 0.728 -1.161
-0.321 0.784 -1.159
-0.335 0.859 -1.097
-0.367 0.795 -1.089
-0.340 0.822 -1.129
-0.315 0.742 -1.165
-0.288 0.751 -1.138
-0.314 0.734 -1.179
-0.293 0.706 -1.174
-0.268 0.755 -1.036
-0.248 0.722 -1.039
-0.155 0.726 -1.046
-0.112 0.724 -1.056
-0.369 0.769 -1.057
-0.288 0.847 -1.131
-0.345 0.755 -1.054
-0.358 0.842 -1.063
-0.317 0.846 -1.112
-0.321 0.786 -1.045
-0.113 0.816 -1.122
-0.307 0.834 -1.059
-0.186 0.734 -1.042
-0.095 0.790 -1.082
-0.246 0.877 -1.074
-0.139 0.773 -1.050
-0.156 0.812 -1.059
-0.222 0.745 -1.039
-0.280 0.802 -1.040
-0.247 0.833 -1.056
-0.208 0.790 -1.045
-0.187 0.867 -1.073
-0.140 0.839 -1.110
-0.277 0.838 -1.085
-0.465 0.048 -1.084
-0.461 0.072 -1.151
-0.311 0.730 -1.048
-0.266 0.047 -1.087
-0.401 0.694 -1.072
-0.230 0.008 -1.107
-0.141 0.060 -1.141
-0.071 0.610 -1.091
-0.133 0.686 -1.053
-0.451 0.169 -1.184
-0.434 0.048 -1.059
-0.296 0.699 -1.046
-0.151 0.120 -1.119
-0.130 0.314 -1.119
-0.387 0.586 -1.114
-0.297 0.017 -1.090
-0.120 0.415 -1.113
-0.102 0.455 -1.079
-0.188 0.667 -1.045
-0.143 0.246 -1.085
-0.191 0.204 -1.072
-0.130 0.186 -1.121
-0.355 0.040 -1.088
-0.426 0.475 -1.078
-0.121 0.359 -1.094
-0.459 0.101 -1.152
-0.427 0.397 -1.072
-0.166 0.601 -1.048
-0.194 0.142 -1.084
-0.212 0.087 -1.091
-0.166 0.013 -1.135
-0.198 0.043 -1.109
-0.082 0.565 -1.076
-0.445 0.353 -1.107
-0.411 0.614 -1.100
-0.418 0.576 -1.081
-0.452 0.255 -1.134
-0.428 0.537 -1.117
-0.407 0.531 -1.065
-0.205 0.254 -1.064
-0.130 0.631 -1.052
-0.356 0.708 -1.060
-0.343 0.631 -1.065
-0.321 0.659 -1.059
-0.293 0.087 -1.079
-0.072 0.653 -1.069
-0.447 0.299 -1.144
-0.444 0.302 -1.094
-0.436 0.262 -1.071
-0.401 0.299 -1.064
-0.146 0.289 -1.072
-0.189 0.325 -1.060
-0.253 0.680 -1.043
-0.091 0.504 -1.083
-0.198 0.495 -1.054
-0.142 0.458 -1.057
-0.138 0.536 -1.054
-0.458 0.124 -1.085
-0.364 0.180 -1.086
-0.421 0.167 -1.060
-0.414 0.104 -1.063
-0.360 0.115 -1.088
-0.287 0.152 -1.073
-0.455 0.193 -1.147
-0.438 0.431 -1.116
-0.419 0.340 -1.065
-0.359 0.322 -1.082
-0.391 0.397 -1.064
-0.338 0.479 -1.077
-0.345 0.426 -1.078
-0.391 0.468 -1.062
-0.391 0.600 -1.059
-0.252 0.195 -1.070
-0.454 0.194 -1.092
-0.115 0.411 -1.071
-0.140 0.360 -1.063
-0.413 0.222 -1.062
-0.358 0.248 -1.085
-0.276 0.511 -1.069
-0.273 0.456 -1.072
-0.347 0.538 -1.075
-0.309 0.220 -1.072
-0.244 0.629 -1.047
-0.327 0.573 -1.069
-0.233 0.335 -1.063
-0.326 0.357 -1.074
-0.285 0.384 -1.075
-0.236 0.401 -1.064
-0.298 0.295 -1.073
-0.220 0.573 -1.050
-0.282 0.585 -1.065
-0.189 0.417 -1.058
-0.256 0.277 -1.069
-0.392 0.712 -1.079
-0.405 0.643 -1.069
