-0.445 0.060 -1.296
-0.443 0.098 -1.286
-0.430 0.137 -1.284
-0.428 0.172 -1.278
-0.419 0.194 -1.275
-0.416 0.258 -1.264
-0.390 0.273 -1.257
-0.391 0.431 -1.232
-0.374 0.530 -1.214
-0.253 0.517 -1.258
-0.269 0.384 -1.262
-0.349 0.041 -1.301
-0.300 0.257 -1.283
-0.234 0.665 -1.263
-0.362 0.676 -1.167
-0.340 0.682 -1.183
-0.327 0.098 -1.306
-0.263 0.444 -1.254
-0.280 0.509 -1.230
-0.356 0.568 -1.208
-0.428 0.092 -1.292
-0.312 0.678 -1.185
-0.312 0.181 -1.301
-0.338 0.213 -1.284
-0.287 0.313 -1.270
-0.342 0.410 -1.229
-0.252 0.597 -1.268
-0.274 0.593 -1.231
-0.243 0.684 -1.218
-0.350 0.625 -1.196
-0.377 0.095 -1.285
-0.341 0.144 -1.294
-0.373 0.216 -1.265
-0.383 0.160 -1.273
-0.347 0.285 -1.259
-0.305 0.359 -1.252
-0.297 0.425 -1.240
-0.313 0.559 -1.207
-0.362 0.326 -1.244
-0.334 0.488 -1.215
-0.286 0.644 -1.202
-0.068 0.645 -1.119
-0.082 0.613 -1.127
-0.091 0.578 -1.125
-0.103 0.531 -1.128
-0.115 0.458 -1.122
-0.123 0.367 -1.147
-0.119 0.224 -1.140
-0.120 0.143 -1.156
-0.092 0.005 -1.196
-0.044 0.009 -1.235
-0.062 0.033 -1.214
-0.048 0.059 -1.233
-0.051 0.115 -1.235
-0.058 0.223 -1.231
-0.062 0.281 -1.231
-0.070 0.359 -1.220
-0.078 0.463 -1.220
-0.105 0.571 -1.180
-0.117 0.429 -1.158
-0.108 0.597 -1.166
-0.095 0.415 -1.196
-0.126 0.019 -1.176
-0.081 0.068 -1.205
-0.122 0.108 -1.162
-0.098 0.241 -1.199
-0.090 0.278 -1.206
-0.103 0.382 -1.190
-0.099 0.331 -1.193
-0.104 0.478 -1.185
-0.117 0.481 -1.141
-0.113 0.529 -1.156
-0.114 0.074 -1.186
-0.104 0.184 -1.192
-0.067 0.186 -1.217
-0.092 0.121 -1.202
-0.109 0.264 -1.158
-0.344 0.672 -1.104
-0.368 0.642 -1.103
-0.371 0.620 -1.111
-0.405 0.528 -1.135
-0.431 0.475 -1.157
-0.440 0.394 -1.164
-0.444 0.348 -1.166
-0.461 0.150 -1.156
-0.461 0.128 -1.171
-0.439 0.118 -1.283
-0.425 0.219 -1.271
-0.410 0.238 -1.268
-0.413 0.290 -1.258
-0.404 0.319 -1.254
-0.400 0.340 -1.250
-0.401 0.361 -1.247
-0.401 0.379 -1.243
-0.394 0.398 -1.238
-0.372 0.456 -1.226
-0.372 0.487 -1.222
-0.389 0.500 -1.215
-0.374 0.571 -1.200
-0.376 0.603 -1.182
-0.352 0.675 -1.132
-0.402 0.477 -1.202
-0.349 0.660 -1.120
-0.464 0.052 -1.195
-0.460 0.105 -1.207
-0.446 0.190 -1.239
-0.401 0.507 -1.159
-0.394 0.556 -1.165
-0.461 0.058 -1.231
-0.440 0.283 -1.219
-0.453 0.232 -1.185
-0.432 0.327 -1.221
-0.381 0.572 -1.135
-0.434 0.432 -1.171
-0.432 0.375 -1.201
-0.453 0.104 -1.256
-0.440 0.237 -1.238
-0.411 0.423 -1.220
-0.453 0.148 -1.229
-0.363 0.623 -1.138
-0.053 0.041 -1.258
-0.048 0.088 -1.236
-0.051 0.137 -1.233
-0.053 0.164 -1.234
-0.055 0.190 -1.234
-0.060 0.251 -1.230
-0.066 0.328 -1.225
-0.071 0.385 -1.227
-0.075 0.422 -1.223
-0.080 0.448 -1.212
-0.084 0.485 -1.209
-0.085 0.513 -1.208
-0.086 0.541 -1.209
-0.103 0.634 -1.171
-0.086 0.639 -1.145
-0.375 0.625 -1.170
-0.173 0.808 -1.168
-0.088 0.798 -1.174
-0.119 0.753 -1.207
-0.178 0.823 -1.148
-0.157 0.847 -1.116
-0.125 0.824 -1.132
-0.086 0.806 -1.138
-0.106 0.806 -1.168
-0.100 0.779 -1.190
-0.148 0.815 -1.155
-0.141 -0.004 -1.289
-0.157 0.022 -1.293
-0.211 0.533 -1.281
-0.221 0.783 -1.184
-0.073 0.007 -1.271
-0.166 0.119 -1.292
-0.092 0.679 -1.174
-0.127 -0.002 -1.285
-0.235 0.712 -1.246
-0.094 0.726 -1.210
-0.096 0.670 -1.218
-0.182 0.274 -1.288
-0.173 0.196 -1.292
-0.203 0.435 -1.283
-0.132 0.082 -1.280
-0.126 0.133 -1.275
-0.150 0.766 -1.205
-0.140 0.249 -1.271
-0.150 0.301 -1.271
-0.094 0.264 -1.258
-0.073 0.321 -1.242
-0.101 0.437 -1.246
-0.089 0.576 -1.205
-0.184 0.611 -1.260
-0.216 0.648 -1.274
-0.175 0.716 -1.239
-0.204 0.752 -1.213
-0.175 0.784 -1.185
-0.114 0.330 -1.259
-0.084 0.211 -1.260
-0.094 0.385 -1.248
-0.130 0.486 -1.250
-0.114 0.043 -1.278
-0.132 0.185 -1.273
-0.152 0.388 -1.264
-0.168 0.563 -1.254
-0.094 0.502 -1.235
-0.187 0.343 -1.283
-0.074 0.106 -1.264
-0.115 0.540 -1.242
-0.180 0.494 -1.266
-0.091 0.619 -1.205
-0.161 0.440 -1.262
-0.121 0.703 -1.225
-0.153 0.648 -1.242
-0.080 0.164 -1.262
-0.108 0.599 -1.234
-0.336 0.728 -1.201
-0.383 0.769 -1.138
-0.353 0.739 -1.188
-0.326 0.723 -1.208
-0.351 0.728 -1.161
-0.321 0.784 -1.158
-0.335 0.859 -1.097
-0.367 0.795 -1.089
-0.340 0.822 -1.129
-0.315 0.742 -1.165
-0.288 0.751 -1.138
-0.314 0.734 -1.179
-0.294 0.706 -1.175
-0.268 0.755 -1.036
-0.248 0.722 -1.040
-0.155 0.726 -1.047
-0.112 0.724 -1.057
-0.369 0.769 -1.057
-0.288 0.847 -1.131
-0.345 0.755 -1.054
-0.358 0.842 -1.063
-0.317 0.846 -1.112
-0.321 0.786 -1.045
-0.113 0.816 -1.122
-0.307 0.834 -1.059
-0.186 0.734 -1.043
-0.095 0.790 -1.082
-0.246 0.877 -1.074
-0.139 0.773 -1.050
-0.156 0.812 -1.059
-0.222 0.745 -1.039
-0.280 0.802 -1.040
-0.247 0.833 -1.056
-0.208 0.790 -1.046
-0.187 0.867 -1.073
-0.140 0.839 -1.110
-0.277 0.838 -1.085
-0.465 0.048 -1.093
-0.465 0.074 -1.159
-0.310 0.730 -1.048
-0.267 0.048 -1.098
-0.401 0.694 -1.072
-0.230 0.008 -1.117
-0.141 0.061 -1.149
-0.071 0.611 -1.093
-0.133 0.686 -1.053
-0.457 0.171 -1.191
-0.433 0.048 -1.069
-0.296 0.699 -1.047
-0.150 0.121 -1.127
-0.129 0.314 -1.125
-0.388 0.586 -1.115
-0.297 0.017 -1.101
-0.119 0.415 -1.117
-0.102 0.455 -1.083
-0.188 0.667 -1.046
-0.143 0.246 -1.091
-0.191 0.204 -1.079
-0.129 0.187 -1.128
-0.356 0.041 -1.100
-0.427 0.475 -1.081
-0.121 0.359 -1.099
-0.464 0.102 -1.161
-0.427 0.397 -1.075
-0.166 0.601 -1.050
-0.194 0.142 -1.092
-0.212 0.087 -1.100
-0.166 0.014 -1.144
-0.197 0.043 -1.119
-0.082 0.565 -1.079
-0.446 0.354 -1.111
-0.411 0.615 -1.101
-0.418 0.577 -1.082
-0.454 0.256 -1.139
-0.429 0.538 -1.118
-0.408 0.531 -1.067
-0.206 0.254 -1.071
-0.130 0.631 -1.054
-0.356 0.707 -1.060
-0.343 0.631 -1.067
-0.321 0.659 -1.060
-0.293 0.087 -1.090
-0.072 0.653 -1.071
-0.450 0.301 -1.149
-0.445 0.303 -1.098
-0.437 0.262 -1.077
-0.401 0.299 -1.070
-0.146 0.289 -1.078
-0.190 0.325 -1.066
-0.253 0.680 -1.044
-0.091 0.504 -1.086
-0.198 0.495 -1.057
-0.143 0.458 -1.061
-0.138 0.535 -1.057
-0.459 0.124 -1.093
-0.364 0.181 -1.094
-0.421 0.167 -1.068
-0.414 0.104 -1.073
-0.360 0.116 -1.098
-0.288 0.153 -1.083
-0.458 0.194 -1.154
-0.440 0.432 -1.119
-0.419 0.340 -1.070
-0.360 0.323 -1.088
-0.391 0.397 -1.069
-0.338 0.479 -1.080
-0.346 0.427 -1.082
-0.392 0.468 -1.065
-0.391 0.600 -1.060
-0.252 0.195 -1.078
-0.455 0.195 -1.099
-0.115 0.411 -1.075
-0.140 0.360 -1.068
-0.413 0.222 -1.069
-0.359 0.248 -1.092
-0.276 0.511 -1.072
-0.274 0.456 -1.077
-0.348 0.538 -1.078
-0.309 0.220 -1.080
-0.244 0.629 -1.049
-0.327 0.573 -1.071
-0.233 0.335 -1.069
-0.326 0.357 -1.080
-0.285 0.384 -1.080
-0.236 0.401 -1.069
-0.298 0.295 -1.080
-0.220 0.573 -1.053
-0.282 0.585 -1.067
-0.189 0.417 -1.063
-0.256 0.277 -1.076
-0.392 0.712 -1.079
-0.405 0.643 -1.069
