-0.457 0.064 -1.305
-0.453 0.103 -1.294
-0.440 0.141 -1.293
-0.438 0.176 -1.286
-0.428 0.198 -1.283
-0.424 0.262 -1.271
-0.398 0.276 -1.265
-0.396 0.434 -1.236
-0.376 0.531 -1.216
-0.257 0.518 -1.261
-0.275 0.385 -1.269
-0.361 0.045 -1.315
-0.309 0.260 -1.295
-0.234 0.665 -1.263
-0.362 0.677 -1.168
-0.341 0.683 -1.184
-0.338 0.101 -1.320
-0.268 0.445 -1.259
-0.284 0.509 -1.233
-0.358 0.570 -1.210
-0.438 0.097 -1.301
-0.313 0.678 -1.186
-0.323 0.185 -1.314
-0.347 0.216 -1.295
-0.295 0.315 -1.280
-0.347 0.412 -1.234
-0.254 0.597 -1.269
-0.276 0.594 -1.233
-0.244 0.684 -1.218
-0.352 0.626 -1.197
-0.388 0.098 -1.296
-0.351 0.147 -1.306
-0.382 0.219 -1.274
-0.392 0.164 -1.283
-0.355 0.288 -1.268
-0.311 0.361 -1.259
-0.302 0.426 -1.245
-0.315 0.560 -1.209
-0.368 0.329 -1.252
-0.338 0.489 -1.219
-0.287 0.645 -1.202
-0.068 0.646 -1.120
-0.082 0.613 -1.129
-0.091 0.579 -1.128
-0.103 0.531 -1.131
-0.115 0.458 -1.126
-0.122 0.367 -1.151
-0.118 0.224 -1.145
-0.120 0.144 -1.163
-0.091 0.006 -1.203
-0.042 0.010 -1.241
-0.060 0.034 -1.220
-0.046 0.060 -1.238
-0.048 0.116 -1.240
-0.056 0.225 -1.235
-0.060 0.282 -1.236
-0.068 0.360 -1.223
-0.076 0.465 -1.223
-0.104 0.571 -1.182
-0.116 0.430 -1.162
-0.107 0.598 -1.169
-0.094 0.416 -1.200
-0.126 0.020 -1.184
-0.080 0.069 -1.211
-0.122 0.109 -1.169
-0.096 0.242 -1.205
-0.088 0.279 -1.210
-0.101 0.383 -1.194
-0.098 0.332 -1.198
-0.103 0.479 -1.188
-0.117 0.481 -1.144
-0.113 0.529 -1.159
-0.113 0.075 -1.193
-0.103 0.185 -1.197
-0.065 0.188 -1.222
-0.091 0.122 -1.208
-0.109 0.265 -1.163
-0.344 0.672 -1.105
-0.368 0.642 -1.103
-0.372 0.620 -1.112
-0.406 0.529 -1.137
-0.434 0.477 -1.160
-0.443 0.396 -1.167
-0.447 0.350 -1.170
-0.464 0.152 -1.163
-0.466 0.130 -1.178
-0.450 0.122 -1.292
-0.433 0.222 -1.279
-0.419 0.242 -1.275
-0.420 0.293 -1.264
-0.411 0.322 -1.260
-0.407 0.343 -1.255
-0.408 0.364 -1.252
-0.407 0.382 -1.248
-0.399 0.401 -1.243
-0.376 0.459 -1.230
-0.376 0.489 -1.225
-0.393 0.502 -1.218
-0.376 0.572 -1.202
-0.378 0.604 -1.183
-0.352 0.675 -1.132
-0.405 0.479 -1.205
-0.350 0.660 -1.120
-0.470 0.055 -1.203
-0.467 0.107 -1.215
-0.454 0.193 -1.246
-0.403 0.508 -1.161
-0.396 0.558 -1.166
-0.469 0.061 -1.239
-0.446 0.286 -1.224
-0.458 0.234 -1.191
-0.438 0.330 -1.226
-0.383 0.573 -1.136
-0.437 0.434 -1.174
-0.436 0.378 -1.205
-0.462 0.108 -1.264
-0.447 0.240 -1.244
-0.416 0.425 -1.223
-0.461 0.151 -1.236
-0.364 0.624 -1.139
-0.050 0.043 -1.263
-0.046 0.089 -1.241
-0.049 0.138 -1.238
-0.051 0.165 -1.239
-0.053 0.192 -1.238
-0.058 0.252 -1.235
-0.064 0.329 -1.229
-0.070 0.386 -1.231
-0.073 0.423 -1.226
-0.079 0.449 -1.215
-0.083 0.486 -1.212
-0.084 0.514 -1.211
-0.085 0.542 -1.211
-0.103 0.634 -1.173
-0.085 0.639 -1.146
-0.376 0.626 -1.171
-0.173 0.808 -1.168
-0.088 0.798 -1.175
-0.119 0.754 -1.207
-0.178 0.823 -1.148
-0.157 0.847 -1.116
-0.125 0.824 -1.132
-0.086 0.806 -1.138
-0.106 0.807 -1.168
-0.100 0.779 -1.191
-0.148 0.815 -1.155
-0.138 -0.003 -1.297
-0.154 0.023 -1.301
-0.210 0.534 -1.284
-0.221 0.783 -1.183
-0.070 0.009 -1.278
-0.163 0.120 -1.300
-0.092 0.680 -1.176
-0.124 -0.000 -1.292
-0.235 0.712 -1.246
-0.094 0.727 -1.211
-0.095 0.671 -1.220
-0.179 0.275 -1.294
-0.170 0.198 -1.299
-0.200 0.436 -1.288
-0.129 0.084 -1.287
-0.123 0.134 -1.281
-0.150 0.766 -1.206
-0.137 0.250 -1.277
-0.148 0.303 -1.277
-0.091 0.265 -1.263
-0.071 0.322 -1.246
-0.099 0.438 -1.250
-0.088 0.577 -1.207
-0.183 0.612 -1.262
-0.215 0.649 -1.275
-0.175 0.716 -1.240
-0.204 0.752 -1.213
-0.175 0.784 -1.185
-0.111 0.331 -1.263
-0.081 0.212 -1.265
-0.092 0.386 -1.252
-0.128 0.487 -1.253
-0.111 0.044 -1.285
-0.129 0.186 -1.280
-0.150 0.389 -1.269
-0.167 0.564 -1.257
-0.092 0.504 -1.238
-0.185 0.345 -1.289
-0.071 0.107 -1.270
-0.114 0.541 -1.245
-0.178 0.495 -1.269
-0.090 0.620 -1.207
-0.160 0.441 -1.266
-0.121 0.704 -1.227
-0.152 0.649 -1.244
-0.077 0.165 -1.268
-0.107 0.600 -1.237
-0.336 0.729 -1.201
-0.383 0.769 -1.138
-0.353 0.739 -1.188
-0.326 0.723 -1.208
-0.351 0.729 -1.161
-0.320 0.784 -1.158
-0.335 0.859 -1.096
-0.367 0.795 -1.089
-0.340 0.823 -1.128
-0.315 0.742 -1.165
-0.288 0.750 -1.138
-0.314 0.734 -1.179
-0.294 0.707 -1.175
-0.268 0.755 -1.036
-0.248 0.721 -1.040
-0.155 0.726 -1.048
-0.112 0.723 -1.058
-0.369 0.769 -1.057
-0.288 0.847 -1.131
-0.345 0.755 -1.054
-0.358 0.842 -1.063
-0.317 0.846 -1.112
-0.321 0.786 -1.045
-0.113 0.816 -1.122
-0.307 0.834 -1.059
-0.186 0.734 -1.044
-0.095 0.790 -1.082
-0.246 0.877 -1.074
-0.139 0.773 -1.050
-0.156 0.812 -1.059
-0.222 0.745 -1.040
-0.280 0.802 -1.040
-0.247 0.833 -1.056
-0.208 0.789 -1.045
-0.187 0.867 -1.073
-0.140 0.839 -1.110
-0.277 0.837 -1.085
-0.467 0.049 -1.102
-0.470 0.076 -1.167
-0.311 0.730 -1.048
-0.268 0.048 -1.109
-0.401 0.694 -1.072
-0.230 0.009 -1.128
-0.140 0.061 -1.157
-0.071 0.611 -1.095
-0.133 0.686 -1.055
-0.462 0.174 -1.197
-0.434 0.048 -1.079
-0.296 0.699 -1.047
-0.150 0.121 -1.134
-0.129 0.315 -1.130
-0.389 0.587 -1.117
-0.298 0.018 -1.112
-0.119 0.415 -1.121
-0.102 0.455 -1.086
-0.188 0.666 -1.048
-0.143 0.246 -1.097
-0.192 0.204 -1.087
-0.129 0.187 -1.134
-0.357 0.042 -1.111
-0.427 0.475 -1.083
-0.121 0.359 -1.103
-0.468 0.104 -1.168
-0.428 0.397 -1.079
-0.167 0.601 -1.052
-0.195 0.143 -1.100
-0.213 0.088 -1.109
-0.166 0.014 -1.153
-0.198 0.044 -1.128
-0.082 0.565 -1.081
-0.447 0.354 -1.114
-0.412 0.615 -1.101
-0.419 0.577 -1.083
-0.457 0.257 -1.144
-0.430 0.539 -1.120
-0.408 0.531 -1.069
-0.207 0.254 -1.078
-0.130 0.630 -1.056
-0.357 0.707 -1.060
-0.344 0.631 -1.067
-0.321 0.659 -1.060
-0.294 0.087 -1.100
-0.072 0.653 -1.072
-0.453 0.302 -1.153
-0.447 0.304 -1.103
-0.437 0.262 -1.083
-0.401 0.299 -1.076
-0.146 0.289 -1.083
-0.190 0.325 -1.072
-0.253 0.679 -1.045
-0.091 0.504 -1.089
-0.199 0.495 -1.061
-0.143 0.457 -1.064
-0.138 0.535 -1.060
-0.460 0.125 -1.101
-0.365 0.181 -1.103
-0.421 0.167 -1.076
-0.414 0.104 -1.082
-0.361 0.116 -1.108
-0.288 0.153 -1.092
-0.462 0.196 -1.160
-0.441 0.433 -1.121
-0.419 0.341 -1.074
-0.360 0.323 -1.094
-0.391 0.397 -1.073
-0.339 0.480 -1.084
-0.346 0.427 -1.087
-0.392 0.468 -1.068
-0.391 0.600 -1.061
-0.253 0.195 -1.086
-0.456 0.196 -1.105
-0.115 0.411 -1.079
-0.141 0.360 -1.072
-0.413 0.222 -1.076
-0.359 0.249 -1.100
-0.276 0.511 -1.075
-0.274 0.456 -1.081
-0.348 0.539 -1.080
-0.310 0.220 -1.088
-0.245 0.629 -1.051
-0.328 0.573 -1.073
-0.234 0.335 -1.075
-0.326 0.358 -1.086
-0.286 0.385 -1.086
-0.237 0.401 -1.074
-0.299 0.296 -1.087
-0.221 0.573 -1.055
-0.282 0.585 -1.069
-0.189 0.417 -1.067
-0.257 0.277 -1.082
-0.392 0.712 -1.079
-0.405 0.643 -1.070
