-0.467 0.069 -1.314
-0.463 0.107 -1.302
-0.449 0.145 -1.301
-0.446 0.180 -1.293
-0.437 0.202 -1.290
-0.431 0.265 -1.277
-0.405 0.280 -1.272
-0.400 0.436 -1.240
-0.379 0.533 -1.218
-0.260 0.519 -1.264
-0.281 0.387 -1.276
-0.372 0.049 -1.328
-0.317 0.263 -1.305
-0.234 0.665 -1.263
-0.363 0.677 -1.168
-0.341 0.684 -1.184
-0.349 0.105 -1.333
-0.272 0.446 -1.264
-0.287 0.510 -1.236
-0.360 0.571 -1.212
-0.448 0.101 -1.310
-0.313 0.679 -1.186
-0.332 0.189 -1.325
-0.356 0.220 -1.305
-0.302 0.318 -1.289
-0.352 0.414 -1.240
-0.256 0.598 -1.271
-0.278 0.594 -1.234
-0.244 0.684 -1.218
-0.353 0.627 -1.198
-0.397 0.102 -1.307
-0.361 0.151 -1.317
-0.390 0.222 -1.283
-0.401 0.167 -1.292
-0.362 0.291 -1.276
-0.317 0.363 -1.266
-0.307 0.427 -1.250
-0.318 0.561 -1.211
-0.374 0.331 -1.258
-0.341 0.491 -1.222
-0.288 0.645 -1.203
-0.068 0.646 -1.122
-0.081 0.613 -1.131
-0.091 0.579 -1.130
-0.102 0.532 -1.134
-0.115 0.458 -1.129
-0.122 0.368 -1.155
-0.118 0.225 -1.151
-0.120 0.145 -1.169
-0.091 0.007 -1.210
-0.041 0.011 -1.247
-0.060 0.035 -1.226
-0.045 0.061 -1.244
-0.047 0.117 -1.246
-0.055 0.226 -1.240
-0.059 0.283 -1.240
-0.067 0.361 -1.227
-0.075 0.465 -1.226
-0.104 0.572 -1.185
-0.116 0.431 -1.166
-0.107 0.598 -1.171
-0.093 0.416 -1.204
-0.126 0.021 -1.191
-0.080 0.070 -1.217
-0.122 0.110 -1.176
-0.096 0.243 -1.210
-0.087 0.280 -1.215
-0.101 0.383 -1.198
-0.097 0.333 -1.202
-0.102 0.480 -1.191
-0.116 0.482 -1.147
-0.112 0.530 -1.162
-0.113 0.076 -1.200
-0.103 0.186 -1.203
-0.064 0.188 -1.227
-0.090 0.123 -1.214
-0.108 0.265 -1.168
-0.345 0.673 -1.106
-0.369 0.642 -1.104
-0.373 0.621 -1.113
-0.408 0.530 -1.139
-0.436 0.478 -1.162
-0.446 0.397 -1.171
-0.451 0.351 -1.174
-0.468 0.154 -1.169
-0.470 0.132 -1.185
-0.459 0.127 -1.300
-0.441 0.226 -1.285
-0.426 0.245 -1.282
-0.427 0.297 -1.270
-0.417 0.325 -1.265
-0.413 0.346 -1.261
-0.413 0.367 -1.257
-0.412 0.385 -1.252
-0.404 0.403 -1.247
-0.380 0.461 -1.233
-0.379 0.491 -1.228
-0.396 0.504 -1.220
-0.378 0.574 -1.204
-0.379 0.605 -1.184
-0.353 0.676 -1.133
-0.408 0.481 -1.208
-0.350 0.660 -1.121
-0.476 0.057 -1.211
-0.473 0.110 -1.222
-0.461 0.196 -1.252
-0.406 0.510 -1.163
-0.397 0.559 -1.168
-0.476 0.064 -1.247
-0.452 0.289 -1.229
-0.462 0.236 -1.197
-0.443 0.333 -1.231
-0.384 0.573 -1.138
-0.440 0.436 -1.177
-0.441 0.380 -1.209
-0.470 0.112 -1.272
-0.454 0.243 -1.250
-0.420 0.428 -1.227
-0.467 0.154 -1.243
-0.365 0.624 -1.140
-0.049 0.044 -1.269
-0.045 0.090 -1.247
-0.048 0.139 -1.243
-0.050 0.166 -1.244
-0.052 0.193 -1.243
-0.057 0.253 -1.239
-0.063 0.330 -1.233
-0.069 0.387 -1.235
-0.072 0.424 -1.229
-0.078 0.450 -1.218
-0.082 0.487 -1.215
-0.083 0.515 -1.214
-0.084 0.542 -1.214
-0.102 0.635 -1.175
-0.085 0.640 -1.148
-0.377 0.627 -1.172
-0.173 0.808 -1.168
-0.088 0.798 -1.175
-0.119 0.754 -1.208
-0.178 0.823 -1.148
-0.157 0.847 -1.116
-0.125 0.824 -1.132
-0.086 0.806 -1.138
-0.106 0.807 -1.168
-0.100 0.779 -1.191
-0.148 0.815 -1.155
-0.135 -0.001 -1.305
-0.151 0.025 -1.309
-0.209 0.535 -1.287
-0.221 0.783 -1.183
-0.068 0.010 -1.284
-0.160 0.122 -1.308
-0.091 0.680 -1.177
-0.122 0.001 -1.300
-0.235 0.712 -1.246
-0.094 0.728 -1.212
-0.095 0.671 -1.221
-0.178 0.277 -1.299
-0.168 0.199 -1.304
-0.199 0.437 -1.292
-0.127 0.085 -1.295
-0.121 0.135 -1.288
-0.150 0.766 -1.206
-0.135 0.251 -1.282
-0.146 0.304 -1.282
-0.090 0.266 -1.268
-0.070 0.323 -1.251
-0.098 0.439 -1.253
-0.088 0.578 -1.209
-0.183 0.613 -1.264
-0.215 0.650 -1.276
-0.175 0.717 -1.241
-0.204 0.752 -1.213
-0.175 0.784 -1.185
-0.110 0.332 -1.267
-0.080 0.213 -1.270
-0.091 0.387 -1.256
-0.127 0.488 -1.256
-0.109 0.046 -1.292
-0.127 0.187 -1.285
-0.149 0.390 -1.273
-0.166 0.565 -1.260
-0.092 0.505 -1.241
-0.183 0.346 -1.293
-0.069 0.108 -1.276
-0.113 0.542 -1.247
-0.177 0.496 -1.272
-0.090 0.621 -1.210
-0.158 0.442 -1.269
-0.121 0.705 -1.228
-0.152 0.650 -1.246
-0.075 0.166 -1.273
-0.106 0.601 -1.239
-0.336 0.729 -1.201
-0.383 0.769 -1.138
-0.353 0.739 -1.188
-0.325 0.723 -1.208
-0.352 0.730 -1.162
-0.320 0.785 -1.158
-0.335 0.859 -1.096
-0.367 0.795 -1.089
-0.339 0.823 -1.128
-0.315 0.743 -1.165
-0.288 0.750 -1.138
-0.314 0.734 -1.179
-0.294 0.707 -1.175
-0.268 0.755 -1.036
-0.248 0.721 -1.041
-0.155 0.726 -1.049
-0.112 0.723 -1.058
-0.369 0.769 -1.057
-0.288 0.847 -1.131
-0.345 0.755 -1.054
-0.358 0.842 -1.062
-0.317 0.846 -1.112
-0.321 0.785 -1.045
-0.113 0.816 -1.122
-0.307 0.834 -1.059
-0.186 0.733 -1.045
-0.095 0.790 -1.082
-0.246 0.877 -1.074
-0.139 0.773 -1.051
-0.156 0.812 -1.059
-0.222 0.744 -1.041
-0.280 0.802 -1.040
-0.247 0.833 -1.056
-0.208 0.789 -1.046
-0.187 0.867 -1.073
-0.140 0.839 -1.110
-0.277 0.837 -1.085
-0.468 0.050 -1.111
-0.474 0.078 -1.175
-0.311 0.729 -1.048
-0.269 0.049 -1.118
-0.402 0.694 -1.072
-0.232 0.010 -1.137
-0.141 0.062 -1.164
-0.071 0.611 -1.097
-0.133 0.686 -1.056
-0.467 0.176 -1.204
-0.435 0.049 -1.089
-0.296 0.699 -1.048
-0.151 0.122 -1.141
-0.129 0.315 -1.135
-0.390 0.587 -1.118
-0.299 0.019 -1.122
-0.119 0.415 -1.125
-0.103 0.455 -1.089
-0.188 0.666 -1.049
-0.144 0.246 -1.103
-0.193 0.204 -1.093
-0.130 0.188 -1.140
-0.358 0.042 -1.121
-0.428 0.476 -1.085
-0.121 0.359 -1.108
-0.472 0.106 -1.176
-0.428 0.398 -1.083
-0.167 0.600 -1.054
-0.196 0.143 -1.108
-0.214 0.088 -1.117
-0.167 0.015 -1.162
-0.199 0.045 -1.137
-0.082 0.565 -1.083
-0.449 0.355 -1.118
-0.412 0.616 -1.102
-0.419 0.577 -1.084
-0.460 0.259 -1.150
-0.432 0.540 -1.121
-0.408 0.531 -1.070
-0.208 0.254 -1.084
-0.130 0.630 -1.058
-0.357 0.707 -1.060
-0.344 0.631 -1.068
-0.321 0.659 -1.061
-0.296 0.088 -1.109
-0.073 0.652 -1.074
-0.456 0.304 -1.158
-0.448 0.304 -1.108
-0.438 0.262 -1.089
-0.402 0.299 -1.082
-0.147 0.289 -1.089
-0.191 0.325 -1.077
-0.253 0.679 -1.046
-0.092 0.504 -1.092
-0.199 0.495 -1.065
-0.144 0.457 -1.068
-0.138 0.535 -1.063
-0.462 0.125 -1.108
-0.366 0.182 -1.111
-0.422 0.168 -1.084
-0.416 0.105 -1.091
-0.362 0.117 -1.117
-0.290 0.153 -1.100
-0.465 0.198 -1.166
-0.443 0.434 -1.124
-0.420 0.341 -1.079
-0.361 0.324 -1.100
-0.392 0.397 -1.077
-0.339 0.480 -1.087
-0.347 0.427 -1.091
-0.392 0.468 -1.071
-0.391 0.600 -1.063
-0.254 0.195 -1.094
-0.458 0.196 -1.111
-0.116 0.411 -1.083
-0.141 0.359 -1.077
-0.414 0.222 -1.083
-0.360 0.249 -1.107
-0.277 0.512 -1.079
-0.275 0.456 -1.085
-0.348 0.539 -1.082
-0.311 0.221 -1.095
-0.245 0.629 -1.052
-0.328 0.573 -1.075
-0.235 0.335 -1.081
-0.327 0.358 -1.091
-0.287 0.385 -1.091
-0.237 0.401 -1.078
-0.300 0.296 -1.093
-0.221 0.573 -1.058
-0.283 0.585 -1.071
-0.190 0.417 -1.072
-0.258 0.277 -1.089
-0.392 0.712 -1.079
-0.405 0.643 -1.070
