-0.514 0.060 -0.211
-0.511 0.100 -0.212
-0.506 0.138 -0.226
-0.506 0.174 -0.228
-0.502 0.196 -0.237
-0.502 0.260 -0.242
-0.484 0.277 -0.259
-0.495 0.436 -0.266
-0.484 0.537 -0.281
-0.467 0.515 -0.408
-0.447 0.382 -0.379
-0.448 0.041 -0.281
-0.445 0.254 -0.344
-0.472 0.665 -0.444
-0.447 0.686 -0.284
-0.458 0.691 -0.310
-0.447 0.094 -0.310
-0.453 0.443 -0.389
-0.454 0.512 -0.369
-0.477 0.576 -0.297
-0.503 0.093 -0.226
-0.451 0.685 -0.337
-0.450 0.176 -0.332
-0.459 0.212 -0.307
-0.444 0.312 -0.357
-0.462 0.417 -0.303
-0.483 0.594 -0.423
-0.463 0.595 -0.385
-0.464 0.688 -0.409
-0.470 0.633 -0.301
-0.464 0.097 -0.258
-0.455 0.142 -0.299
-0.467 0.219 -0.268
-0.470 0.163 -0.257
-0.461 0.288 -0.297
-0.450 0.362 -0.339
-0.453 0.428 -0.349
-0.457 0.566 -0.335
-0.467 0.331 -0.283
-0.462 0.496 -0.313
-0.453 0.650 -0.364
-0.043 0.701 -0.183
-0.048 0.665 -0.189
-0.056 0.631 -0.185
-0.063 0.583 -0.181
-0.077 0.511 -0.163
-0.068 0.417 -0.160
-0.069 0.282 -0.111
-0.064 0.201 -0.102
-0.021 0.061 -0.083
0.040 0.062 -0.092
0.014 0.087 -0.090
0.036 0.111 -0.104
0.037 0.164 -0.121
0.030 0.269 -0.148
0.029 0.324 -0.164
0.018 0.402 -0.179
0.016 0.503 -0.209
-0.029 0.610 -0.230
-0.056 0.476 -0.184
-0.040 0.638 -0.230
-0.015 0.457 -0.193
-0.061 0.075 -0.087
-0.007 0.122 -0.103
-0.063 0.165 -0.098
-0.020 0.287 -0.153
-0.008 0.323 -0.163
-0.025 0.425 -0.185
-0.022 0.376 -0.172
-0.027 0.520 -0.208
-0.067 0.529 -0.185
-0.053 0.573 -0.208
-0.045 0.128 -0.105
-0.031 0.233 -0.135
0.014 0.235 -0.134
-0.017 0.171 -0.120
-0.052 0.317 -0.133
-0.385 0.690 -0.262
-0.399 0.663 -0.238
-0.406 0.640 -0.236
-0.438 0.549 -0.210
-0.467 0.495 -0.195
-0.469 0.415 -0.179
-0.468 0.370 -0.168
-0.454 0.181 -0.110
-0.460 0.155 -0.118
-0.510 0.120 -0.216
-0.507 0.220 -0.234
-0.497 0.240 -0.245
-0.501 0.293 -0.245
-0.498 0.322 -0.253
-0.497 0.344 -0.256
-0.499 0.364 -0.257
-0.499 0.383 -0.257
-0.495 0.403 -0.263
-0.484 0.463 -0.281
-0.485 0.493 -0.282
-0.490 0.508 -0.265
-0.478 0.580 -0.277
-0.465 0.614 -0.270
-0.412 0.689 -0.273
-0.484 0.487 -0.246
-0.400 0.676 -0.266
-0.467 0.076 -0.120
-0.475 0.124 -0.143
-0.496 0.199 -0.192
-0.452 0.524 -0.225
-0.457 0.571 -0.241
-0.485 0.073 -0.152
-0.491 0.295 -0.197
-0.474 0.253 -0.154
-0.494 0.337 -0.212
-0.426 0.590 -0.235
-0.475 0.450 -0.195
-0.486 0.388 -0.207
-0.500 0.113 -0.184
-0.497 0.246 -0.203
-0.495 0.431 -0.241
-0.489 0.161 -0.172
-0.421 0.638 -0.260
0.046 0.088 -0.123
0.039 0.138 -0.114
0.035 0.186 -0.125
0.034 0.211 -0.134
0.033 0.237 -0.141
0.030 0.296 -0.155
0.024 0.371 -0.173
0.023 0.426 -0.191
0.019 0.462 -0.199
0.008 0.489 -0.202
0.004 0.525 -0.211
0.004 0.552 -0.219
0.005 0.579 -0.227
-0.034 0.673 -0.240
-0.039 0.687 -0.211
-0.455 0.637 -0.268
-0.099 0.803 -0.344
-0.047 0.830 -0.283
-0.024 0.777 -0.309
-0.126 0.814 -0.338
-0.156 0.846 -0.296
-0.108 0.838 -0.288
-0.071 0.845 -0.267
-0.065 0.829 -0.294
-0.034 0.809 -0.296
-0.101 0.817 -0.318
-0.005 0.027 -0.190
-0.014 0.049 -0.209
0.011 0.539 -0.368
-0.087 0.773 -0.398
0.037 0.049 -0.137
-0.014 0.142 -0.239
-0.027 0.719 -0.247
0.003 0.032 -0.178
0.005 0.712 -0.425
-0.005 0.760 -0.282
0.008 0.704 -0.272
-0.013 0.291 -0.286
-0.013 0.216 -0.262
-0.002 0.445 -0.339
0.001 0.114 -0.199
0.005 0.164 -0.203
-0.039 0.778 -0.338
0.002 0.276 -0.238
-0.001 0.326 -0.258
0.025 0.299 -0.201
0.031 0.360 -0.188
0.021 0.469 -0.237
0.000 0.614 -0.235
0.014 0.623 -0.353
0.026 0.651 -0.394
-0.000 0.729 -0.364
-0.041 0.752 -0.389
-0.073 0.786 -0.355
0.016 0.360 -0.230
0.031 0.248 -0.183
0.023 0.418 -0.221
0.011 0.512 -0.273
0.011 0.078 -0.175
0.004 0.214 -0.219
0.001 0.411 -0.276
0.008 0.580 -0.326
0.020 0.536 -0.239
-0.010 0.359 -0.304
0.036 0.146 -0.155
0.016 0.568 -0.269
0.004 0.509 -0.325
0.000 0.656 -0.248
0.001 0.461 -0.295
0.002 0.729 -0.307
0.009 0.668 -0.327
0.033 0.202 -0.171
0.015 0.629 -0.272
-0.376 0.719 -0.428
-0.321 0.765 -0.395
-0.358 0.729 -0.423
-0.387 0.714 -0.431
-0.440 0.738 -0.297
-0.421 0.786 -0.326
-0.348 0.840 -0.292
-0.342 0.797 -0.353
-0.384 0.816 -0.320
-0.436 0.749 -0.334
-0.418 0.759 -0.368
-0.394 0.732 -0.405
-0.442 0.715 -0.355
-0.277 0.797 -0.193
-0.255 0.766 -0.188
-0.163 0.779 -0.181
-0.118 0.780 -0.179
-0.378 0.796 -0.216
-0.287 0.848 -0.313
-0.352 0.786 -0.211
-0.370 0.851 -0.254
-0.317 0.840 -0.308
-0.331 0.818 -0.212
-0.103 0.839 -0.271
-0.318 0.850 -0.249
-0.194 0.783 -0.185
-0.100 0.839 -0.219
-0.248 0.889 -0.282
-0.150 0.823 -0.198
-0.166 0.848 -0.229
-0.230 0.790 -0.191
-0.290 0.838 -0.215
-0.257 0.865 -0.240
-0.219 0.831 -0.211
-0.196 0.881 -0.275
-0.140 0.848 -0.283
-0.283 0.855 -0.271
-0.420 0.097 -0.032
-0.453 0.106 -0.094
-0.317 0.766 -0.198
-0.220 0.107 -0.056
-0.406 0.724 -0.204
-0.177 0.069 -0.056
-0.085 0.120 -0.081
-0.059 0.672 -0.156
-0.137 0.743 -0.170
-0.474 0.193 -0.144
-0.382 0.102 -0.020
-0.301 0.739 -0.190
-0.103 0.183 -0.081
-0.086 0.371 -0.130
-0.417 0.608 -0.221
-0.248 0.074 -0.050
-0.083 0.471 -0.149
-0.087 0.520 -0.124
-0.191 0.718 -0.173
-0.112 0.313 -0.085
-0.160 0.270 -0.074
-0.085 0.248 -0.095
-0.308 0.091 -0.059
-0.416 0.512 -0.140
-0.092 0.422 -0.118
-0.454 0.133 -0.102
-0.407 0.438 -0.116
-0.165 0.656 -0.160
-0.156 0.207 -0.068
-0.169 0.151 -0.063
-0.109 0.074 -0.071
-0.148 0.105 -0.064
-0.075 0.629 -0.139
-0.437 0.388 -0.126
-0.426 0.641 -0.200
-0.418 0.609 -0.172
-0.450 0.287 -0.123
-0.445 0.564 -0.184
-0.397 0.569 -0.152
-0.179 0.318 -0.084
-0.132 0.689 -0.156
-0.361 0.739 -0.206
-0.343 0.665 -0.195
-0.323 0.695 -0.194
-0.250 0.144 -0.061
-0.074 0.717 -0.149
-0.457 0.328 -0.142
-0.426 0.342 -0.105
-0.406 0.307 -0.080
-0.373 0.345 -0.094
-0.121 0.356 -0.088
-0.169 0.388 -0.099
-0.257 0.724 -0.181
-0.078 0.568 -0.134
-0.189 0.550 -0.144
-0.133 0.521 -0.121
-0.134 0.596 -0.138
-0.420 0.170 -0.052
-0.329 0.226 -0.090
-0.380 0.218 -0.052
-0.369 0.156 -0.042
-0.319 0.163 -0.076
-0.251 0.209 -0.072
-0.457 0.224 -0.118
-0.444 0.462 -0.153
-0.393 0.385 -0.099
-0.336 0.364 -0.123
-0.371 0.440 -0.121
-0.327 0.517 -0.162
-0.330 0.466 -0.150
-0.377 0.508 -0.138
-0.387 0.636 -0.172
-0.219 0.254 -0.079
-0.424 0.237 -0.075
-0.100 0.478 -0.111
-0.123 0.427 -0.098
-0.377 0.271 -0.070
-0.329 0.292 -0.107
-0.269 0.557 -0.152
-0.263 0.504 -0.139
-0.341 0.574 -0.175
-0.278 0.272 -0.089
-0.245 0.676 -0.173
-0.322 0.610 -0.181
-0.212 0.391 -0.109
-0.305 0.401 -0.129
-0.269 0.434 -0.124
-0.220 0.454 -0.126
-0.274 0.347 -0.103
-0.217 0.623 -0.163
-0.281 0.628 -0.168
-0.174 0.475 -0.124
-0.231 0.333 -0.096
-0.402 0.739 -0.218
-0.405 0.676 -0.186
