-0.476 0.073 -1.321
-0.471 0.111 -1.309
-0.457 0.149 -1.308
-0.454 0.184 -1.299
-0.444 0.205 -1.297
-0.438 0.268 -1.282
-0.412 0.283 -1.278
-0.404 0.438 -1.243
-0.382 0.535 -1.221
-0.262 0.520 -1.267
-0.286 0.388 -1.283
-0.381 0.053 -1.339
-0.324 0.266 -1.314
-0.234 0.665 -1.263
-0.363 0.678 -1.169
-0.341 0.685 -1.185
-0.358 0.109 -1.344
-0.276 0.448 -1.269
-0.290 0.511 -1.239
-0.362 0.572 -1.214
-0.457 0.105 -1.317
-0.314 0.679 -1.187
-0.341 0.192 -1.335
-0.364 0.223 -1.314
-0.308 0.320 -1.297
-0.356 0.415 -1.244
-0.258 0.599 -1.272
-0.279 0.595 -1.235
-0.244 0.684 -1.218
-0.354 0.628 -1.200
-0.406 0.106 -1.316
-0.369 0.155 -1.327
-0.397 0.225 -1.291
-0.409 0.171 -1.301
-0.368 0.294 -1.283
-0.322 0.365 -1.273
-0.311 0.429 -1.256
-0.320 0.561 -1.213
-0.380 0.334 -1.264
-0.344 0.492 -1.226
-0.289 0.645 -1.204
-0.067 0.646 -1.124
-0.081 0.613 -1.133
-0.091 0.579 -1.132
-0.102 0.532 -1.136
-0.115 0.458 -1.132
-0.122 0.368 -1.160
-0.119 0.225 -1.156
-0.121 0.145 -1.175
-0.091 0.007 -1.217
-0.041 0.012 -1.253
-0.060 0.035 -1.232
-0.045 0.062 -1.249
-0.047 0.118 -1.251
-0.055 0.226 -1.244
-0.058 0.283 -1.244
-0.067 0.362 -1.231
-0.075 0.466 -1.229
-0.103 0.572 -1.187
-0.116 0.431 -1.169
-0.106 0.599 -1.173
-0.093 0.417 -1.207
-0.127 0.021 -1.198
-0.080 0.071 -1.224
-0.123 0.110 -1.182
-0.096 0.243 -1.215
-0.087 0.280 -1.220
-0.100 0.384 -1.202
-0.097 0.333 -1.206
-0.102 0.480 -1.194
-0.116 0.482 -1.151
-0.112 0.530 -1.165
-0.114 0.077 -1.206
-0.103 0.186 -1.209
-0.064 0.189 -1.232
-0.091 0.123 -1.220
-0.109 0.266 -1.173
-0.345 0.673 -1.107
-0.369 0.643 -1.105
-0.373 0.621 -1.114
-0.409 0.531 -1.141
-0.438 0.480 -1.164
-0.449 0.399 -1.174
-0.454 0.353 -1.177
-0.472 0.156 -1.176
-0.475 0.134 -1.191
-0.467 0.130 -1.307
-0.449 0.230 -1.291
-0.433 0.249 -1.288
-0.433 0.300 -1.275
-0.423 0.328 -1.270
-0.418 0.349 -1.265
-0.418 0.370 -1.261
-0.417 0.387 -1.256
-0.409 0.406 -1.251
-0.384 0.463 -1.237
-0.382 0.493 -1.231
-0.399 0.506 -1.223
-0.380 0.575 -1.206
-0.380 0.606 -1.186
-0.353 0.676 -1.134
-0.411 0.483 -1.210
-0.351 0.661 -1.122
-0.482 0.060 -1.219
-0.478 0.113 -1.229
-0.467 0.199 -1.258
-0.407 0.511 -1.166
-0.399 0.560 -1.170
-0.483 0.067 -1.255
-0.457 0.292 -1.234
-0.467 0.238 -1.202
-0.448 0.335 -1.235
-0.385 0.574 -1.139
-0.443 0.438 -1.180
-0.445 0.382 -1.213
-0.478 0.115 -1.278
-0.459 0.246 -1.255
-0.424 0.430 -1.230
-0.474 0.157 -1.249
-0.366 0.625 -1.141
-0.049 0.045 -1.275
-0.045 0.091 -1.252
-0.048 0.140 -1.248
-0.050 0.167 -1.249
-0.052 0.193 -1.248
-0.056 0.254 -1.244
-0.063 0.331 -1.237
-0.068 0.388 -1.238
-0.072 0.425 -1.233
-0.078 0.451 -1.221
-0.082 0.488 -1.217
-0.083 0.515 -1.217
-0.083 0.543 -1.216
-0.102 0.635 -1.177
-0.085 0.640 -1.150
-0.378 0.628 -1.174
-0.173 0.808 -1.168
-0.088 0.798 -1.175
-0.119 0.755 -1.208
-0.178 0.823 -1.148
-0.157 0.847 -1.116
-0.125 0.825 -1.132
-0.086 0.806 -1.138
-0.106 0.807 -1.168
-0.100 0.779 -1.191
-0.148 0.815 -1.155
-0.135 0.000 -1.313
-0.151 0.026 -1.317
-0.209 0.536 -1.289
-0.221 0.783 -1.183
-0.068 0.011 -1.290
-0.160 0.123 -1.315
-0.091 0.681 -1.179
-0.121 0.003 -1.307
-0.235 0.712 -1.246
-0.093 0.729 -1.213
-0.094 0.672 -1.223
-0.177 0.278 -1.304
-0.168 0.200 -1.309
-0.199 0.438 -1.295
-0.126 0.087 -1.302
-0.120 0.137 -1.295
-0.150 0.767 -1.206
-0.135 0.253 -1.287
-0.146 0.305 -1.286
-0.089 0.267 -1.272
-0.069 0.324 -1.255
-0.098 0.440 -1.257
-0.087 0.578 -1.212
-0.182 0.614 -1.266
-0.215 0.650 -1.278
-0.175 0.717 -1.241
-0.204 0.752 -1.213
-0.175 0.784 -1.185
-0.109 0.333 -1.272
-0.079 0.214 -1.275
-0.091 0.388 -1.260
-0.127 0.489 -1.259
-0.108 0.047 -1.299
-0.127 0.188 -1.290
-0.148 0.391 -1.276
-0.165 0.566 -1.262
-0.091 0.505 -1.244
-0.183 0.347 -1.297
-0.069 0.109 -1.281
-0.113 0.543 -1.250
-0.177 0.497 -1.275
-0.089 0.622 -1.212
-0.158 0.443 -1.273
-0.121 0.705 -1.229
-0.151 0.651 -1.247
-0.075 0.167 -1.278
-0.106 0.602 -1.241
-0.336 0.729 -1.201
-0.383 0.769 -1.138
-0.353 0.739 -1.187
-0.326 0.723 -1.208
-0.351 0.730 -1.162
-0.319 0.785 -1.159
-0.335 0.859 -1.096
-0.367 0.795 -1.089
-0.339 0.823 -1.128
-0.315 0.743 -1.166
-0.288 0.750 -1.138
-0.314 0.734 -1.178
-0.295 0.707 -1.176
-0.268 0.754 -1.037
-0.248 0.721 -1.042
-0.155 0.725 -1.050
-0.112 0.723 -1.060
-0.369 0.769 -1.057
-0.288 0.847 -1.131
-0.345 0.755 -1.055
-0.358 0.842 -1.062
-0.317 0.846 -1.112
-0.321 0.785 -1.045
-0.113 0.816 -1.122
-0.307 0.834 -1.059
-0.186 0.733 -1.046
-0.095 0.790 -1.082
-0.246 0.877 -1.074
-0.139 0.773 -1.051
-0.156 0.812 -1.059
-0.222 0.744 -1.042
-0.279 0.802 -1.040
-0.247 0.833 -1.056
-0.208 0.789 -1.046
-0.187 0.867 -1.073
-0.140 0.839 -1.110
-0.277 0.837 -1.085
-0.470 0.051 -1.118
-0.478 0.080 -1.182
-0.311 0.729 -1.048
-0.271 0.049 -1.127
-0.402 0.694 -1.072
-0.233 0.010 -1.145
-0.142 0.062 -1.171
-0.071 0.610 -1.099
-0.133 0.686 -1.058
-0.472 0.178 -1.210
-0.436 0.049 -1.097
-0.296 0.699 -1.049
-0.152 0.122 -1.148
-0.130 0.315 -1.139
-0.391 0.588 -1.119
-0.301 0.019 -1.131
-0.120 0.415 -1.128
-0.103 0.455 -1.093
-0.188 0.666 -1.051
-0.145 0.246 -1.108
-0.195 0.204 -1.100
-0.131 0.188 -1.146
-0.360 0.043 -1.131
-0.429 0.476 -1.088
-0.122 0.359 -1.112
-0.476 0.108 -1.182
-0.429 0.398 -1.086
-0.167 0.600 -1.057
-0.197 0.143 -1.115
-0.216 0.089 -1.125
-0.168 0.016 -1.169
-0.201 0.045 -1.145
-0.083 0.564 -1.086
-0.451 0.356 -1.122
-0.413 0.616 -1.103
-0.420 0.578 -1.085
-0.463 0.260 -1.154
-0.433 0.541 -1.123
-0.409 0.532 -1.072
-0.209 0.254 -1.090
-0.131 0.630 -1.060
-0.357 0.707 -1.060
-0.344 0.631 -1.070
-0.322 0.659 -1.062
-0.297 0.089 -1.118
-0.073 0.652 -1.076
-0.459 0.306 -1.162
-0.449 0.305 -1.112
-0.439 0.263 -1.094
-0.403 0.300 -1.087
-0.148 0.288 -1.094
-0.192 0.325 -1.082
-0.253 0.679 -1.047
-0.092 0.504 -1.095
-0.200 0.495 -1.068
-0.144 0.457 -1.072
-0.139 0.535 -1.066
-0.463 0.126 -1.115
-0.367 0.183 -1.118
-0.424 0.168 -1.091
-0.417 0.105 -1.099
-0.364 0.118 -1.125
-0.291 0.154 -1.107
-0.469 0.200 -1.172
-0.445 0.435 -1.127
-0.421 0.341 -1.084
-0.362 0.324 -1.105
-0.392 0.398 -1.081
-0.340 0.480 -1.091
-0.348 0.428 -1.095
-0.393 0.468 -1.074
-0.392 0.600 -1.064
-0.255 0.195 -1.101
-0.460 0.197 -1.117
-0.117 0.411 -1.087
-0.142 0.359 -1.081
-0.415 0.223 -1.090
-0.362 0.250 -1.113
-0.277 0.512 -1.082
-0.275 0.457 -1.089
-0.349 0.539 -1.085
-0.312 0.221 -1.102
-0.245 0.628 -1.054
-0.328 0.574 -1.077
-0.236 0.335 -1.086
-0.328 0.358 -1.096
-0.287 0.385 -1.096
-0.238 0.401 -1.083
-0.301 0.296 -1.098
-0.221 0.573 -1.060
-0.283 0.585 -1.074
-0.191 0.417 -1.076
-0.259 0.277 -1.094
-0.392 0.712 -1.079
-0.405 0.644 -1.071
