-0.484 0.077 -1.328
-0.479 0.114 -1.316
-0.464 0.153 -1.314
-0.461 0.187 -1.305
-0.451 0.208 -1.303
-0.443 0.272 -1.287
-0.417 0.286 -1.283
-0.408 0.441 -1.246
-0.384 0.537 -1.223
-0.265 0.521 -1.271
-0.291 0.390 -1.289
-0.390 0.057 -1.349
-0.331 0.269 -1.322
-0.234 0.665 -1.263
-0.364 0.679 -1.170
-0.342 0.685 -1.186
-0.367 0.113 -1.353
-0.280 0.449 -1.274
-0.292 0.511 -1.242
-0.363 0.574 -1.215
-0.465 0.108 -1.324
-0.314 0.679 -1.188
-0.349 0.195 -1.344
-0.371 0.226 -1.321
-0.314 0.323 -1.304
-0.360 0.417 -1.249
-0.260 0.600 -1.274
-0.280 0.595 -1.237
-0.244 0.684 -1.218
-0.355 0.629 -1.201
-0.414 0.109 -1.324
-0.377 0.158 -1.335
-0.403 0.228 -1.297
-0.415 0.174 -1.308
-0.374 0.296 -1.290
-0.327 0.367 -1.279
-0.315 0.430 -1.261
-0.321 0.562 -1.215
-0.385 0.336 -1.270
-0.347 0.493 -1.229
-0.289 0.645 -1.205
-0.067 0.645 -1.126
-0.081 0.613 -1.135
-0.091 0.579 -1.134
-0.103 0.532 -1.139
-0.116 0.458 -1.136
-0.123 0.368 -1.163
-0.120 0.225 -1.161
-0.122 0.145 -1.180
-0.093 0.008 -1.224
-0.042 0.012 -1.259
-0.062 0.036 -1.239
-0.046 0.062 -1.255
-0.048 0.119 -1.256
-0.056 0.227 -1.249
-0.059 0.284 -1.248
-0.067 0.362 -1.235
-0.075 0.467 -1.232
-0.103 0.573 -1.189
-0.116 0.431 -1.173
-0.106 0.599 -1.175
-0.093 0.417 -1.210
-0.129 0.022 -1.205
-0.081 0.071 -1.230
-0.124 0.110 -1.188
-0.096 0.244 -1.219
-0.088 0.281 -1.224
-0.101 0.384 -1.205
-0.098 0.334 -1.210
-0.102 0.480 -1.197
-0.117 0.482 -1.154
-0.112 0.530 -1.167
-0.115 0.077 -1.212
-0.104 0.187 -1.214
-0.065 0.190 -1.236
-0.092 0.124 -1.225
-0.110 0.266 -1.178
-0.345 0.673 -1.107
-0.370 0.643 -1.106
-0.374 0.621 -1.116
-0.411 0.532 -1.143
-0.440 0.481 -1.166
-0.452 0.401 -1.177
-0.456 0.355 -1.181
-0.475 0.158 -1.181
-0.479 0.136 -1.197
-0.474 0.134 -1.313
-0.455 0.233 -1.296
-0.439 0.252 -1.293
-0.438 0.303 -1.280
-0.428 0.331 -1.275
-0.423 0.352 -1.269
-0.423 0.372 -1.265
-0.421 0.390 -1.260
-0.413 0.408 -1.254
-0.387 0.465 -1.240
-0.385 0.494 -1.233
-0.401 0.508 -1.225
-0.382 0.577 -1.207
-0.382 0.607 -1.187
-0.354 0.677 -1.135
-0.414 0.485 -1.213
-0.351 0.661 -1.123
-0.487 0.062 -1.226
-0.483 0.115 -1.235
-0.472 0.202 -1.263
-0.409 0.512 -1.168
-0.400 0.561 -1.171
-0.489 0.070 -1.261
-0.461 0.294 -1.238
-0.470 0.240 -1.206
-0.452 0.338 -1.239
-0.386 0.575 -1.141
-0.446 0.439 -1.182
-0.448 0.384 -1.216
-0.484 0.119 -1.284
-0.465 0.249 -1.260
-0.427 0.432 -1.233
-0.479 0.160 -1.255
-0.367 0.626 -1.143
-0.050 0.046 -1.281
-0.046 0.091 -1.258
-0.049 0.141 -1.253
-0.051 0.167 -1.254
-0.053 0.194 -1.253
-0.057 0.255 -1.248
-0.063 0.331 -1.241
-0.068 0.388 -1.242
-0.072 0.425 -1.236
-0.078 0.451 -1.225
-0.082 0.488 -1.220
-0.082 0.516 -1.219
-0.083 0.543 -1.219
-0.102 0.635 -1.178
-0.084 0.640 -1.152
-0.379 0.629 -1.175
-0.173 0.808 -1.167
-0.088 0.798 -1.175
-0.119 0.755 -1.209
-0.178 0.823 -1.148
-0.157 0.847 -1.116
-0.125 0.825 -1.132
-0.086 0.806 -1.138
-0.106 0.807 -1.168
-0.100 0.780 -1.191
-0.148 0.815 -1.155
-0.136 0.002 -1.320
-0.152 0.028 -1.324
-0.209 0.537 -1.292
-0.221 0.782 -1.183
-0.069 0.012 -1.297
-0.160 0.125 -1.321
-0.091 0.681 -1.180
-0.122 0.004 -1.314
-0.235 0.712 -1.246
-0.093 0.729 -1.214
-0.094 0.673 -1.224
-0.178 0.279 -1.308
-0.168 0.202 -1.315
-0.199 0.439 -1.298
-0.127 0.088 -1.308
-0.121 0.138 -1.300
-0.150 0.767 -1.206
-0.135 0.254 -1.291
-0.146 0.306 -1.290
-0.090 0.268 -1.277
-0.070 0.325 -1.258
-0.098 0.440 -1.260
-0.087 0.579 -1.214
-0.182 0.614 -1.268
-0.215 0.651 -1.279
-0.175 0.718 -1.242
-0.204 0.752 -1.213
-0.175 0.784 -1.185
-0.110 0.334 -1.275
-0.080 0.215 -1.280
-0.091 0.388 -1.263
-0.126 0.489 -1.262
-0.109 0.048 -1.305
-0.127 0.190 -1.295
-0.148 0.392 -1.280
-0.165 0.566 -1.264
-0.091 0.506 -1.247
-0.183 0.348 -1.301
-0.070 0.110 -1.287
-0.113 0.543 -1.252
-0.177 0.498 -1.278
-0.089 0.622 -1.213
-0.158 0.444 -1.276
-0.121 0.706 -1.230
-0.151 0.651 -1.249
-0.076 0.168 -1.283
-0.105 0.603 -1.243
-0.336 0.729 -1.201
-0.383 0.769 -1.138
-0.353 0.739 -1.188
-0.325 0.723 -1.208
-0.351 0.731 -1.163
-0.319 0.785 -1.159
-0.335 0.859 -1.096
-0.367 0.795 -1.089
-0.339 0.823 -1.128
-0.315 0.743 -1.166
-0.288 0.750 -1.138
-0.314 0.734 -1.178
-0.295 0.707 -1.176
-0.268 0.754 -1.038
-0.248 0.721 -1.044
-0.155 0.725 -1.051
-0.112 0.723 -1.061
-0.369 0.768 -1.057
-0.288 0.847 -1.131
-0.345 0.755 -1.055
-0.358 0.842 -1.062
-0.317 0.846 -1.112
-0.321 0.785 -1.045
-0.112 0.816 -1.122
-0.307 0.833 -1.059
-0.186 0.733 -1.047
-0.095 0.790 -1.082
-0.246 0.877 -1.074
-0.139 0.773 -1.052
-0.156 0.811 -1.059
-0.222 0.744 -1.044
-0.279 0.801 -1.040
-0.247 0.833 -1.056
-0.209 0.789 -1.048
-0.187 0.867 -1.073
-0.140 0.839 -1.110
-0.277 0.837 -1.085
-0.473 0.052 -1.126
-0.482 0.082 -1.189
-0.311 0.729 -1.049
-0.273 0.050 -1.134
-0.402 0.694 -1.072
-0.236 0.011 -1.153
-0.144 0.062 -1.177
-0.071 0.610 -1.101
-0.133 0.685 -1.059
-0.476 0.181 -1.215
-0.439 0.050 -1.105
-0.296 0.699 -1.050
-0.154 0.122 -1.154
-0.131 0.315 -1.144
-0.392 0.588 -1.121
-0.304 0.020 -1.139
-0.120 0.415 -1.132
-0.104 0.454 -1.096
-0.188 0.666 -1.053
-0.147 0.246 -1.113
-0.196 0.204 -1.105
-0.132 0.188 -1.151
-0.362 0.044 -1.139
-0.429 0.477 -1.090
-0.123 0.359 -1.116
-0.480 0.110 -1.189
-0.430 0.399 -1.089
-0.168 0.600 -1.059
-0.199 0.143 -1.121
-0.218 0.089 -1.132
-0.170 0.016 -1.176
-0.203 0.045 -1.152
-0.083 0.564 -1.088
-0.452 0.357 -1.125
-0.414 0.617 -1.104
-0.420 0.578 -1.087
-0.465 0.262 -1.159
-0.434 0.542 -1.124
-0.409 0.532 -1.074
-0.210 0.254 -1.095
-0.131 0.629 -1.062
-0.357 0.707 -1.061
-0.344 0.631 -1.071
-0.322 0.658 -1.063
-0.299 0.089 -1.125
-0.073 0.652 -1.077
-0.461 0.307 -1.166
-0.451 0.306 -1.117
-0.441 0.264 -1.099
-0.404 0.300 -1.092
-0.150 0.288 -1.098
-0.193 0.325 -1.087
-0.253 0.679 -1.049
-0.093 0.503 -1.097
-0.200 0.494 -1.072
-0.145 0.456 -1.075
-0.139 0.534 -1.068
-0.466 0.127 -1.121
-0.369 0.184 -1.125
-0.425 0.169 -1.098
-0.419 0.106 -1.106
-0.365 0.119 -1.132
-0.293 0.154 -1.114
-0.472 0.201 -1.177
-0.446 0.436 -1.129
-0.422 0.342 -1.088
-0.363 0.325 -1.110
-0.393 0.398 -1.085
-0.341 0.481 -1.094
-0.348 0.428 -1.099
-0.393 0.468 -1.077
-0.392 0.600 -1.065
-0.257 0.196 -1.107
-0.461 0.198 -1.123
-0.118 0.410 -1.090
-0.143 0.359 -1.085
-0.416 0.223 -1.096
-0.363 0.251 -1.119
-0.278 0.512 -1.085
-0.276 0.457 -1.093
-0.349 0.539 -1.087
-0.314 0.222 -1.109
-0.245 0.628 -1.056
-0.329 0.574 -1.079
-0.237 0.335 -1.091
-0.329 0.359 -1.101
-0.288 0.386 -1.100
-0.239 0.401 -1.087
-0.302 0.297 -1.103
-0.222 0.572 -1.063
-0.283 0.585 -1.076
-0.192 0.416 -1.080
-0.260 0.277 -1.100
-0.392 0.712 -1.079
-0.406 0.644 -1.072
