-0.490 0.080 -1.334
-0.485 0.118 -1.321
-0.470 0.156 -1.319
-0.467 0.190 -1.310
-0.456 0.212 -1.308
-0.448 0.274 -1.292
-0.422 0.288 -1.288
-0.411 0.443 -1.249
-0.386 0.538 -1.225
-0.268 0.522 -1.274
-0.295 0.392 -1.294
-0.397 0.060 -1.357
-0.336 0.271 -1.328
-0.234 0.665 -1.263
-0.364 0.680 -1.171
-0.342 0.686 -1.186
-0.374 0.116 -1.361
-0.283 0.451 -1.279
-0.295 0.513 -1.246
-0.365 0.575 -1.217
-0.471 0.112 -1.330
-0.315 0.680 -1.188
-0.355 0.198 -1.351
-0.376 0.229 -1.327
-0.319 0.325 -1.310
-0.363 0.419 -1.253
-0.263 0.602 -1.276
-0.282 0.596 -1.238
-0.244 0.683 -1.218
-0.355 0.630 -1.201
-0.420 0.112 -1.331
-0.383 0.161 -1.342
-0.408 0.231 -1.303
-0.421 0.177 -1.314
-0.379 0.299 -1.295
-0.331 0.369 -1.284
-0.319 0.432 -1.265
-0.323 0.563 -1.217
-0.389 0.338 -1.274
-0.350 0.495 -1.232
-0.290 0.646 -1.205
-0.067 0.645 -1.127
-0.081 0.613 -1.137
-0.091 0.578 -1.137
-0.103 0.531 -1.141
-0.116 0.458 -1.139
-0.123 0.368 -1.167
-0.122 0.225 -1.166
-0.124 0.145 -1.186
-0.095 0.008 -1.230
-0.045 0.013 -1.265
-0.064 0.036 -1.245
-0.048 0.063 -1.261
-0.050 0.119 -1.262
-0.057 0.227 -1.254
-0.060 0.284 -1.252
-0.068 0.363 -1.238
-0.075 0.467 -1.235
-0.103 0.573 -1.192
-0.117 0.431 -1.176
-0.106 0.599 -1.177
-0.094 0.417 -1.214
-0.131 0.022 -1.211
-0.084 0.072 -1.235
-0.126 0.110 -1.193
-0.098 0.244 -1.224
-0.089 0.281 -1.228
-0.101 0.384 -1.209
-0.099 0.334 -1.214
-0.102 0.481 -1.200
-0.117 0.482 -1.156
-0.112 0.530 -1.170
-0.117 0.078 -1.218
-0.105 0.187 -1.219
-0.067 0.190 -1.241
-0.094 0.124 -1.231
-0.111 0.266 -1.182
-0.346 0.673 -1.108
-0.371 0.643 -1.107
-0.375 0.622 -1.116
-0.412 0.532 -1.144
-0.442 0.483 -1.168
-0.454 0.402 -1.179
-0.459 0.356 -1.184
-0.478 0.159 -1.186
-0.482 0.138 -1.203
-0.480 0.137 -1.318
-0.460 0.236 -1.301
-0.444 0.255 -1.298
-0.443 0.306 -1.284
-0.433 0.333 -1.279
-0.427 0.354 -1.273
-0.427 0.375 -1.268
-0.425 0.392 -1.263
-0.416 0.410 -1.257
-0.390 0.466 -1.243
-0.388 0.496 -1.236
-0.404 0.510 -1.227
-0.383 0.578 -1.209
-0.382 0.608 -1.187
-0.354 0.677 -1.135
-0.416 0.486 -1.215
-0.352 0.662 -1.124
-0.491 0.064 -1.232
-0.488 0.118 -1.240
-0.477 0.205 -1.268
-0.411 0.513 -1.169
-0.401 0.562 -1.172
-0.494 0.073 -1.267
-0.465 0.296 -1.242
-0.474 0.242 -1.211
-0.456 0.340 -1.242
-0.387 0.576 -1.142
-0.448 0.441 -1.184
-0.451 0.386 -1.219
-0.490 0.122 -1.290
-0.469 0.252 -1.264
-0.430 0.434 -1.235
-0.484 0.162 -1.260
-0.368 0.627 -1.143
-0.052 0.046 -1.287
-0.048 0.092 -1.263
-0.050 0.141 -1.259
-0.053 0.167 -1.259
-0.054 0.194 -1.258
-0.058 0.255 -1.252
-0.064 0.331 -1.245
-0.069 0.389 -1.245
-0.072 0.425 -1.239
-0.078 0.451 -1.228
-0.082 0.488 -1.223
-0.083 0.516 -1.222
-0.083 0.544 -1.221
-0.102 0.635 -1.180
-0.084 0.639 -1.154
-0.380 0.630 -1.176
-0.173 0.808 -1.167
-0.088 0.798 -1.175
-0.119 0.755 -1.209
-0.178 0.822 -1.147
-0.157 0.847 -1.116
-0.125 0.825 -1.132
-0.086 0.806 -1.138
-0.106 0.807 -1.168
-0.100 0.780 -1.191
-0.148 0.815 -1.155
-0.138 0.003 -1.326
-0.154 0.029 -1.329
-0.209 0.538 -1.294
-0.221 0.782 -1.182
-0.072 0.012 -1.303
-0.162 0.126 -1.326
-0.091 0.681 -1.182
-0.125 0.005 -1.320
-0.235 0.712 -1.246
-0.093 0.729 -1.215
-0.094 0.673 -1.226
-0.179 0.280 -1.312
-0.170 0.203 -1.319
-0.199 0.440 -1.301
-0.129 0.089 -1.313
-0.123 0.139 -1.305
-0.150 0.767 -1.206
-0.137 0.255 -1.296
-0.147 0.307 -1.294
-0.091 0.269 -1.281
-0.071 0.325 -1.262
-0.098 0.441 -1.263
-0.087 0.579 -1.216
-0.182 0.615 -1.270
-0.215 0.652 -1.280
-0.175 0.718 -1.242
-0.204 0.752 -1.213
-0.175 0.784 -1.185
-0.110 0.335 -1.279
-0.082 0.216 -1.284
-0.091 0.389 -1.267
-0.127 0.490 -1.265
-0.111 0.049 -1.311
-0.129 0.190 -1.300
-0.149 0.393 -1.283
-0.165 0.567 -1.266
-0.091 0.506 -1.249
-0.184 0.349 -1.305
-0.071 0.111 -1.292
-0.113 0.544 -1.255
-0.177 0.499 -1.280
-0.089 0.622 -1.215
-0.158 0.445 -1.279
-0.120 0.706 -1.231
-0.151 0.652 -1.250
-0.077 0.169 -1.288
-0.105 0.603 -1.245
-0.336 0.729 -1.201
-0.383 0.769 -1.138
-0.353 0.739 -1.188
-0.325 0.723 -1.208
-0.351 0.732 -1.163
-0.319 0.785 -1.159
-0.334 0.859 -1.096
-0.367 0.795 -1.089
-0.339 0.823 -1.128
-0.315 0.744 -1.167
-0.288 0.750 -1.138
-0.314 0.734 -1.178
-0.295 0.707 -1.176
-0.268 0.754 -1.039
-0.248 0.720 -1.045
-0.156 0.725 -1.053
-0.112 0.722 -1.062
-0.369 0.768 -1.057
-0.288 0.847 -1.131
-0.345 0.755 -1.055
-0.358 0.842 -1.062
-0.317 0.846 -1.112
-0.321 0.785 -1.045
-0.112 0.816 -1.122
-0.307 0.833 -1.059
-0.186 0.732 -1.049
-0.095 0.790 -1.082
-0.246 0.877 -1.074
-0.139 0.772 -1.052
-0.156 0.811 -1.059
-0.222 0.744 -1.045
-0.279 0.801 -1.041
-0.247 0.833 -1.056
-0.208 0.788 -1.049
-0.187 0.867 -1.073
-0.140 0.839 -1.110
-0.277 0.837 -1.085
-0.475 0.053 -1.132
-0.486 0.083 -1.195
-0.311 0.729 -1.050
-0.275 0.050 -1.140
-0.402 0.694 -1.072
-0.238 0.011 -1.159
-0.146 0.063 -1.183
-0.071 0.610 -1.103
-0.133 0.685 -1.061
-0.480 0.183 -1.220
-0.441 0.051 -1.112
-0.296 0.698 -1.051
-0.156 0.122 -1.159
-0.132 0.315 -1.148
-0.393 0.589 -1.122
-0.306 0.021 -1.146
-0.121 0.415 -1.135
-0.105 0.454 -1.099
-0.188 0.665 -1.055
-0.148 0.245 -1.118
-0.198 0.204 -1.110
-0.134 0.188 -1.156
-0.364 0.045 -1.146
-0.430 0.477 -1.092
-0.124 0.359 -1.119
-0.484 0.112 -1.194
-0.431 0.399 -1.092
-0.168 0.599 -1.061
-0.201 0.143 -1.126
-0.220 0.089 -1.138
-0.173 0.016 -1.182
-0.205 0.045 -1.158
-0.083 0.563 -1.090
-0.454 0.358 -1.129
-0.414 0.617 -1.104
-0.421 0.578 -1.088
-0.468 0.263 -1.163
-0.435 0.542 -1.125
-0.410 0.532 -1.076
-0.212 0.254 -1.100
-0.131 0.629 -1.064
-0.357 0.707 -1.061
-0.345 0.631 -1.072
-0.322 0.658 -1.064
-0.302 0.089 -1.131
-0.073 0.651 -1.079
-0.464 0.309 -1.170
-0.453 0.307 -1.120
-0.442 0.264 -1.104
-0.405 0.301 -1.096
-0.151 0.288 -1.103
-0.195 0.325 -1.091
-0.253 0.678 -1.050
-0.093 0.503 -1.100
-0.201 0.494 -1.075
-0.146 0.456 -1.078
-0.140 0.534 -1.071
-0.468 0.128 -1.127
-0.371 0.184 -1.131
-0.427 0.169 -1.103
-0.421 0.107 -1.112
-0.368 0.119 -1.138
-0.295 0.155 -1.120
-0.475 0.203 -1.182
-0.448 0.437 -1.132
-0.423 0.342 -1.091
-0.365 0.325 -1.114
-0.394 0.398 -1.088
-0.342 0.481 -1.097
-0.349 0.429 -1.102
-0.394 0.469 -1.080
-0.392 0.600 -1.066
-0.259 0.196 -1.112
-0.463 0.199 -1.127
-0.119 0.410 -1.093
-0.145 0.358 -1.089
-0.418 0.224 -1.101
-0.365 0.251 -1.124
-0.279 0.512 -1.088
-0.277 0.457 -1.096
-0.350 0.540 -1.089
-0.315 0.222 -1.114
-0.245 0.628 -1.058
-0.329 0.574 -1.081
-0.238 0.335 -1.095
-0.330 0.359 -1.105
-0.290 0.386 -1.104
-0.240 0.401 -1.091
-0.304 0.297 -1.108
-0.222 0.572 -1.065
-0.284 0.585 -1.078
-0.193 0.416 -1.084
-0.262 0.278 -1.105
-0.392 0.712 -1.079
-0.406 0.644 -1.072
