-0.496 0.083 -1.339
-0.490 0.121 -1.326
-0.475 0.159 -1.323
-0.471 0.193 -1.314
-0.461 0.214 -1.312
-0.452 0.277 -1.295
-0.426 0.291 -1.292
-0.414 0.445 -1.251
-0.388 0.540 -1.226
-0.272 0.524 -1.278
-0.299 0.394 -1.299
-0.403 0.063 -1.363
-0.341 0.274 -1.333
-0.234 0.665 -1.263
-0.365 0.681 -1.171
-0.343 0.687 -1.187
-0.379 0.119 -1.367
-0.287 0.453 -1.283
-0.297 0.514 -1.249
-0.367 0.576 -1.218
-0.476 0.115 -1.335
-0.315 0.680 -1.188
-0.360 0.201 -1.357
-0.381 0.232 -1.332
-0.323 0.327 -1.315
-0.366 0.421 -1.256
-0.266 0.604 -1.278
-0.283 0.597 -1.240
-0.244 0.683 -1.218
-0.356 0.631 -1.202
-0.425 0.115 -1.337
-0.389 0.164 -1.348
-0.413 0.234 -1.307
-0.426 0.180 -1.319
-0.383 0.301 -1.299
-0.335 0.371 -1.288
-0.322 0.434 -1.269
-0.325 0.564 -1.219
-0.393 0.340 -1.278
-0.352 0.496 -1.235
-0.291 0.646 -1.206
-0.067 0.645 -1.129
-0.082 0.612 -1.138
-0.091 0.578 -1.139
-0.103 0.531 -1.144
-0.117 0.458 -1.141
-0.125 0.368 -1.171
-0.124 0.225 -1.170
-0.126 0.145 -1.191
-0.098 0.008 -1.236
-0.048 0.013 -1.271
-0.067 0.036 -1.250
-0.051 0.063 -1.267
-0.053 0.119 -1.267
-0.059 0.227 -1.258
-0.062 0.284 -1.256
-0.069 0.363 -1.242
-0.076 0.467 -1.238
-0.103 0.573 -1.194
-0.117 0.431 -1.179
-0.106 0.599 -1.180
-0.095 0.418 -1.217
-0.134 0.022 -1.217
-0.086 0.072 -1.241
-0.128 0.111 -1.198
-0.100 0.244 -1.228
-0.091 0.281 -1.232
-0.102 0.385 -1.212
-0.100 0.334 -1.218
-0.103 0.481 -1.203
-0.117 0.482 -1.159
-0.112 0.530 -1.172
-0.120 0.078 -1.223
-0.107 0.187 -1.223
-0.069 0.190 -1.246
-0.096 0.124 -1.236
-0.113 0.266 -1.186
-0.346 0.674 -1.108
-0.371 0.644 -1.108
-0.376 0.622 -1.117
-0.413 0.533 -1.145
-0.443 0.484 -1.169
-0.456 0.404 -1.182
-0.461 0.358 -1.186
-0.481 0.161 -1.190
-0.485 0.140 -1.207
-0.485 0.140 -1.322
-0.464 0.239 -1.305
-0.449 0.257 -1.302
-0.447 0.308 -1.287
-0.436 0.336 -1.282
-0.431 0.357 -1.276
-0.430 0.377 -1.271
-0.428 0.394 -1.266
-0.419 0.412 -1.260
-0.393 0.468 -1.245
-0.390 0.498 -1.238
-0.406 0.511 -1.229
-0.385 0.579 -1.210
-0.383 0.609 -1.188
-0.355 0.678 -1.136
-0.418 0.488 -1.217
-0.352 0.662 -1.124
-0.495 0.067 -1.236
-0.492 0.120 -1.245
-0.481 0.207 -1.272
-0.412 0.514 -1.171
-0.402 0.563 -1.173
-0.498 0.075 -1.272
-0.468 0.298 -1.245
-0.477 0.244 -1.214
-0.459 0.342 -1.245
-0.388 0.576 -1.143
-0.450 0.442 -1.186
-0.453 0.388 -1.221
-0.494 0.124 -1.294
-0.473 0.254 -1.268
-0.433 0.436 -1.238
-0.488 0.165 -1.264
-0.369 0.627 -1.144
-0.055 0.047 -1.293
-0.051 0.092 -1.269
-0.053 0.141 -1.264
-0.055 0.168 -1.264
-0.056 0.194 -1.262
-0.060 0.255 -1.257
-0.065 0.332 -1.248
-0.070 0.389 -1.248
-0.073 0.426 -1.242
-0.079 0.451 -1.230
-0.082 0.488 -1.226
-0.083 0.516 -1.224
-0.083 0.544 -1.224
-0.102 0.635 -1.182
-0.084 0.639 -1.155
-0.381 0.631 -1.176
-0.173 0.808 -1.167
-0.088 0.798 -1.175
-0.119 0.755 -1.209
-0.178 0.822 -1.147
-0.157 0.847 -1.116
-0.125 0.825 -1.132
-0.086 0.807 -1.138
-0.106 0.807 -1.168
-0.100 0.779 -1.191
-0.148 0.815 -1.155
-0.142 0.004 -1.331
-0.157 0.030 -1.334
-0.209 0.539 -1.296
-0.221 0.782 -1.182
-0.075 0.013 -1.309
-0.165 0.127 -1.330
-0.091 0.681 -1.183
-0.128 0.006 -1.326
-0.235 0.712 -1.246
-0.093 0.730 -1.216
-0.094 0.673 -1.227
-0.181 0.282 -1.316
-0.172 0.204 -1.323
-0.200 0.441 -1.303
-0.132 0.090 -1.318
-0.125 0.140 -1.310
-0.150 0.767 -1.206
-0.139 0.255 -1.300
-0.149 0.308 -1.297
-0.093 0.269 -1.285
-0.072 0.325 -1.266
-0.099 0.441 -1.266
-0.087 0.579 -1.218
-0.182 0.616 -1.271
-0.215 0.653 -1.281
-0.175 0.718 -1.243
-0.204 0.752 -1.213
-0.175 0.784 -1.185
-0.112 0.335 -1.283
-0.084 0.216 -1.289
-0.092 0.389 -1.270
-0.127 0.491 -1.267
-0.115 0.050 -1.316
-0.131 0.191 -1.305
-0.150 0.394 -1.286
-0.165 0.568 -1.268
-0.091 0.507 -1.252
-0.185 0.351 -1.308
-0.074 0.111 -1.297
-0.113 0.545 -1.257
-0.177 0.500 -1.283
-0.089 0.622 -1.217
-0.159 0.446 -1.281
-0.120 0.707 -1.232
-0.151 0.652 -1.252
-0.080 0.169 -1.293
-0.105 0.604 -1.247
-0.336 0.729 -1.201
-0.383 0.769 -1.138
-0.353 0.739 -1.188
-0.325 0.723 -1.208
-0.352 0.732 -1.163
-0.318 0.785 -1.158
-0.334 0.859 -1.096
-0.367 0.795 -1.089
-0.339 0.823 -1.128
-0.315 0.744 -1.167
-0.288 0.750 -1.138
-0.314 0.734 -1.178
-0.295 0.707 -1.177
-0.268 0.753 -1.039
-0.248 0.720 -1.045
-0.156 0.725 -1.053
-0.112 0.722 -1.063
-0.369 0.768 -1.057
-0.288 0.847 -1.131
-0.345 0.755 -1.055
-0.358 0.842 -1.062
-0.317 0.846 -1.112
-0.321 0.785 -1.045
-0.112 0.816 -1.122
-0.307 0.833 -1.059
-0.186 0.732 -1.049
-0.095 0.790 -1.082
-0.246 0.877 -1.074
-0.139 0.772 -1.053
-0.156 0.811 -1.059
-0.222 0.743 -1.045
-0.279 0.801 -1.041
-0.247 0.833 -1.056
-0.208 0.788 -1.049
-0.187 0.867 -1.073
-0.140 0.839 -1.110
-0.277 0.837 -1.085
-0.478 0.054 -1.137
-0.489 0.085 -1.200
-0.311 0.729 -1.050
-0.278 0.051 -1.146
-0.402 0.695 -1.072
-0.241 0.011 -1.165
-0.149 0.063 -1.188
-0.071 0.609 -1.104
-0.133 0.685 -1.062
-0.483 0.185 -1.224
-0.443 0.051 -1.117
-0.296 0.698 -1.051
-0.158 0.122 -1.164
-0.133 0.315 -1.151
-0.393 0.590 -1.123
-0.308 0.021 -1.151
-0.122 0.415 -1.138
-0.106 0.453 -1.102
-0.189 0.665 -1.056
-0.150 0.245 -1.122
-0.200 0.204 -1.115
-0.136 0.188 -1.161
-0.367 0.046 -1.151
-0.431 0.478 -1.094
-0.125 0.358 -1.123
-0.487 0.114 -1.199
-0.432 0.400 -1.095
-0.168 0.599 -1.063
-0.203 0.143 -1.131
-0.223 0.089 -1.143
-0.175 0.016 -1.188
-0.207 0.046 -1.163
-0.084 0.563 -1.092
-0.455 0.359 -1.131
-0.415 0.618 -1.105
-0.422 0.579 -1.088
-0.470 0.265 -1.166
-0.436 0.543 -1.126
-0.410 0.532 -1.077
-0.214 0.254 -1.104
-0.131 0.629 -1.066
-0.357 0.707 -1.061
-0.345 0.631 -1.072
-0.322 0.658 -1.065
-0.304 0.090 -1.136
-0.073 0.651 -1.081
-0.466 0.310 -1.173
-0.454 0.308 -1.123
-0.444 0.265 -1.107
-0.407 0.301 -1.100
-0.153 0.288 -1.107
-0.196 0.324 -1.095
-0.254 0.678 -1.051
-0.094 0.502 -1.102
-0.202 0.494 -1.077
-0.147 0.456 -1.081
-0.140 0.533 -1.073
-0.470 0.129 -1.131
-0.373 0.185 -1.135
-0.429 0.170 -1.108
-0.423 0.107 -1.118
-0.370 0.120 -1.143
-0.297 0.155 -1.125
-0.478 0.204 -1.185
-0.449 0.438 -1.134
-0.424 0.343 -1.095
-0.366 0.326 -1.118
-0.395 0.399 -1.091
-0.343 0.481 -1.099
-0.351 0.429 -1.105
-0.395 0.469 -1.082
-0.393 0.600 -1.067
-0.261 0.196 -1.117
-0.465 0.200 -1.132
-0.120 0.409 -1.097
-0.146 0.358 -1.093
-0.420 0.224 -1.105
-0.366 0.252 -1.129
-0.279 0.512 -1.090
-0.278 0.457 -1.099
-0.351 0.540 -1.091
-0.317 0.222 -1.118
-0.246 0.628 -1.060
-0.330 0.574 -1.082
-0.240 0.335 -1.099
-0.332 0.360 -1.109
-0.291 0.386 -1.108
-0.241 0.401 -1.095
-0.305 0.297 -1.112
-0.223 0.572 -1.067
-0.284 0.585 -1.079
-0.194 0.416 -1.087
-0.263 0.278 -1.109
-0.392 0.712 -1.079
-0.406 0.644 -1.072
