-0.500 0.086 -1.342
-0.494 0.123 -1.329
-0.479 0.161 -1.327
-0.475 0.195 -1.317
-0.464 0.216 -1.315
-0.456 0.279 -1.298
-0.429 0.293 -1.295
-0.416 0.446 -1.253
-0.389 0.541 -1.227
-0.274 0.526 -1.281
-0.302 0.396 -1.303
-0.408 0.065 -1.368
-0.345 0.276 -1.338
-0.234 0.665 -1.263
-0.365 0.681 -1.171
-0.343 0.687 -1.187
-0.384 0.121 -1.372
-0.290 0.454 -1.287
-0.299 0.515 -1.252
-0.368 0.577 -1.219
-0.480 0.117 -1.338
-0.316 0.681 -1.189
-0.365 0.204 -1.361
-0.385 0.234 -1.336
-0.327 0.329 -1.319
-0.369 0.422 -1.259
-0.268 0.606 -1.279
-0.285 0.598 -1.241
-0.244 0.683 -1.218
-0.357 0.632 -1.203
-0.429 0.118 -1.341
-0.393 0.166 -1.352
-0.416 0.236 -1.311
-0.430 0.182 -1.322
-0.386 0.303 -1.303
-0.338 0.373 -1.292
-0.325 0.436 -1.273
-0.326 0.564 -1.220
-0.396 0.342 -1.281
-0.354 0.497 -1.237
-0.292 0.646 -1.207
-0.068 0.645 -1.130
-0.082 0.612 -1.140
-0.091 0.578 -1.141
-0.104 0.531 -1.146
-0.118 0.458 -1.144
-0.126 0.368 -1.174
-0.126 0.225 -1.174
-0.128 0.146 -1.195
-0.101 0.008 -1.241
-0.051 0.013 -1.277
-0.070 0.036 -1.256
-0.054 0.063 -1.272
-0.056 0.119 -1.272
-0.061 0.228 -1.262
-0.064 0.285 -1.260
-0.071 0.363 -1.245
-0.077 0.467 -1.240
-0.104 0.573 -1.196
-0.118 0.431 -1.181
-0.106 0.599 -1.181
-0.096 0.418 -1.220
-0.137 0.023 -1.222
-0.089 0.072 -1.246
-0.131 0.111 -1.203
-0.102 0.244 -1.232
-0.092 0.281 -1.236
-0.104 0.385 -1.215
-0.101 0.334 -1.221
-0.103 0.481 -1.205
-0.118 0.482 -1.162
-0.113 0.530 -1.174
-0.123 0.078 -1.228
-0.110 0.187 -1.227
-0.071 0.190 -1.250
-0.099 0.124 -1.241
-0.115 0.266 -1.190
-0.347 0.674 -1.109
-0.371 0.644 -1.108
-0.376 0.623 -1.118
-0.414 0.534 -1.146
-0.445 0.485 -1.171
-0.458 0.405 -1.183
-0.463 0.359 -1.188
-0.484 0.162 -1.194
-0.488 0.141 -1.210
-0.489 0.143 -1.326
-0.468 0.241 -1.307
-0.452 0.259 -1.305
-0.450 0.310 -1.290
-0.439 0.338 -1.284
-0.434 0.358 -1.279
-0.433 0.379 -1.274
-0.431 0.396 -1.268
-0.422 0.414 -1.262
-0.395 0.470 -1.247
-0.392 0.499 -1.239
-0.407 0.513 -1.230
-0.386 0.580 -1.210
-0.384 0.610 -1.188
-0.355 0.678 -1.136
-0.420 0.489 -1.218
-0.353 0.662 -1.125
-0.498 0.068 -1.240
-0.495 0.122 -1.248
-0.484 0.209 -1.275
-0.413 0.515 -1.172
-0.403 0.564 -1.174
-0.502 0.077 -1.276
-0.471 0.300 -1.247
-0.479 0.246 -1.217
-0.462 0.344 -1.247
-0.389 0.577 -1.144
-0.451 0.444 -1.188
-0.456 0.390 -1.223
-0.498 0.126 -1.298
-0.476 0.256 -1.270
-0.435 0.438 -1.239
-0.491 0.167 -1.267
-0.370 0.628 -1.144
-0.058 0.047 -1.298
-0.054 0.092 -1.274
-0.056 0.141 -1.269
-0.058 0.168 -1.269
-0.059 0.195 -1.267
-0.062 0.255 -1.261
-0.067 0.332 -1.252
-0.071 0.389 -1.251
-0.074 0.426 -1.245
-0.080 0.452 -1.233
-0.083 0.489 -1.228
-0.083 0.517 -1.227
-0.084 0.544 -1.226
-0.102 0.635 -1.184
-0.085 0.639 -1.157
-0.382 0.632 -1.176
-0.173 0.808 -1.167
-0.088 0.798 -1.175
-0.119 0.755 -1.210
-0.178 0.822 -1.147
-0.157 0.847 -1.116
-0.125 0.825 -1.132
-0.086 0.807 -1.138
-0.106 0.807 -1.168
-0.100 0.779 -1.191
-0.148 0.815 -1.155
-0.146 0.005 -1.336
-0.161 0.031 -1.339
-0.210 0.540 -1.298
-0.221 0.782 -1.182
-0.079 0.014 -1.314
-0.169 0.129 -1.334
-0.091 0.681 -1.185
-0.132 0.007 -1.331
-0.235 0.712 -1.246
-0.093 0.730 -1.217
-0.094 0.674 -1.229
-0.183 0.283 -1.319
-0.175 0.206 -1.327
-0.201 0.443 -1.306
-0.136 0.091 -1.322
-0.129 0.141 -1.314
-0.150 0.767 -1.206
-0.141 0.256 -1.303
-0.151 0.309 -1.301
-0.095 0.270 -1.289
-0.074 0.326 -1.270
-0.100 0.442 -1.268
-0.087 0.579 -1.220
-0.182 0.617 -1.273
-0.215 0.654 -1.282
-0.175 0.719 -1.243
-0.204 0.752 -1.213
-0.175 0.784 -1.185
-0.114 0.336 -1.286
-0.086 0.217 -1.293
-0.094 0.390 -1.273
-0.128 0.491 -1.270
-0.118 0.051 -1.321
-0.134 0.192 -1.308
-0.151 0.395 -1.289
-0.166 0.569 -1.270
-0.092 0.507 -1.254
-0.187 0.352 -1.311
-0.078 0.112 -1.302
-0.113 0.545 -1.259
-0.178 0.501 -1.285
-0.089 0.623 -1.219
-0.160 0.447 -1.284
-0.120 0.707 -1.233
-0.151 0.653 -1.253
-0.083 0.170 -1.297
-0.105 0.604 -1.249
-0.336 0.729 -1.201
-0.383 0.769 -1.138
-0.353 0.739 -1.188
-0.325 0.723 -1.208
-0.352 0.733 -1.163
-0.318 0.786 -1.158
-0.334 0.859 -1.096
-0.367 0.795 -1.089
-0.338 0.823 -1.128
-0.315 0.744 -1.167
-0.288 0.750 -1.138
-0.314 0.734 -1.178
-0.295 0.708 -1.177
-0.268 0.753 -1.039
-0.248 0.720 -1.046
-0.156 0.724 -1.054
-0.112 0.722 -1.064
-0.369 0.769 -1.057
-0.288 0.848 -1.131
-0.345 0.755 -1.055
-0.358 0.842 -1.062
-0.317 0.846 -1.112
-0.321 0.785 -1.045
-0.112 0.816 -1.122
-0.307 0.833 -1.059
-0.187 0.732 -1.050
-0.095 0.790 -1.082
-0.246 0.877 -1.074
-0.139 0.772 -1.053
-0.156 0.811 -1.059
-0.222 0.743 -1.046
-0.279 0.801 -1.041
-0.247 0.832 -1.056
-0.208 0.788 -1.049
-0.187 0.867 -1.073
-0.140 0.839 -1.110
-0.277 0.837 -1.085
-0.480 0.055 -1.141
-0.492 0.087 -1.203
-0.311 0.729 -1.050
-0.280 0.051 -1.150
-0.402 0.695 -1.072
-0.243 0.012 -1.169
-0.151 0.063 -1.193
-0.072 0.609 -1.106
-0.133 0.684 -1.063
-0.486 0.186 -1.227
-0.446 0.052 -1.121
-0.296 0.698 -1.052
-0.160 0.122 -1.169
-0.135 0.315 -1.155
-0.394 0.590 -1.123
-0.311 0.022 -1.156
-0.123 0.415 -1.141
-0.106 0.453 -1.104
-0.189 0.665 -1.057
-0.152 0.245 -1.125
-0.202 0.204 -1.119
-0.138 0.188 -1.165
-0.369 0.046 -1.156
-0.432 0.478 -1.095
-0.126 0.358 -1.126
-0.489 0.115 -1.202
-0.433 0.400 -1.097
-0.169 0.599 -1.065
-0.205 0.143 -1.135
-0.225 0.089 -1.147
-0.178 0.017 -1.193
-0.210 0.046 -1.168
-0.084 0.562 -1.094
-0.457 0.360 -1.133
-0.416 0.618 -1.105
-0.422 0.579 -1.089
-0.472 0.266 -1.169
-0.437 0.544 -1.127
-0.411 0.532 -1.078
-0.215 0.254 -1.108
-0.132 0.628 -1.067
-0.357 0.707 -1.061
-0.345 0.631 -1.073
-0.323 0.658 -1.065
-0.306 0.090 -1.140
-0.074 0.650 -1.082
-0.468 0.311 -1.175
-0.456 0.309 -1.126
-0.445 0.266 -1.110
-0.408 0.302 -1.103
-0.154 0.287 -1.110
-0.198 0.324 -1.098
-0.254 0.678 -1.052
-0.095 0.502 -1.105
-0.203 0.494 -1.079
-0.148 0.455 -1.084
-0.141 0.533 -1.076
-0.472 0.130 -1.135
-0.375 0.186 -1.139
-0.431 0.171 -1.111
-0.425 0.108 -1.121
-0.372 0.121 -1.147
-0.299 0.155 -1.129
-0.480 0.206 -1.188
-0.450 0.438 -1.135
-0.426 0.343 -1.097
-0.368 0.327 -1.121
-0.396 0.399 -1.093
-0.343 0.482 -1.101
-0.352 0.429 -1.107
-0.396 0.469 -1.083
-0.393 0.600 -1.067
-0.263 0.196 -1.120
-0.467 0.201 -1.135
-0.121 0.409 -1.099
-0.147 0.358 -1.096
-0.421 0.225 -1.108
-0.368 0.253 -1.132
-0.280 0.512 -1.092
-0.279 0.457 -1.101
-0.352 0.540 -1.092
-0.319 0.223 -1.122
-0.246 0.628 -1.061
-0.330 0.574 -1.083
-0.241 0.335 -1.102
-0.333 0.360 -1.112
-0.292 0.386 -1.110
-0.242 0.401 -1.097
-0.307 0.298 -1.115
-0.223 0.572 -1.069
-0.285 0.585 -1.081
-0.195 0.416 -1.090
-0.265 0.278 -1.112
-0.392 0.712 -1.079
-0.406 0.644 -1.073
