-0.503 0.088 -1.345
-0.497 0.125 -1.331
-0.482 0.163 -1.329
-0.478 0.197 -1.320
-0.467 0.218 -1.317
-0.458 0.281 -1.300
-0.432 0.294 -1.297
-0.418 0.448 -1.255
-0.391 0.542 -1.228
-0.276 0.526 -1.282
-0.305 0.397 -1.306
-0.411 0.067 -1.371
-0.348 0.278 -1.341
-0.234 0.665 -1.263
-0.365 0.682 -1.171
-0.343 0.688 -1.187
-0.387 0.123 -1.375
-0.292 0.455 -1.289
-0.301 0.516 -1.253
-0.369 0.578 -1.220
-0.484 0.119 -1.341
-0.316 0.681 -1.189
-0.368 0.206 -1.364
-0.388 0.236 -1.339
-0.329 0.331 -1.322
-0.371 0.424 -1.261
-0.269 0.606 -1.280
-0.285 0.598 -1.242
-0.244 0.683 -1.218
-0.358 0.632 -1.203
-0.433 0.119 -1.344
-0.396 0.168 -1.355
-0.419 0.238 -1.314
-0.433 0.184 -1.325
-0.389 0.305 -1.306
-0.341 0.375 -1.295
-0.327 0.437 -1.275
-0.327 0.565 -1.221
-0.398 0.344 -1.283
-0.356 0.498 -1.238
-0.292 0.647 -1.207
-0.068 0.644 -1.132
-0.082 0.612 -1.142
-0.092 0.578 -1.143
-0.104 0.531 -1.148
-0.118 0.458 -1.146
-0.127 0.368 -1.176
-0.128 0.225 -1.178
-0.131 0.146 -1.199
-0.105 0.009 -1.246
-0.055 0.014 -1.282
-0.073 0.037 -1.261
-0.058 0.063 -1.277
-0.059 0.120 -1.277
-0.064 0.228 -1.266
-0.066 0.285 -1.264
-0.072 0.363 -1.248
-0.078 0.467 -1.243
-0.104 0.573 -1.198
-0.119 0.431 -1.184
-0.107 0.599 -1.183
-0.097 0.418 -1.222
-0.140 0.023 -1.226
-0.092 0.072 -1.250
-0.133 0.111 -1.207
-0.104 0.245 -1.235
-0.095 0.282 -1.239
-0.105 0.385 -1.218
-0.103 0.334 -1.224
-0.104 0.481 -1.208
-0.119 0.482 -1.164
-0.113 0.530 -1.176
-0.125 0.078 -1.232
-0.112 0.188 -1.231
-0.074 0.190 -1.254
-0.102 0.125 -1.245
-0.116 0.266 -1.193
-0.347 0.674 -1.109
-0.372 0.644 -1.108
-0.377 0.623 -1.118
-0.415 0.535 -1.147
-0.446 0.486 -1.172
-0.459 0.406 -1.185
-0.465 0.360 -1.190
-0.486 0.164 -1.196
-0.490 0.143 -1.213
-0.492 0.144 -1.328
-0.471 0.242 -1.310
-0.455 0.261 -1.307
-0.453 0.312 -1.292
-0.442 0.339 -1.286
-0.436 0.360 -1.280
-0.435 0.380 -1.275
-0.433 0.398 -1.269
-0.424 0.416 -1.264
-0.397 0.471 -1.248
-0.394 0.500 -1.241
-0.409 0.514 -1.231
-0.387 0.581 -1.211
-0.384 0.611 -1.189
-0.355 0.679 -1.136
-0.421 0.490 -1.219
-0.353 0.663 -1.125
-0.501 0.070 -1.243
-0.497 0.123 -1.251
-0.487 0.211 -1.277
-0.415 0.516 -1.173
-0.404 0.565 -1.175
-0.505 0.079 -1.278
-0.473 0.302 -1.249
-0.482 0.247 -1.219
-0.464 0.345 -1.248
-0.390 0.578 -1.144
-0.453 0.445 -1.189
-0.458 0.391 -1.224
-0.501 0.128 -1.300
-0.478 0.258 -1.272
-0.437 0.439 -1.240
-0.494 0.168 -1.269
-0.370 0.628 -1.145
-0.062 0.047 -1.303
-0.057 0.092 -1.279
-0.059 0.142 -1.273
-0.060 0.168 -1.273
-0.062 0.195 -1.271
-0.064 0.255 -1.264
-0.069 0.332 -1.255
-0.073 0.389 -1.254
-0.075 0.426 -1.248
-0.081 0.452 -1.236
-0.084 0.489 -1.231
-0.084 0.517 -1.229
-0.084 0.544 -1.228
-0.102 0.635 -1.185
-0.085 0.639 -1.159
-0.382 0.633 -1.177
-0.173 0.807 -1.167
-0.088 0.798 -1.175
-0.119 0.756 -1.210
-0.178 0.822 -1.147
-0.157 0.847 -1.116
-0.125 0.825 -1.132
-0.086 0.807 -1.138
-0.106 0.807 -1.168
-0.100 0.779 -1.191
-0.148 0.815 -1.155
-0.151 0.006 -1.340
-0.166 0.033 -1.343
-0.210 0.541 -1.300
-0.221 0.782 -1.182
-0.083 0.014 -1.319
-0.172 0.130 -1.338
-0.091 0.681 -1.186
-0.137 0.008 -1.335
-0.235 0.712 -1.246
-0.093 0.730 -1.217
-0.094 0.674 -1.230
-0.186 0.284 -1.322
-0.178 0.207 -1.330
-0.203 0.444 -1.308
-0.140 0.092 -1.326
-0.132 0.141 -1.318
-0.150 0.767 -1.207
-0.144 0.257 -1.306
-0.153 0.310 -1.303
-0.098 0.271 -1.292
-0.076 0.326 -1.273
-0.101 0.442 -1.271
-0.088 0.579 -1.222
-0.182 0.618 -1.274
-0.215 0.655 -1.284
-0.175 0.719 -1.244
-0.204 0.752 -1.213
-0.175 0.784 -1.185
-0.116 0.337 -1.289
-0.089 0.218 -1.297
-0.095 0.390 -1.276
-0.129 0.492 -1.272
-0.122 0.052 -1.325
-0.137 0.193 -1.312
-0.153 0.396 -1.291
-0.166 0.570 -1.272
-0.093 0.508 -1.257
-0.189 0.353 -1.313
-0.081 0.112 -1.307
-0.114 0.546 -1.261
-0.179 0.502 -1.287
-0.089 0.623 -1.221
-0.161 0.448 -1.286
-0.120 0.707 -1.234
-0.151 0.654 -1.255
-0.086 0.171 -1.301
-0.106 0.605 -1.251
-0.336 0.729 -1.201
-0.383 0.769 -1.138
-0.353 0.739 -1.188
-0.325 0.723 -1.208
-0.352 0.733 -1.163
-0.318 0.786 -1.158
-0.334 0.859 -1.096
-0.367 0.795 -1.089
-0.338 0.823 -1.128
-0.315 0.745 -1.167
-0.288 0.750 -1.138
-0.314 0.734 -1.178
-0.296 0.708 -1.177
-0.268 0.753 -1.039
-0.248 0.720 -1.046
-0.156 0.724 -1.055
-0.112 0.722 -1.064
-0.369 0.769 -1.057
-0.288 0.848 -1.131
-0.345 0.755 -1.055
-0.358 0.842 -1.062
-0.317 0.846 -1.112
-0.321 0.785 -1.045
-0.112 0.816 -1.122
-0.307 0.833 -1.059
-0.187 0.732 -1.051
-0.095 0.790 -1.082
-0.246 0.877 -1.074
-0.139 0.772 -1.053
-0.156 0.812 -1.059
-0.222 0.743 -1.046
-0.279 0.801 -1.041
-0.247 0.832 -1.056
-0.208 0.788 -1.050
-0.187 0.867 -1.073
-0.140 0.839 -1.110
-0.277 0.837 -1.085
-0.483 0.056 -1.144
-0.494 0.088 -1.206
-0.311 0.729 -1.050
-0.282 0.051 -1.153
-0.402 0.695 -1.072
-0.246 0.012 -1.173
-0.154 0.063 -1.197
-0.072 0.609 -1.108
-0.134 0.684 -1.063
-0.488 0.188 -1.229
-0.448 0.053 -1.124
-0.296 0.698 -1.052
-0.163 0.123 -1.172
-0.136 0.315 -1.158
-0.395 0.591 -1.124
-0.313 0.022 -1.159
-0.124 0.415 -1.144
-0.107 0.453 -1.107
-0.189 0.665 -1.059
-0.153 0.245 -1.129
-0.203 0.204 -1.122
-0.140 0.188 -1.168
-0.371 0.047 -1.159
-0.433 0.479 -1.096
-0.127 0.358 -1.129
-0.492 0.116 -1.205
-0.434 0.401 -1.098
-0.169 0.599 -1.066
-0.207 0.143 -1.138
-0.227 0.090 -1.150
-0.181 0.017 -1.197
-0.212 0.046 -1.171
-0.085 0.562 -1.096
-0.458 0.361 -1.135
-0.416 0.619 -1.106
-0.423 0.580 -1.090
-0.474 0.267 -1.171
-0.438 0.545 -1.128
-0.412 0.533 -1.079
-0.217 0.254 -1.111
-0.132 0.628 -1.069
-0.357 0.707 -1.061
-0.346 0.632 -1.073
-0.323 0.658 -1.065
-0.308 0.091 -1.143
-0.074 0.650 -1.084
-0.470 0.312 -1.177
-0.457 0.309 -1.128
-0.447 0.266 -1.112
-0.409 0.302 -1.105
-0.156 0.287 -1.113
-0.199 0.324 -1.101
-0.254 0.678 -1.053
-0.095 0.502 -1.107
-0.203 0.494 -1.081
-0.148 0.455 -1.086
-0.142 0.533 -1.077
-0.474 0.131 -1.137
-0.376 0.186 -1.142
-0.432 0.171 -1.114
-0.427 0.109 -1.124
-0.374 0.122 -1.150
-0.301 0.156 -1.131
-0.482 0.207 -1.191
-0.451 0.439 -1.136
-0.427 0.344 -1.099
-0.369 0.327 -1.123
-0.397 0.400 -1.095
-0.344 0.482 -1.102
-0.352 0.430 -1.109
-0.397 0.470 -1.085
-0.394 0.600 -1.068
-0.264 0.196 -1.123
-0.469 0.202 -1.137
-0.122 0.409 -1.102
-0.148 0.357 -1.099
-0.423 0.226 -1.110
-0.370 0.253 -1.134
-0.281 0.512 -1.093
-0.280 0.458 -1.102
-0.352 0.541 -1.093
-0.321 0.223 -1.124
-0.246 0.628 -1.062
-0.331 0.574 -1.084
-0.242 0.335 -1.104
-0.334 0.360 -1.113
-0.293 0.387 -1.112
-0.243 0.401 -1.099
-0.308 0.298 -1.118
-0.224 0.572 -1.070
-0.285 0.586 -1.081
-0.196 0.416 -1.092
-0.266 0.278 -1.115
-0.392 0.712 -1.079
-0.407 0.644 -1.073
