-0.506 0.089 -1.346
-0.500 0.126 -1.333
-0.485 0.164 -1.330
-0.480 0.198 -1.321
-0.470 0.219 -1.318
-0.460 0.282 -1.301
-0.434 0.295 -1.298
-0.419 0.449 -1.255
-0.391 0.543 -1.229
-0.276 0.527 -1.283
-0.306 0.398 -1.307
-0.414 0.069 -1.373
-0.350 0.279 -1.343
-0.234 0.665 -1.263
-0.366 0.682 -1.171
-0.343 0.688 -1.187
-0.390 0.125 -1.377
-0.293 0.456 -1.290
-0.302 0.516 -1.254
-0.369 0.579 -1.221
-0.486 0.120 -1.342
-0.316 0.681 -1.189
-0.370 0.207 -1.366
-0.391 0.237 -1.341
-0.331 0.332 -1.323
-0.372 0.424 -1.262
-0.269 0.607 -1.280
-0.286 0.598 -1.242
-0.244 0.683 -1.218
-0.358 0.633 -1.203
-0.435 0.121 -1.346
-0.399 0.169 -1.357
-0.421 0.239 -1.315
-0.435 0.185 -1.327
-0.391 0.306 -1.307
-0.342 0.375 -1.296
-0.328 0.437 -1.276
-0.328 0.565 -1.222
-0.400 0.345 -1.285
-0.357 0.499 -1.239
-0.292 0.647 -1.207
-0.068 0.644 -1.133
-0.082 0.612 -1.143
-0.092 0.578 -1.144
-0.105 0.531 -1.150
-0.119 0.458 -1.148
-0.128 0.369 -1.179
-0.130 0.225 -1.180
-0.133 0.146 -1.202
-0.108 0.009 -1.250
-0.059 0.014 -1.287
-0.077 0.037 -1.265
-0.061 0.064 -1.282
-0.062 0.120 -1.281
-0.066 0.228 -1.270
-0.068 0.285 -1.267
-0.074 0.363 -1.251
-0.079 0.468 -1.245
-0.104 0.573 -1.199
-0.120 0.432 -1.186
-0.107 0.599 -1.185
-0.098 0.418 -1.225
-0.142 0.023 -1.230
-0.095 0.073 -1.254
-0.136 0.111 -1.210
-0.106 0.245 -1.238
-0.097 0.282 -1.242
-0.106 0.385 -1.220
-0.105 0.335 -1.227
-0.105 0.481 -1.210
-0.120 0.482 -1.166
-0.114 0.530 -1.178
-0.128 0.079 -1.236
-0.115 0.188 -1.234
-0.077 0.191 -1.258
-0.104 0.125 -1.248
-0.118 0.266 -1.196
-0.347 0.674 -1.109
-0.372 0.644 -1.108
-0.377 0.623 -1.118
-0.416 0.535 -1.148
-0.447 0.487 -1.172
-0.461 0.407 -1.185
-0.466 0.361 -1.191
-0.488 0.165 -1.197
-0.492 0.144 -1.214
-0.495 0.146 -1.329
-0.473 0.244 -1.311
-0.457 0.262 -1.308
-0.455 0.313 -1.293
-0.444 0.340 -1.287
-0.438 0.361 -1.281
-0.437 0.381 -1.276
-0.435 0.399 -1.270
-0.425 0.417 -1.264
-0.398 0.472 -1.249
-0.395 0.501 -1.241
-0.410 0.515 -1.232
-0.387 0.582 -1.211
-0.385 0.611 -1.189
-0.355 0.679 -1.136
-0.422 0.491 -1.220
-0.353 0.663 -1.125
-0.503 0.071 -1.244
-0.500 0.124 -1.252
-0.489 0.212 -1.278
-0.415 0.517 -1.174
-0.405 0.566 -1.175
-0.507 0.080 -1.280
-0.475 0.303 -1.250
-0.483 0.248 -1.220
-0.465 0.346 -1.249
-0.390 0.578 -1.145
-0.454 0.446 -1.190
-0.459 0.392 -1.225
-0.503 0.129 -1.301
-0.480 0.259 -1.273
-0.438 0.440 -1.241
-0.496 0.169 -1.270
-0.370 0.629 -1.145
-0.066 0.048 -1.308
-0.061 0.093 -1.283
-0.062 0.142 -1.277
-0.063 0.168 -1.277
-0.064 0.195 -1.275
-0.067 0.256 -1.268
-0.071 0.332 -1.258
-0.074 0.389 -1.257
-0.077 0.426 -1.250
-0.082 0.452 -1.238
-0.085 0.489 -1.233
-0.085 0.517 -1.231
-0.085 0.544 -1.230
-0.102 0.635 -1.187
-0.085 0.639 -1.160
-0.383 0.633 -1.177
-0.173 0.807 -1.167
-0.088 0.798 -1.175
-0.119 0.756 -1.210
-0.178 0.822 -1.147
-0.157 0.847 -1.116
-0.125 0.825 -1.132
-0.086 0.807 -1.138
-0.106 0.807 -1.168
-0.100 0.779 -1.192
-0.148 0.815 -1.155
-0.155 0.007 -1.344
-0.170 0.034 -1.346
-0.211 0.542 -1.301
-0.221 0.782 -1.182
-0.087 0.015 -1.324
-0.176 0.131 -1.340
-0.091 0.681 -1.187
-0.141 0.009 -1.339
-0.235 0.712 -1.246
-0.093 0.731 -1.218
-0.094 0.675 -1.231
-0.188 0.285 -1.324
-0.181 0.208 -1.332
-0.204 0.445 -1.309
-0.144 0.093 -1.330
-0.136 0.142 -1.321
-0.150 0.767 -1.207
-0.146 0.258 -1.309
-0.155 0.311 -1.306
-0.100 0.271 -1.295
-0.078 0.326 -1.276
-0.103 0.443 -1.273
-0.088 0.580 -1.224
-0.183 0.619 -1.276
-0.215 0.656 -1.285
-0.175 0.720 -1.244
-0.204 0.752 -1.213
-0.175 0.784 -1.185
-0.118 0.337 -1.291
-0.092 0.218 -1.300
-0.097 0.391 -1.278
-0.130 0.493 -1.274
-0.126 0.053 -1.329
-0.140 0.194 -1.315
-0.155 0.397 -1.293
-0.166 0.570 -1.274
-0.094 0.508 -1.259
-0.191 0.354 -1.315
-0.085 0.113 -1.311
-0.114 0.546 -1.263
-0.180 0.503 -1.289
-0.089 0.623 -1.222
-0.163 0.449 -1.288
-0.120 0.708 -1.235
-0.151 0.654 -1.256
-0.089 0.171 -1.305
-0.106 0.605 -1.252
-0.336 0.729 -1.201
-0.383 0.769 -1.138
-0.353 0.739 -1.188
-0.325 0.723 -1.208
-0.352 0.733 -1.163
-0.318 0.786 -1.158
-0.334 0.859 -1.096
-0.367 0.795 -1.089
-0.338 0.823 -1.128
-0.314 0.745 -1.167
-0.288 0.750 -1.138
-0.314 0.734 -1.178
-0.296 0.708 -1.177
-0.268 0.753 -1.040
-0.248 0.720 -1.047
-0.156 0.724 -1.055
-0.112 0.722 -1.064
-0.369 0.769 -1.057
-0.288 0.848 -1.131
-0.345 0.755 -1.055
-0.358 0.842 -1.062
-0.317 0.846 -1.112
-0.321 0.785 -1.045
-0.112 0.816 -1.122
-0.307 0.833 -1.059
-0.187 0.732 -1.051
-0.095 0.790 -1.082
-0.246 0.877 -1.074
-0.139 0.772 -1.053
-0.156 0.812 -1.059
-0.222 0.743 -1.047
-0.279 0.801 -1.041
-0.247 0.832 -1.056
-0.208 0.788 -1.050
-0.187 0.867 -1.073
-0.140 0.839 -1.110
-0.277 0.838 -1.085
-0.485 0.057 -1.145
-0.496 0.089 -1.207
-0.311 0.729 -1.050
-0.284 0.052 -1.156
-0.402 0.695 -1.072
-0.248 0.013 -1.176
-0.156 0.063 -1.200
-0.073 0.608 -1.109
-0.134 0.684 -1.064
-0.490 0.189 -1.230
-0.450 0.054 -1.126
-0.297 0.698 -1.052
-0.165 0.123 -1.175
-0.138 0.315 -1.160
-0.395 0.591 -1.124
-0.316 0.023 -1.161
-0.125 0.415 -1.146
-0.108 0.453 -1.109
-0.189 0.665 -1.060
-0.155 0.245 -1.131
-0.205 0.204 -1.124
-0.142 0.188 -1.171
-0.373 0.048 -1.160
-0.433 0.479 -1.097
-0.129 0.358 -1.131
-0.494 0.117 -1.206
-0.435 0.401 -1.099
-0.169 0.598 -1.067
-0.209 0.143 -1.141
-0.229 0.090 -1.153
-0.183 0.017 -1.200
-0.215 0.046 -1.174
-0.086 0.562 -1.098
-0.459 0.362 -1.136
-0.416 0.619 -1.106
-0.423 0.580 -1.090
-0.475 0.268 -1.172
-0.438 0.545 -1.128
-0.412 0.533 -1.080
-0.218 0.254 -1.113
-0.133 0.628 -1.071
-0.357 0.707 -1.060
-0.346 0.632 -1.073
-0.323 0.658 -1.066
-0.310 0.091 -1.145
-0.074 0.650 -1.085
-0.471 0.313 -1.178
-0.459 0.310 -1.129
-0.448 0.267 -1.113
-0.411 0.303 -1.106
-0.157 0.287 -1.116
-0.200 0.324 -1.103
-0.254 0.678 -1.053
-0.096 0.502 -1.109
-0.204 0.494 -1.082
-0.149 0.455 -1.088
-0.142 0.533 -1.079
-0.476 0.132 -1.139
-0.378 0.187 -1.143
-0.434 0.172 -1.115
-0.429 0.110 -1.126
-0.376 0.122 -1.152
-0.303 0.156 -1.133
-0.484 0.208 -1.192
-0.452 0.440 -1.137
-0.428 0.344 -1.100
-0.370 0.328 -1.124
-0.398 0.400 -1.096
-0.345 0.482 -1.102
-0.353 0.430 -1.110
-0.397 0.470 -1.085
-0.394 0.601 -1.068
-0.266 0.197 -1.125
-0.471 0.203 -1.138
-0.123 0.409 -1.104
-0.149 0.357 -1.101
-0.424 0.226 -1.112
-0.371 0.254 -1.136
-0.281 0.512 -1.093
-0.280 0.458 -1.103
-0.353 0.541 -1.093
-0.322 0.224 -1.126
-0.247 0.628 -1.062
-0.331 0.574 -1.084
-0.243 0.335 -1.106
-0.335 0.361 -1.115
-0.294 0.387 -1.114
-0.244 0.401 -1.101
-0.309 0.298 -1.119
-0.224 0.572 -1.071
-0.286 0.586 -1.082
-0.196 0.416 -1.093
-0.268 0.278 -1.116
-0.392 0.712 -1.078
-0.407 0.645 -1.073
