-0.508 0.090 -1.346
-0.501 0.127 -1.333
-0.486 0.165 -1.331
-0.482 0.199 -1.321
-0.471 0.220 -1.318
-0.462 0.282 -1.301
-0.435 0.296 -1.298
-0.420 0.449 -1.256
-0.392 0.543 -1.229
-0.277 0.527 -1.283
-0.307 0.398 -1.307
-0.416 0.069 -1.374
-0.352 0.279 -1.343
-0.234 0.665 -1.263
-0.366 0.682 -1.171
-0.344 0.688 -1.187
-0.392 0.125 -1.378
-0.294 0.456 -1.290
-0.302 0.516 -1.254
-0.370 0.579 -1.221
-0.488 0.121 -1.343
-0.316 0.681 -1.189
-0.372 0.207 -1.367
-0.392 0.237 -1.341
-0.332 0.332 -1.324
-0.373 0.425 -1.262
-0.269 0.607 -1.280
-0.286 0.598 -1.242
-0.244 0.683 -1.218
-0.358 0.633 -1.203
-0.437 0.121 -1.346
-0.400 0.170 -1.357
-0.423 0.239 -1.315
-0.437 0.185 -1.327
-0.392 0.306 -1.307
-0.343 0.376 -1.296
-0.329 0.437 -1.276
-0.328 0.566 -1.222
-0.401 0.345 -1.285
-0.357 0.499 -1.239
-0.293 0.647 -1.207
-0.068 0.644 -1.134
-0.083 0.612 -1.145
-0.093 0.578 -1.145
-0.105 0.531 -1.151
-0.120 0.458 -1.150
-0.130 0.369 -1.181
-0.131 0.225 -1.183
-0.135 0.146 -1.204
-0.111 0.009 -1.253
-0.062 0.014 -1.291
-0.080 0.037 -1.269
-0.064 0.064 -1.285
-0.065 0.120 -1.284
-0.069 0.228 -1.272
-0.070 0.285 -1.269
-0.075 0.363 -1.253
-0.080 0.468 -1.247
-0.105 0.573 -1.201
-0.121 0.432 -1.188
-0.107 0.599 -1.186
-0.099 0.418 -1.226
-0.145 0.024 -1.233
-0.098 0.073 -1.258
-0.138 0.111 -1.213
-0.108 0.245 -1.241
-0.099 0.282 -1.245
-0.108 0.385 -1.222
-0.107 0.335 -1.229
-0.106 0.481 -1.211
-0.120 0.482 -1.167
-0.115 0.531 -1.180
-0.131 0.079 -1.239
-0.117 0.188 -1.237
-0.079 0.191 -1.261
-0.107 0.125 -1.251
-0.120 0.266 -1.198
-0.347 0.674 -1.109
-0.372 0.644 -1.108
-0.377 0.624 -1.118
-0.416 0.536 -1.148
-0.448 0.487 -1.172
-0.461 0.407 -1.185
-0.467 0.362 -1.191
-0.489 0.165 -1.198
-0.494 0.144 -1.214
-0.496 0.146 -1.330
-0.474 0.244 -1.311
-0.458 0.263 -1.308
-0.456 0.314 -1.293
-0.445 0.341 -1.287
-0.439 0.362 -1.282
-0.438 0.382 -1.276
-0.436 0.399 -1.270
-0.426 0.417 -1.265
-0.398 0.472 -1.249
-0.395 0.501 -1.241
-0.410 0.515 -1.232
-0.387 0.582 -1.212
-0.385 0.611 -1.189
-0.355 0.679 -1.136
-0.423 0.492 -1.220
-0.353 0.663 -1.125
-0.505 0.072 -1.245
-0.501 0.125 -1.252
-0.490 0.213 -1.278
-0.416 0.517 -1.174
-0.405 0.566 -1.175
-0.509 0.081 -1.280
-0.476 0.303 -1.250
-0.484 0.249 -1.220
-0.466 0.347 -1.250
-0.391 0.578 -1.145
-0.455 0.446 -1.190
-0.460 0.392 -1.225
-0.505 0.130 -1.302
-0.482 0.259 -1.274
-0.439 0.441 -1.241
-0.497 0.170 -1.271
-0.371 0.629 -1.145
-0.070 0.048 -1.312
-0.064 0.093 -1.287
-0.065 0.142 -1.280
-0.066 0.169 -1.280
-0.067 0.195 -1.278
-0.069 0.256 -1.270
-0.072 0.332 -1.260
-0.076 0.390 -1.259
-0.078 0.426 -1.252
-0.083 0.452 -1.240
-0.086 0.489 -1.234
-0.086 0.517 -1.232
-0.086 0.545 -1.231
-0.102 0.636 -1.188
-0.085 0.639 -1.161
-0.383 0.633 -1.177
-0.173 0.807 -1.167
-0.088 0.798 -1.175
-0.119 0.756 -1.211
-0.178 0.822 -1.147
-0.157 0.847 -1.116
-0.125 0.825 -1.132
-0.086 0.807 -1.138
-0.106 0.807 -1.168
-0.100 0.779 -1.192
-0.148 0.815 -1.155
-0.159 0.008 -1.347
-0.174 0.035 -1.349
-0.212 0.543 -1.303
-0.221 0.781 -1.181
-0.091 0.016 -1.328
-0.180 0.132 -1.343
-0.091 0.681 -1.188
-0.145 0.010 -1.342
-0.235 0.712 -1.246
-0.093 0.731 -1.219
-0.094 0.675 -1.232
-0.191 0.286 -1.326
-0.185 0.209 -1.334
-0.205 0.446 -1.311
-0.147 0.094 -1.333
-0.139 0.143 -1.324
-0.150 0.767 -1.207
-0.149 0.259 -1.311
-0.158 0.311 -1.308
-0.103 0.272 -1.298
-0.080 0.326 -1.278
-0.104 0.443 -1.275
-0.088 0.580 -1.225
-0.183 0.619 -1.277
-0.215 0.657 -1.286
-0.175 0.720 -1.244
-0.204 0.752 -1.213
-0.175 0.784 -1.185
-0.120 0.338 -1.293
-0.095 0.219 -1.303
-0.099 0.391 -1.280
-0.131 0.493 -1.275
-0.130 0.053 -1.332
-0.143 0.195 -1.317
-0.156 0.397 -1.295
-0.167 0.571 -1.275
-0.095 0.508 -1.260
-0.193 0.355 -1.317
-0.088 0.113 -1.314
-0.115 0.546 -1.265
-0.181 0.503 -1.290
-0.089 0.623 -1.223
-0.164 0.449 -1.290
-0.120 0.708 -1.235
-0.151 0.655 -1.257
-0.092 0.172 -1.308
-0.106 0.605 -1.254
-0.336 0.729 -1.201
-0.383 0.769 -1.138
-0.353 0.739 -1.188
-0.325 0.723 -1.208
-0.351 0.734 -1.163
-0.318 0.786 -1.158
-0.334 0.859 -1.096
-0.367 0.795 -1.089
-0.338 0.823 -1.128
-0.314 0.745 -1.167
-0.288 0.750 -1.138
-0.314 0.734 -1.178
-0.296 0.708 -1.177
-0.268 0.753 -1.040
-0.248 0.720 -1.047
-0.156 0.724 -1.056
-0.112 0.722 -1.065
-0.369 0.769 -1.057
-0.288 0.848 -1.131
-0.345 0.755 -1.055
-0.358 0.842 -1.062
-0.317 0.846 -1.112
-0.321 0.785 -1.045
-0.112 0.816 -1.122
-0.307 0.833 -1.059
-0.187 0.732 -1.052
-0.095 0.791 -1.082
-0.246 0.877 -1.074
-0.139 0.772 -1.053
-0.156 0.812 -1.059
-0.222 0.743 -1.047
-0.279 0.801 -1.041
-0.247 0.832 -1.056
-0.209 0.788 -1.050
-0.187 0.867 -1.073
-0.140 0.839 -1.110
-0.277 0.838 -1.085
-0.486 0.058 -1.146
-0.498 0.090 -1.208
-0.311 0.729 -1.050
-0.286 0.052 -1.157
-0.402 0.695 -1.072
-0.250 0.013 -1.177
-0.158 0.064 -1.203
-0.073 0.608 -1.111
-0.134 0.684 -1.065
-0.492 0.189 -1.231
-0.451 0.054 -1.126
-0.297 0.698 -1.052
-0.167 0.123 -1.178
-0.139 0.315 -1.162
-0.395 0.591 -1.124
-0.317 0.023 -1.162
-0.126 0.415 -1.147
-0.109 0.452 -1.110
-0.189 0.665 -1.061
-0.156 0.245 -1.133
-0.206 0.204 -1.126
-0.144 0.188 -1.174
-0.375 0.048 -1.161
-0.434 0.479 -1.097
-0.130 0.358 -1.133
-0.495 0.118 -1.207
-0.436 0.402 -1.099
-0.170 0.598 -1.068
-0.210 0.143 -1.143
-0.231 0.090 -1.154
-0.185 0.017 -1.202
-0.217 0.047 -1.176
-0.086 0.562 -1.099
-0.460 0.362 -1.136
-0.416 0.619 -1.106
-0.423 0.580 -1.090
-0.476 0.268 -1.172
-0.439 0.546 -1.128
-0.412 0.533 -1.080
-0.219 0.254 -1.114
-0.133 0.628 -1.072
-0.357 0.707 -1.060
-0.346 0.632 -1.073
-0.323 0.658 -1.065
-0.312 0.091 -1.146
-0.074 0.650 -1.086
-0.472 0.314 -1.178
-0.460 0.311 -1.129
-0.449 0.267 -1.114
-0.412 0.303 -1.106
-0.158 0.287 -1.118
-0.201 0.324 -1.104
-0.254 0.678 -1.054
-0.097 0.502 -1.110
-0.204 0.493 -1.083
-0.150 0.455 -1.089
-0.142 0.532 -1.080
-0.477 0.133 -1.139
-0.379 0.187 -1.144
-0.435 0.172 -1.115
-0.431 0.110 -1.126
-0.377 0.122 -1.152
-0.304 0.156 -1.134
-0.485 0.209 -1.192
-0.453 0.440 -1.137
-0.429 0.345 -1.100
-0.371 0.328 -1.124
-0.399 0.400 -1.096
-0.345 0.482 -1.103
-0.354 0.430 -1.110
-0.398 0.470 -1.085
-0.394 0.601 -1.068
-0.267 0.197 -1.126
-0.472 0.204 -1.138
-0.123 0.409 -1.106
-0.150 0.357 -1.103
-0.426 0.227 -1.112
-0.372 0.254 -1.136
-0.282 0.512 -1.094
-0.281 0.458 -1.104
-0.353 0.541 -1.094
-0.323 0.224 -1.127
-0.247 0.628 -1.063
-0.332 0.574 -1.084
-0.244 0.335 -1.107
-0.336 0.361 -1.115
-0.295 0.387 -1.114
-0.245 0.401 -1.101
-0.310 0.298 -1.120
-0.224 0.572 -1.071
-0.286 0.586 -1.082
-0.197 0.416 -1.094
-0.269 0.278 -1.117
-0.392 0.712 -1.078
-0.407 0.645 -1.073
