-0.508 0.089 -1.344
-0.502 0.126 -1.331
-0.486 0.164 -1.329
-0.482 0.198 -1.319
-0.471 0.219 -1.316
-0.461 0.282 -1.300
-0.435 0.295 -1.296
-0.419 0.449 -1.254
-0.391 0.543 -1.228
-0.276 0.526 -1.282
-0.306 0.397 -1.305
-0.416 0.068 -1.371
-0.351 0.278 -1.340
-0.234 0.665 -1.263
-0.365 0.682 -1.171
-0.343 0.688 -1.187
-0.392 0.124 -1.374
-0.293 0.455 -1.288
-0.302 0.516 -1.253
-0.369 0.578 -1.220
-0.488 0.120 -1.340
-0.316 0.681 -1.189
-0.372 0.206 -1.363
-0.392 0.236 -1.339
-0.332 0.330 -1.321
-0.372 0.424 -1.260
-0.268 0.606 -1.279
-0.286 0.598 -1.241
-0.244 0.683 -1.218
-0.358 0.633 -1.203
-0.437 0.120 -1.343
-0.400 0.168 -1.354
-0.423 0.238 -1.313
-0.437 0.184 -1.324
-0.392 0.305 -1.305
-0.343 0.374 -1.294
-0.328 0.437 -1.274
-0.328 0.565 -1.221
-0.400 0.344 -1.283
-0.357 0.499 -1.238
-0.292 0.647 -1.207
-0.069 0.643 -1.136
-0.083 0.611 -1.146
-0.093 0.577 -1.147
-0.107 0.531 -1.153
-0.122 0.457 -1.152
-0.132 0.369 -1.183
-0.134 0.225 -1.186
-0.139 0.146 -1.208
-0.116 0.009 -1.258
-0.068 0.014 -1.297
-0.085 0.037 -1.274
-0.070 0.064 -1.291
-0.070 0.120 -1.289
-0.073 0.228 -1.276
-0.074 0.285 -1.273
-0.078 0.363 -1.256
-0.082 0.468 -1.249
-0.106 0.573 -1.202
-0.123 0.432 -1.190
-0.108 0.599 -1.187
-0.102 0.418 -1.229
-0.150 0.024 -1.236
-0.103 0.073 -1.262
-0.142 0.111 -1.216
-0.112 0.245 -1.244
-0.102 0.282 -1.248
-0.110 0.385 -1.225
-0.109 0.335 -1.231
-0.108 0.481 -1.213
-0.122 0.482 -1.169
-0.116 0.530 -1.181
-0.135 0.079 -1.242
-0.121 0.188 -1.240
-0.083 0.191 -1.265
-0.112 0.125 -1.255
-0.123 0.266 -1.201
-0.347 0.674 -1.109
-0.372 0.644 -1.108
-0.377 0.623 -1.118
-0.416 0.536 -1.147
-0.448 0.487 -1.172
-0.462 0.407 -1.184
-0.468 0.362 -1.190
-0.491 0.165 -1.196
-0.495 0.144 -1.212
-0.497 0.146 -1.328
-0.474 0.244 -1.309
-0.458 0.262 -1.306
-0.456 0.313 -1.291
-0.444 0.340 -1.286
-0.439 0.361 -1.280
-0.437 0.381 -1.275
-0.435 0.399 -1.269
-0.426 0.417 -1.263
-0.398 0.471 -1.248
-0.395 0.501 -1.240
-0.410 0.514 -1.231
-0.387 0.582 -1.211
-0.385 0.611 -1.189
-0.355 0.679 -1.136
-0.423 0.491 -1.219
-0.353 0.663 -1.125
-0.507 0.072 -1.242
-0.502 0.125 -1.250
-0.491 0.212 -1.276
-0.416 0.517 -1.173
-0.405 0.566 -1.175
-0.510 0.081 -1.278
-0.476 0.303 -1.249
-0.485 0.249 -1.218
-0.466 0.347 -1.248
-0.391 0.578 -1.144
-0.455 0.446 -1.189
-0.460 0.392 -1.224
-0.506 0.130 -1.299
-0.482 0.259 -1.272
-0.439 0.440 -1.240
-0.498 0.170 -1.269
-0.370 0.629 -1.145
-0.076 0.049 -1.317
-0.069 0.093 -1.292
-0.070 0.142 -1.285
-0.071 0.169 -1.284
-0.072 0.195 -1.282
-0.073 0.256 -1.274
-0.076 0.332 -1.263
-0.079 0.390 -1.262
-0.080 0.426 -1.254
-0.085 0.452 -1.242
-0.087 0.489 -1.236
-0.087 0.517 -1.234
-0.087 0.545 -1.233
-0.103 0.635 -1.189
-0.086 0.639 -1.162
-0.383 0.633 -1.177
-0.173 0.807 -1.167
-0.088 0.798 -1.175
-0.119 0.756 -1.211
-0.178 0.822 -1.147
-0.157 0.847 -1.116
-0.125 0.825 -1.132
-0.086 0.807 -1.138
-0.106 0.807 -1.169
-0.100 0.779 -1.192
-0.147 0.815 -1.155
-0.166 0.010 -1.351
-0.181 0.036 -1.353
-0.213 0.545 -1.304
-0.221 0.781 -1.181
-0.098 0.016 -1.332
-0.186 0.133 -1.346
-0.091 0.681 -1.189
-0.152 0.011 -1.346
-0.235 0.712 -1.246
-0.093 0.731 -1.219
-0.094 0.675 -1.233
-0.195 0.288 -1.328
-0.190 0.210 -1.337
-0.208 0.448 -1.313
-0.153 0.095 -1.336
-0.145 0.144 -1.327
-0.150 0.767 -1.207
-0.153 0.260 -1.314
-0.162 0.312 -1.310
-0.107 0.272 -1.301
-0.083 0.327 -1.281
-0.106 0.443 -1.277
-0.089 0.580 -1.227
-0.183 0.620 -1.279
-0.216 0.658 -1.287
-0.176 0.720 -1.245
-0.204 0.752 -1.213
-0.175 0.784 -1.185
-0.123 0.338 -1.296
-0.099 0.219 -1.306
-0.102 0.391 -1.282
-0.133 0.494 -1.277
-0.137 0.054 -1.336
-0.148 0.196 -1.320
-0.159 0.398 -1.297
-0.168 0.572 -1.277
-0.096 0.508 -1.262
-0.197 0.357 -1.319
-0.094 0.114 -1.318
-0.116 0.547 -1.266
-0.183 0.505 -1.292
-0.090 0.623 -1.225
-0.166 0.450 -1.291
-0.121 0.708 -1.236
-0.151 0.655 -1.259
-0.097 0.172 -1.312
-0.107 0.606 -1.255
-0.336 0.729 -1.201
-0.383 0.769 -1.138
-0.353 0.739 -1.188
-0.325 0.723 -1.208
-0.351 0.733 -1.163
-0.318 0.786 -1.158
-0.334 0.859 -1.096
-0.367 0.795 -1.089
-0.338 0.823 -1.128
-0.314 0.745 -1.167
-0.288 0.750 -1.138
-0.314 0.734 -1.178
-0.296 0.708 -1.177
-0.268 0.753 -1.040
-0.249 0.719 -1.047
-0.156 0.723 -1.057
-0.113 0.721 -1.066
-0.369 0.769 -1.057
-0.288 0.848 -1.131
-0.345 0.755 -1.055
-0.357 0.842 -1.062
-0.317 0.846 -1.112
-0.321 0.785 -1.045
-0.112 0.816 -1.122
-0.307 0.833 -1.059
-0.187 0.731 -1.053
-0.095 0.790 -1.082
-0.246 0.877 -1.074
-0.139 0.770 -1.055
-0.156 0.810 -1.060
-0.222 0.742 -1.048
-0.279 0.801 -1.041
-0.247 0.832 -1.057
-0.209 0.787 -1.051
-0.187 0.867 -1.073
-0.139 0.839 -1.110
-0.277 0.838 -1.085
-0.489 0.058 -1.143
-0.500 0.090 -1.205
-0.311 0.729 -1.050
-0.289 0.052 -1.157
-0.402 0.695 -1.072
-0.253 0.013 -1.178
-0.162 0.064 -1.206
-0.073 0.608 -1.112
-0.134 0.683 -1.066
-0.493 0.189 -1.229
-0.454 0.054 -1.124
-0.297 0.698 -1.052
-0.170 0.123 -1.180
-0.141 0.315 -1.164
-0.396 0.591 -1.124
-0.320 0.023 -1.162
-0.127 0.415 -1.150
-0.110 0.452 -1.112
-0.190 0.664 -1.061
-0.158 0.245 -1.136
-0.208 0.204 -1.127
-0.146 0.188 -1.177
-0.378 0.048 -1.159
-0.435 0.480 -1.096
-0.131 0.358 -1.135
-0.497 0.118 -1.204
-0.437 0.402 -1.098
-0.170 0.598 -1.069
-0.213 0.143 -1.144
-0.233 0.090 -1.156
-0.189 0.017 -1.205
-0.220 0.047 -1.178
-0.087 0.561 -1.101
-0.461 0.362 -1.135
-0.417 0.619 -1.106
-0.424 0.580 -1.089
-0.478 0.269 -1.171
-0.439 0.546 -1.128
-0.413 0.534 -1.079
-0.221 0.254 -1.115
-0.133 0.627 -1.073
-0.357 0.707 -1.060
-0.346 0.632 -1.073
-0.323 0.658 -1.065
-0.314 0.091 -1.146
-0.075 0.649 -1.088
-0.473 0.314 -1.177
-0.461 0.311 -1.127
-0.451 0.268 -1.112
-0.413 0.303 -1.105
-0.159 0.287 -1.120
-0.202 0.324 -1.105
-0.254 0.678 -1.054
-0.098 0.501 -1.112
-0.205 0.493 -1.084
-0.151 0.454 -1.091
-0.143 0.532 -1.081
-0.479 0.133 -1.137
-0.381 0.187 -1.142
-0.437 0.173 -1.113
-0.433 0.110 -1.124
-0.380 0.122 -1.150
-0.306 0.156 -1.134
-0.487 0.209 -1.190
-0.454 0.441 -1.136
-0.430 0.345 -1.099
-0.372 0.328 -1.123
-0.400 0.401 -1.095
-0.346 0.482 -1.102
-0.355 0.430 -1.109
-0.399 0.470 -1.084
-0.395 0.601 -1.068
-0.269 0.197 -1.126
-0.474 0.204 -1.136
-0.124 0.408 -1.108
-0.151 0.357 -1.105
-0.427 0.227 -1.110
-0.374 0.254 -1.135
-0.283 0.512 -1.094
-0.282 0.457 -1.104
-0.354 0.541 -1.093
-0.325 0.224 -1.126
-0.247 0.627 -1.063
-0.332 0.574 -1.084
-0.245 0.335 -1.107
-0.337 0.361 -1.114
-0.296 0.387 -1.114
-0.246 0.401 -1.102
-0.312 0.298 -1.119
-0.225 0.571 -1.072
-0.287 0.585 -1.082
-0.198 0.415 -1.096
-0.270 0.278 -1.117
-0.392 0.712 -1.078
-0.407 0.645 -1.073
