-0.518 0.061 -0.218
-0.515 0.101 -0.219
-0.510 0.139 -0.234
-0.510 0.175 -0.236
-0.506 0.196 -0.245
-0.506 0.261 -0.250
-0.488 0.278 -0.268
-0.499 0.437 -0.274
-0.488 0.538 -0.289
-0.475 0.515 -0.417
-0.455 0.383 -0.388
-0.454 0.041 -0.290
-0.452 0.255 -0.353
-0.482 0.665 -0.454
-0.451 0.687 -0.294
-0.462 0.692 -0.320
-0.453 0.095 -0.319
-0.461 0.444 -0.398
-0.461 0.513 -0.379
-0.481 0.577 -0.306
-0.507 0.094 -0.233
-0.456 0.686 -0.347
-0.457 0.177 -0.341
-0.465 0.212 -0.316
-0.451 0.313 -0.367
-0.467 0.417 -0.313
-0.492 0.594 -0.431
-0.470 0.596 -0.394
-0.472 0.689 -0.419
-0.474 0.634 -0.310
-0.469 0.097 -0.267
-0.461 0.142 -0.308
-0.472 0.220 -0.277
-0.475 0.164 -0.265
-0.466 0.289 -0.306
-0.457 0.362 -0.349
-0.459 0.429 -0.359
-0.463 0.567 -0.345
-0.472 0.332 -0.292
-0.467 0.496 -0.322
-0.460 0.651 -0.374
-0.042 0.702 -0.194
-0.047 0.666 -0.200
-0.055 0.631 -0.196
-0.062 0.583 -0.192
-0.076 0.512 -0.174
-0.067 0.417 -0.170
-0.069 0.283 -0.119
-0.063 0.202 -0.110
-0.021 0.062 -0.089
0.041 0.063 -0.097
0.015 0.089 -0.096
0.037 0.112 -0.109
0.038 0.165 -0.127
0.031 0.270 -0.154
0.031 0.325 -0.170
0.020 0.403 -0.186
0.018 0.503 -0.217
-0.027 0.610 -0.240
-0.055 0.476 -0.194
-0.038 0.638 -0.240
-0.013 0.457 -0.202
-0.060 0.077 -0.093
-0.006 0.123 -0.109
-0.062 0.166 -0.105
-0.018 0.288 -0.161
-0.007 0.323 -0.170
-0.024 0.426 -0.193
-0.021 0.376 -0.181
-0.025 0.520 -0.217
-0.065 0.530 -0.196
-0.051 0.573 -0.218
-0.044 0.129 -0.112
-0.030 0.234 -0.142
0.015 0.236 -0.140
-0.016 0.172 -0.126
-0.051 0.318 -0.142
-0.387 0.690 -0.274
-0.400 0.663 -0.249
-0.408 0.640 -0.248
-0.440 0.549 -0.220
-0.469 0.496 -0.205
-0.470 0.416 -0.188
-0.469 0.371 -0.177
-0.455 0.181 -0.119
-0.461 0.156 -0.126
-0.514 0.121 -0.223
-0.511 0.221 -0.242
-0.502 0.241 -0.253
-0.505 0.294 -0.253
-0.502 0.322 -0.261
-0.501 0.344 -0.265
-0.503 0.365 -0.265
-0.503 0.384 -0.265
-0.499 0.403 -0.271
-0.488 0.463 -0.290
-0.489 0.494 -0.291
-0.494 0.508 -0.274
-0.482 0.580 -0.286
-0.468 0.614 -0.279
-0.415 0.689 -0.284
-0.487 0.488 -0.255
-0.402 0.676 -0.277
-0.469 0.077 -0.128
-0.477 0.125 -0.152
-0.499 0.200 -0.200
-0.454 0.524 -0.234
-0.459 0.572 -0.250
-0.487 0.074 -0.160
-0.494 0.296 -0.206
-0.475 0.253 -0.163
-0.496 0.338 -0.220
-0.428 0.590 -0.246
-0.476 0.451 -0.204
-0.489 0.389 -0.216
-0.504 0.114 -0.192
-0.500 0.247 -0.212
-0.498 0.432 -0.250
-0.492 0.162 -0.180
-0.424 0.639 -0.271
0.047 0.089 -0.127
0.040 0.139 -0.119
0.036 0.187 -0.131
0.036 0.212 -0.139
0.035 0.238 -0.147
0.031 0.297 -0.161
0.025 0.372 -0.180
0.025 0.426 -0.198
0.021 0.463 -0.206
0.009 0.489 -0.210
0.006 0.525 -0.220
0.006 0.553 -0.228
0.007 0.579 -0.235
-0.032 0.673 -0.250
-0.038 0.687 -0.222
-0.458 0.638 -0.278
-0.096 0.802 -0.354
-0.046 0.828 -0.291
-0.020 0.777 -0.319
-0.123 0.814 -0.349
-0.156 0.846 -0.307
-0.107 0.838 -0.298
-0.071 0.844 -0.276
-0.064 0.827 -0.303
-0.033 0.807 -0.304
-0.100 0.816 -0.328
-0.003 0.027 -0.195
-0.012 0.050 -0.214
0.017 0.538 -0.376
-0.081 0.773 -0.410
0.038 0.050 -0.142
-0.011 0.143 -0.245
-0.023 0.719 -0.257
0.005 0.033 -0.183
0.015 0.712 -0.435
-0.000 0.760 -0.292
0.012 0.704 -0.281
-0.008 0.291 -0.294
-0.009 0.217 -0.269
0.004 0.444 -0.347
0.003 0.114 -0.204
0.008 0.165 -0.209
-0.036 0.777 -0.347
0.005 0.276 -0.245
0.003 0.326 -0.266
0.027 0.299 -0.207
0.033 0.361 -0.195
0.024 0.469 -0.244
0.003 0.614 -0.245
0.020 0.623 -0.362
0.032 0.651 -0.402
0.005 0.728 -0.373
-0.034 0.752 -0.400
-0.069 0.785 -0.365
0.019 0.361 -0.237
0.033 0.249 -0.189
0.026 0.419 -0.229
0.015 0.512 -0.281
0.013 0.079 -0.180
0.007 0.215 -0.225
0.005 0.411 -0.284
0.013 0.580 -0.334
0.023 0.536 -0.247
-0.005 0.359 -0.312
0.038 0.147 -0.160
0.020 0.569 -0.277
0.010 0.509 -0.334
0.003 0.656 -0.257
0.006 0.461 -0.304
0.006 0.729 -0.316
0.014 0.667 -0.336
0.035 0.203 -0.177
0.019 0.629 -0.281
-0.382 0.719 -0.439
-0.325 0.764 -0.406
-0.364 0.729 -0.434
-0.394 0.713 -0.442
-0.443 0.738 -0.307
-0.424 0.786 -0.336
-0.348 0.840 -0.302
-0.344 0.797 -0.363
-0.385 0.816 -0.330
-0.440 0.750 -0.344
-0.422 0.759 -0.378
-0.400 0.732 -0.415
-0.448 0.715 -0.365
-0.278 0.797 -0.204
-0.255 0.766 -0.199
-0.163 0.779 -0.191
-0.119 0.781 -0.189
-0.378 0.797 -0.226
-0.287 0.848 -0.323
-0.353 0.786 -0.222
-0.370 0.852 -0.264
-0.318 0.840 -0.318
-0.331 0.819 -0.222
-0.103 0.839 -0.280
-0.318 0.851 -0.260
-0.195 0.784 -0.196
-0.101 0.840 -0.229
-0.248 0.890 -0.292
-0.150 0.824 -0.208
-0.166 0.848 -0.239
-0.230 0.791 -0.202
-0.290 0.839 -0.226
-0.258 0.866 -0.250
-0.219 0.831 -0.221
-0.196 0.881 -0.286
-0.140 0.848 -0.293
-0.284 0.855 -0.281
-0.420 0.098 -0.041
-0.454 0.106 -0.103
-0.317 0.767 -0.209
-0.220 0.108 -0.065
-0.406 0.724 -0.215
-0.177 0.070 -0.064
-0.085 0.121 -0.088
-0.059 0.672 -0.167
-0.138 0.743 -0.181
-0.475 0.194 -0.152
-0.382 0.103 -0.030
-0.301 0.739 -0.201
-0.102 0.184 -0.089
-0.086 0.372 -0.140
-0.419 0.608 -0.232
-0.247 0.075 -0.059
-0.082 0.471 -0.160
-0.087 0.520 -0.135
-0.191 0.718 -0.185
-0.112 0.313 -0.095
-0.160 0.270 -0.084
-0.084 0.249 -0.103
-0.308 0.092 -0.068
-0.416 0.513 -0.151
-0.092 0.422 -0.128
-0.455 0.134 -0.111
-0.407 0.439 -0.127
-0.165 0.656 -0.172
-0.156 0.208 -0.077
-0.169 0.152 -0.072
-0.109 0.075 -0.078
-0.147 0.106 -0.072
-0.075 0.629 -0.151
-0.437 0.389 -0.135
-0.427 0.641 -0.211
-0.418 0.610 -0.182
-0.451 0.288 -0.132
-0.445 0.565 -0.194
-0.397 0.569 -0.163
-0.179 0.318 -0.094
-0.132 0.690 -0.168
-0.361 0.740 -0.218
-0.343 0.665 -0.206
-0.323 0.695 -0.206
-0.250 0.145 -0.071
-0.075 0.717 -0.161
-0.458 0.329 -0.151
-0.426 0.342 -0.115
-0.406 0.307 -0.090
-0.372 0.345 -0.104
-0.121 0.357 -0.098
-0.169 0.389 -0.110
-0.257 0.725 -0.192
-0.078 0.568 -0.146
-0.189 0.550 -0.156
-0.133 0.522 -0.132
-0.134 0.597 -0.150
-0.420 0.171 -0.062
-0.329 0.227 -0.101
-0.380 0.219 -0.063
-0.369 0.157 -0.052
-0.319 0.164 -0.086
-0.250 0.210 -0.082
-0.458 0.224 -0.127
-0.445 0.462 -0.162
-0.393 0.385 -0.110
-0.336 0.365 -0.134
-0.370 0.440 -0.133
-0.327 0.517 -0.174
-0.330 0.466 -0.162
-0.377 0.508 -0.150
-0.386 0.636 -0.183
-0.219 0.255 -0.089
-0.424 0.238 -0.085
-0.100 0.478 -0.122
-0.123 0.428 -0.109
-0.377 0.271 -0.080
-0.329 0.292 -0.118
-0.269 0.557 -0.165
-0.263 0.504 -0.152
-0.341 0.574 -0.187
-0.277 0.273 -0.099
-0.245 0.676 -0.185
-0.322 0.610 -0.193
-0.212 0.392 -0.120
-0.305 0.402 -0.141
-0.269 0.434 -0.136
-0.220 0.455 -0.138
-0.274 0.347 -0.115
-0.217 0.623 -0.176
-0.281 0.628 -0.181
-0.174 0.476 -0.135
-0.230 0.334 -0.107
-0.402 0.740 -0.229
-0.404 0.676 -0.197
