-0.507 0.088 -1.342
-0.500 0.125 -1.329
-0.485 0.163 -1.326
-0.480 0.197 -1.317
-0.470 0.218 -1.314
-0.460 0.281 -1.298
-0.433 0.294 -1.294
-0.418 0.448 -1.253
-0.391 0.542 -1.227
-0.275 0.525 -1.281
-0.305 0.396 -1.303
-0.415 0.066 -1.367
-0.349 0.276 -1.337
-0.234 0.665 -1.263
-0.365 0.682 -1.171
-0.343 0.688 -1.187
-0.390 0.122 -1.370
-0.292 0.454 -1.287
-0.301 0.515 -1.252
-0.369 0.578 -1.219
-0.487 0.119 -1.338
-0.316 0.681 -1.189
-0.370 0.204 -1.360
-0.390 0.235 -1.336
-0.330 0.329 -1.318
-0.371 0.423 -1.259
-0.268 0.605 -1.279
-0.285 0.598 -1.241
-0.244 0.683 -1.218
-0.358 0.632 -1.202
-0.436 0.119 -1.340
-0.399 0.167 -1.351
-0.421 0.237 -1.310
-0.435 0.183 -1.322
-0.390 0.304 -1.302
-0.341 0.373 -1.292
-0.327 0.436 -1.272
-0.327 0.565 -1.220
-0.399 0.343 -1.281
-0.356 0.498 -1.237
-0.292 0.647 -1.207
-0.069 0.643 -1.136
-0.083 0.611 -1.146
-0.094 0.577 -1.147
-0.107 0.531 -1.153
-0.122 0.457 -1.152
-0.133 0.368 -1.183
-0.135 0.225 -1.186
-0.140 0.146 -1.208
-0.118 0.009 -1.259
-0.071 0.014 -1.298
-0.087 0.037 -1.275
-0.072 0.064 -1.292
-0.072 0.120 -1.290
-0.075 0.228 -1.277
-0.076 0.285 -1.273
-0.080 0.363 -1.256
-0.083 0.467 -1.249
-0.106 0.573 -1.203
-0.124 0.431 -1.190
-0.108 0.599 -1.188
-0.102 0.418 -1.229
-0.152 0.024 -1.237
-0.105 0.073 -1.263
-0.144 0.111 -1.217
-0.114 0.245 -1.245
-0.104 0.282 -1.248
-0.111 0.385 -1.225
-0.111 0.335 -1.232
-0.108 0.481 -1.214
-0.123 0.482 -1.170
-0.116 0.530 -1.182
-0.137 0.079 -1.243
-0.123 0.188 -1.241
-0.085 0.190 -1.266
-0.114 0.125 -1.256
-0.124 0.266 -1.202
-0.347 0.674 -1.108
-0.372 0.644 -1.108
-0.377 0.623 -1.117
-0.416 0.535 -1.146
-0.447 0.487 -1.171
-0.461 0.407 -1.183
-0.467 0.361 -1.188
-0.491 0.165 -1.193
-0.496 0.144 -1.210
-0.495 0.145 -1.325
-0.473 0.243 -1.307
-0.457 0.261 -1.304
-0.454 0.312 -1.289
-0.443 0.339 -1.284
-0.437 0.360 -1.278
-0.436 0.380 -1.273
-0.434 0.398 -1.268
-0.425 0.416 -1.262
-0.397 0.471 -1.247
-0.394 0.500 -1.239
-0.409 0.514 -1.230
-0.387 0.581 -1.210
-0.384 0.611 -1.188
-0.355 0.678 -1.136
-0.422 0.491 -1.218
-0.353 0.663 -1.124
-0.507 0.071 -1.240
-0.502 0.124 -1.248
-0.490 0.211 -1.274
-0.415 0.516 -1.172
-0.404 0.565 -1.174
-0.510 0.080 -1.275
-0.475 0.302 -1.247
-0.485 0.248 -1.217
-0.466 0.346 -1.247
-0.390 0.578 -1.144
-0.454 0.445 -1.188
-0.459 0.391 -1.223
-0.505 0.129 -1.297
-0.481 0.258 -1.270
-0.438 0.439 -1.239
-0.497 0.169 -1.267
-0.370 0.628 -1.144
-0.078 0.048 -1.318
-0.071 0.093 -1.293
-0.072 0.142 -1.286
-0.073 0.168 -1.285
-0.074 0.195 -1.283
-0.075 0.255 -1.275
-0.077 0.332 -1.264
-0.080 0.389 -1.262
-0.081 0.426 -1.255
-0.086 0.452 -1.242
-0.088 0.489 -1.237
-0.088 0.517 -1.235
-0.087 0.544 -1.233
-0.103 0.635 -1.189
-0.086 0.638 -1.163
-0.382 0.633 -1.176
-0.173 0.807 -1.167
-0.087 0.798 -1.175
-0.119 0.756 -1.211
-0.178 0.822 -1.147
-0.157 0.847 -1.116
-0.124 0.825 -1.132
-0.086 0.807 -1.138
-0.106 0.807 -1.169
-0.100 0.779 -1.192
-0.147 0.815 -1.155
-0.169 0.010 -1.352
-0.184 0.036 -1.354
-0.213 0.545 -1.305
-0.220 0.781 -1.181
-0.100 0.016 -1.334
-0.188 0.134 -1.346
-0.091 0.680 -1.189
-0.155 0.011 -1.347
-0.235 0.712 -1.246
-0.093 0.731 -1.219
-0.094 0.675 -1.234
-0.197 0.288 -1.328
-0.192 0.211 -1.337
-0.209 0.448 -1.313
-0.156 0.095 -1.337
-0.147 0.144 -1.328
-0.150 0.767 -1.207
-0.155 0.260 -1.314
-0.163 0.312 -1.310
-0.109 0.272 -1.301
-0.085 0.326 -1.282
-0.107 0.443 -1.277
-0.090 0.579 -1.227
-0.184 0.620 -1.279
-0.216 0.658 -1.288
-0.176 0.720 -1.245
-0.204 0.752 -1.213
-0.175 0.783 -1.185
-0.125 0.338 -1.297
-0.101 0.219 -1.307
-0.103 0.391 -1.283
-0.133 0.494 -1.278
-0.139 0.054 -1.337
-0.150 0.196 -1.321
-0.160 0.398 -1.298
-0.168 0.572 -1.277
-0.097 0.508 -1.262
-0.198 0.357 -1.319
-0.096 0.114 -1.319
-0.117 0.547 -1.267
-0.183 0.505 -1.292
-0.090 0.623 -1.225
-0.167 0.450 -1.292
-0.121 0.708 -1.236
-0.151 0.655 -1.259
-0.099 0.172 -1.313
-0.107 0.605 -1.255
-0.336 0.729 -1.201
-0.383 0.769 -1.138
-0.353 0.739 -1.188
-0.325 0.723 -1.208
-0.351 0.733 -1.163
-0.318 0.786 -1.158
-0.334 0.859 -1.096
-0.367 0.795 -1.089
-0.338 0.823 -1.128
-0.315 0.745 -1.167
-0.288 0.750 -1.138
-0.314 0.734 -1.178
-0.295 0.708 -1.177
-0.268 0.753 -1.040
-0.249 0.719 -1.048
-0.156 0.723 -1.057
-0.113 0.721 -1.067
-0.369 0.769 -1.057
-0.288 0.848 -1.131
-0.345 0.755 -1.055
-0.357 0.842 -1.062
-0.317 0.846 -1.112
-0.321 0.785 -1.046
-0.112 0.816 -1.122
-0.307 0.833 -1.059
-0.187 0.731 -1.053
-0.095 0.790 -1.082
-0.246 0.877 -1.074
-0.140 0.770 -1.055
-0.156 0.810 -1.060
-0.222 0.742 -1.048
-0.279 0.800 -1.041
-0.247 0.832 -1.057
-0.209 0.787 -1.051
-0.187 0.867 -1.073
-0.139 0.839 -1.110
-0.277 0.838 -1.085
-0.489 0.058 -1.141
-0.500 0.089 -1.203
-0.311 0.728 -1.050
-0.290 0.051 -1.155
-0.402 0.695 -1.072
-0.254 0.012 -1.177
-0.164 0.063 -1.206
-0.074 0.607 -1.112
-0.134 0.683 -1.067
-0.493 0.189 -1.227
-0.454 0.054 -1.121
-0.297 0.698 -1.052
-0.171 0.122 -1.181
-0.142 0.315 -1.165
-0.395 0.591 -1.123
-0.321 0.022 -1.160
-0.128 0.414 -1.150
-0.110 0.452 -1.113
-0.190 0.664 -1.062
-0.159 0.244 -1.136
-0.209 0.204 -1.127
-0.148 0.188 -1.177
-0.379 0.048 -1.157
-0.435 0.480 -1.095
-0.132 0.357 -1.136
-0.497 0.117 -1.202
-0.437 0.402 -1.097
-0.170 0.597 -1.069
-0.214 0.143 -1.144
-0.234 0.089 -1.155
-0.191 0.017 -1.205
-0.221 0.046 -1.177
-0.087 0.561 -1.101
-0.462 0.362 -1.133
-0.417 0.619 -1.105
-0.424 0.580 -1.089
-0.478 0.268 -1.169
-0.439 0.545 -1.127
-0.413 0.534 -1.078
-0.221 0.253 -1.115
-0.133 0.627 -1.073
-0.357 0.707 -1.060
-0.347 0.631 -1.072
-0.324 0.658 -1.065
-0.315 0.091 -1.144
-0.075 0.648 -1.088
-0.473 0.313 -1.175
-0.461 0.311 -1.126
-0.451 0.267 -1.110
-0.414 0.303 -1.103
-0.160 0.286 -1.120
-0.202 0.324 -1.105
-0.254 0.677 -1.054
-0.098 0.501 -1.112
-0.205 0.493 -1.084
-0.151 0.454 -1.091
-0.143 0.531 -1.081
-0.480 0.133 -1.135
-0.382 0.187 -1.140
-0.438 0.172 -1.111
-0.434 0.110 -1.121
-0.381 0.122 -1.148
-0.307 0.156 -1.132
-0.487 0.208 -1.188
-0.454 0.440 -1.135
-0.431 0.345 -1.097
-0.373 0.328 -1.121
-0.401 0.400 -1.093
-0.347 0.482 -1.101
-0.356 0.430 -1.108
-0.399 0.470 -1.083
-0.395 0.601 -1.067
-0.269 0.196 -1.126
-0.474 0.204 -1.134
-0.125 0.408 -1.108
-0.152 0.356 -1.105
-0.428 0.227 -1.108
-0.375 0.254 -1.133
-0.283 0.512 -1.093
-0.282 0.457 -1.103
-0.354 0.541 -1.092
-0.326 0.223 -1.124
-0.247 0.627 -1.063
-0.333 0.574 -1.083
-0.246 0.334 -1.107
-0.338 0.360 -1.113
-0.297 0.387 -1.113
-0.246 0.401 -1.101
-0.312 0.298 -1.118
-0.225 0.571 -1.071
-0.287 0.585 -1.082
-0.199 0.415 -1.095
-0.271 0.278 -1.116
-0.392 0.712 -1.078
-0.407 0.645 -1.072
