-0.504 0.086 -1.339
-0.498 0.123 -1.326
-0.482 0.161 -1.323
-0.478 0.195 -1.314
-0.467 0.217 -1.312
-0.458 0.279 -1.295
-0.431 0.292 -1.292
-0.417 0.446 -1.252
-0.390 0.541 -1.226
-0.274 0.524 -1.279
-0.303 0.395 -1.300
-0.412 0.064 -1.362
-0.347 0.274 -1.333
-0.234 0.665 -1.263
-0.365 0.681 -1.170
-0.343 0.687 -1.186
-0.387 0.120 -1.366
-0.290 0.453 -1.284
-0.300 0.514 -1.250
-0.368 0.577 -1.219
-0.484 0.117 -1.335
-0.316 0.681 -1.189
-0.367 0.202 -1.355
-0.387 0.233 -1.332
-0.328 0.327 -1.315
-0.370 0.422 -1.256
-0.267 0.604 -1.278
-0.285 0.597 -1.240
-0.244 0.683 -1.218
-0.357 0.632 -1.202
-0.433 0.117 -1.336
-0.396 0.165 -1.347
-0.419 0.235 -1.307
-0.433 0.181 -1.318
-0.388 0.302 -1.299
-0.339 0.372 -1.289
-0.326 0.435 -1.270
-0.327 0.564 -1.219
-0.397 0.342 -1.278
-0.355 0.497 -1.235
-0.292 0.646 -1.206
-0.069 0.643 -1.136
-0.084 0.611 -1.146
-0.094 0.577 -1.147
-0.107 0.530 -1.153
-0.123 0.457 -1.152
-0.133 0.368 -1.183
-0.136 0.225 -1.186
-0.141 0.145 -1.208
-0.120 0.009 -1.259
-0.073 0.014 -1.298
-0.089 0.037 -1.275
-0.074 0.063 -1.292
-0.074 0.120 -1.290
-0.076 0.227 -1.277
-0.077 0.285 -1.273
-0.081 0.362 -1.256
-0.083 0.467 -1.249
-0.106 0.573 -1.203
-0.125 0.431 -1.190
-0.108 0.599 -1.188
-0.103 0.418 -1.229
-0.153 0.023 -1.236
-0.107 0.072 -1.263
-0.145 0.111 -1.216
-0.115 0.245 -1.244
-0.105 0.281 -1.248
-0.112 0.385 -1.225
-0.112 0.334 -1.232
-0.109 0.481 -1.213
-0.123 0.481 -1.169
-0.117 0.530 -1.182
-0.139 0.079 -1.243
-0.124 0.188 -1.241
-0.087 0.190 -1.266
-0.115 0.125 -1.256
-0.125 0.265 -1.201
-0.347 0.674 -1.108
-0.372 0.644 -1.107
-0.377 0.623 -1.117
-0.416 0.535 -1.145
-0.447 0.486 -1.170
-0.461 0.406 -1.182
-0.467 0.361 -1.187
-0.491 0.164 -1.191
-0.495 0.143 -1.207
-0.493 0.143 -1.322
-0.471 0.241 -1.305
-0.454 0.259 -1.302
-0.452 0.310 -1.287
-0.441 0.338 -1.282
-0.435 0.358 -1.276
-0.434 0.379 -1.271
-0.432 0.396 -1.266
-0.423 0.414 -1.260
-0.396 0.470 -1.245
-0.393 0.499 -1.238
-0.408 0.513 -1.229
-0.386 0.581 -1.210
-0.384 0.610 -1.188
-0.355 0.678 -1.135
-0.421 0.490 -1.217
-0.353 0.662 -1.124
-0.506 0.070 -1.237
-0.501 0.123 -1.245
-0.488 0.210 -1.272
-0.415 0.516 -1.171
-0.404 0.565 -1.173
-0.508 0.078 -1.272
-0.474 0.301 -1.245
-0.484 0.247 -1.214
-0.464 0.345 -1.245
-0.390 0.578 -1.143
-0.454 0.445 -1.187
-0.458 0.390 -1.221
-0.503 0.127 -1.294
-0.479 0.257 -1.268
-0.436 0.438 -1.238
-0.496 0.168 -1.264
-0.370 0.628 -1.144
-0.080 0.048 -1.318
-0.073 0.092 -1.293
-0.073 0.141 -1.286
-0.075 0.168 -1.285
-0.075 0.195 -1.283
-0.076 0.255 -1.275
-0.078 0.331 -1.264
-0.081 0.389 -1.262
-0.082 0.425 -1.255
-0.087 0.451 -1.242
-0.089 0.488 -1.237
-0.088 0.516 -1.234
-0.088 0.544 -1.233
-0.103 0.635 -1.189
-0.086 0.638 -1.163
-0.382 0.632 -1.176
-0.172 0.807 -1.167
-0.087 0.798 -1.175
-0.119 0.755 -1.211
-0.178 0.822 -1.147
-0.157 0.847 -1.116
-0.124 0.825 -1.132
-0.086 0.806 -1.138
-0.106 0.806 -1.169
-0.100 0.779 -1.192
-0.147 0.815 -1.155
-0.171 0.010 -1.352
-0.186 0.036 -1.354
-0.214 0.545 -1.305
-0.220 0.781 -1.181
-0.103 0.016 -1.334
-0.190 0.134 -1.346
-0.091 0.680 -1.189
-0.157 0.011 -1.347
-0.235 0.712 -1.246
-0.093 0.730 -1.219
-0.094 0.674 -1.234
-0.198 0.288 -1.328
-0.193 0.211 -1.337
-0.210 0.448 -1.313
-0.158 0.095 -1.337
-0.149 0.144 -1.328
-0.150 0.767 -1.207
-0.157 0.260 -1.314
-0.164 0.312 -1.310
-0.110 0.271 -1.301
-0.086 0.326 -1.282
-0.108 0.443 -1.277
-0.090 0.579 -1.227
-0.184 0.620 -1.279
-0.216 0.658 -1.288
-0.176 0.720 -1.245
-0.204 0.752 -1.213
-0.175 0.783 -1.185
-0.126 0.338 -1.296
-0.103 0.218 -1.307
-0.104 0.391 -1.283
-0.134 0.493 -1.277
-0.141 0.054 -1.337
-0.152 0.196 -1.321
-0.161 0.398 -1.297
-0.169 0.572 -1.277
-0.097 0.508 -1.262
-0.199 0.357 -1.319
-0.098 0.113 -1.319
-0.117 0.546 -1.267
-0.184 0.505 -1.292
-0.090 0.623 -1.225
-0.168 0.450 -1.292
-0.121 0.708 -1.236
-0.151 0.655 -1.259
-0.101 0.171 -1.313
-0.108 0.605 -1.255
-0.336 0.729 -1.201
-0.383 0.769 -1.138
-0.353 0.739 -1.188
-0.325 0.723 -1.208
-0.351 0.733 -1.163
-0.318 0.786 -1.158
-0.334 0.859 -1.096
-0.367 0.795 -1.089
-0.338 0.823 -1.128
-0.315 0.744 -1.167
-0.288 0.750 -1.138
-0.314 0.734 -1.178
-0.295 0.708 -1.177
-0.268 0.753 -1.040
-0.249 0.719 -1.047
-0.156 0.723 -1.057
-0.113 0.721 -1.067
-0.369 0.769 -1.057
-0.288 0.848 -1.131
-0.345 0.755 -1.055
-0.357 0.842 -1.062
-0.317 0.846 -1.112
-0.321 0.785 -1.045
-0.112 0.816 -1.123
-0.307 0.833 -1.059
-0.187 0.731 -1.053
-0.095 0.791 -1.082
-0.246 0.878 -1.074
-0.140 0.770 -1.055
-0.156 0.810 -1.060
-0.222 0.742 -1.048
-0.279 0.801 -1.041
-0.247 0.832 -1.057
-0.209 0.787 -1.051
-0.187 0.867 -1.072
-0.139 0.839 -1.110
-0.277 0.838 -1.085
-0.490 0.057 -1.137
-0.500 0.088 -1.200
-0.311 0.729 -1.050
-0.290 0.051 -1.153
-0.402 0.695 -1.071
-0.255 0.012 -1.176
-0.165 0.063 -1.206
-0.074 0.607 -1.112
-0.134 0.683 -1.067
-0.492 0.188 -1.224
-0.455 0.054 -1.117
-0.297 0.698 -1.052
-0.172 0.122 -1.180
-0.143 0.314 -1.164
-0.395 0.591 -1.123
-0.322 0.022 -1.158
-0.128 0.414 -1.150
-0.111 0.451 -1.113
-0.190 0.664 -1.062
-0.159 0.244 -1.136
-0.209 0.203 -1.126
-0.149 0.187 -1.177
-0.379 0.047 -1.153
-0.435 0.480 -1.094
-0.132 0.357 -1.135
-0.497 0.117 -1.199
-0.438 0.402 -1.095
-0.170 0.597 -1.069
-0.214 0.143 -1.143
-0.235 0.089 -1.154
-0.192 0.017 -1.204
-0.222 0.046 -1.176
-0.087 0.561 -1.101
-0.462 0.362 -1.132
-0.416 0.619 -1.105
-0.424 0.580 -1.089
-0.478 0.268 -1.167
-0.439 0.545 -1.127
-0.414 0.534 -1.077
-0.222 0.253 -1.114
-0.133 0.627 -1.073
-0.358 0.707 -1.060
-0.347 0.631 -1.072
-0.324 0.658 -1.065
-0.315 0.091 -1.142
-0.075 0.648 -1.088
-0.473 0.313 -1.173
-0.462 0.310 -1.124
-0.452 0.267 -1.108
-0.414 0.303 -1.100
-0.160 0.286 -1.119
-0.203 0.323 -1.104
-0.254 0.678 -1.054
-0.098 0.501 -1.112
-0.206 0.493 -1.083
-0.151 0.454 -1.090
-0.144 0.531 -1.081
-0.481 0.132 -1.131
-0.383 0.187 -1.137
-0.438 0.172 -1.108
-0.434 0.110 -1.118
-0.381 0.122 -1.145
-0.307 0.155 -1.130
-0.486 0.207 -1.186
-0.454 0.440 -1.134
-0.431 0.345 -1.095
-0.373 0.327 -1.119
-0.401 0.400 -1.092
-0.347 0.482 -1.100
-0.356 0.430 -1.106
-0.399 0.470 -1.082
-0.395 0.601 -1.067
-0.270 0.196 -1.124
-0.475 0.203 -1.132
-0.125 0.407 -1.108
-0.152 0.356 -1.104
-0.428 0.226 -1.105
-0.375 0.253 -1.130
-0.283 0.512 -1.092
-0.283 0.457 -1.102
-0.354 0.541 -1.092
-0.326 0.223 -1.122
-0.247 0.627 -1.062
-0.333 0.574 -1.083
-0.246 0.334 -1.105
-0.338 0.360 -1.111
-0.297 0.386 -1.111
-0.247 0.400 -1.100
-0.313 0.298 -1.116
-0.225 0.571 -1.071
-0.287 0.585 -1.081
-0.199 0.415 -1.095
-0.271 0.278 -1.115
-0.392 0.712 -1.078
-0.408 0.645 -1.072
