-0.501 0.084 -1.335
-0.495 0.121 -1.322
-0.479 0.159 -1.320
-0.475 0.193 -1.311
-0.464 0.215 -1.308
-0.455 0.277 -1.292
-0.429 0.291 -1.288
-0.415 0.445 -1.250
-0.389 0.540 -1.225
-0.273 0.523 -1.277
-0.301 0.393 -1.296
-0.407 0.062 -1.356
-0.343 0.272 -1.328
-0.234 0.665 -1.263
-0.365 0.681 -1.170
-0.343 0.687 -1.186
-0.383 0.117 -1.360
-0.288 0.452 -1.282
-0.299 0.514 -1.248
-0.367 0.577 -1.218
-0.480 0.115 -1.331
-0.315 0.681 -1.188
-0.363 0.199 -1.350
-0.384 0.231 -1.327
-0.325 0.326 -1.310
-0.368 0.421 -1.254
-0.266 0.604 -1.277
-0.284 0.597 -1.239
-0.244 0.683 -1.218
-0.357 0.631 -1.201
-0.430 0.115 -1.331
-0.392 0.162 -1.341
-0.416 0.233 -1.303
-0.430 0.179 -1.314
-0.385 0.301 -1.295
-0.337 0.371 -1.285
-0.324 0.434 -1.267
-0.326 0.564 -1.218
-0.395 0.340 -1.275
-0.353 0.496 -1.234
-0.291 0.646 -1.206
-0.069 0.643 -1.136
-0.084 0.611 -1.146
-0.094 0.577 -1.147
-0.108 0.530 -1.153
-0.123 0.457 -1.151
-0.134 0.368 -1.182
-0.137 0.224 -1.185
-0.142 0.145 -1.207
-0.122 0.009 -1.257
-0.074 0.013 -1.297
-0.091 0.036 -1.274
-0.076 0.063 -1.291
-0.076 0.119 -1.289
-0.077 0.227 -1.276
-0.078 0.284 -1.273
-0.081 0.362 -1.256
-0.084 0.467 -1.249
-0.107 0.573 -1.202
-0.125 0.431 -1.189
-0.109 0.598 -1.187
-0.104 0.417 -1.228
-0.155 0.023 -1.235
-0.108 0.072 -1.262
-0.146 0.111 -1.215
-0.116 0.244 -1.244
-0.106 0.281 -1.247
-0.113 0.384 -1.224
-0.112 0.334 -1.231
-0.109 0.481 -1.213
-0.123 0.481 -1.169
-0.117 0.530 -1.181
-0.140 0.078 -1.242
-0.125 0.187 -1.240
-0.088 0.190 -1.265
-0.116 0.124 -1.255
-0.126 0.265 -1.200
-0.347 0.674 -1.108
-0.372 0.644 -1.107
-0.377 0.623 -1.116
-0.415 0.534 -1.144
-0.446 0.485 -1.169
-0.460 0.405 -1.180
-0.466 0.360 -1.185
-0.490 0.163 -1.187
-0.494 0.142 -1.204
-0.490 0.141 -1.319
-0.468 0.239 -1.302
-0.452 0.257 -1.298
-0.450 0.309 -1.285
-0.439 0.336 -1.279
-0.433 0.357 -1.274
-0.432 0.377 -1.269
-0.430 0.395 -1.264
-0.421 0.413 -1.258
-0.394 0.469 -1.244
-0.391 0.498 -1.237
-0.407 0.512 -1.228
-0.385 0.580 -1.209
-0.383 0.609 -1.187
-0.355 0.678 -1.135
-0.420 0.489 -1.216
-0.353 0.662 -1.123
-0.504 0.069 -1.233
-0.499 0.122 -1.241
-0.486 0.208 -1.269
-0.414 0.515 -1.170
-0.403 0.564 -1.173
-0.506 0.077 -1.268
-0.472 0.300 -1.243
-0.483 0.246 -1.212
-0.462 0.343 -1.243
-0.390 0.577 -1.142
-0.453 0.444 -1.185
-0.457 0.389 -1.220
-0.500 0.125 -1.291
-0.477 0.255 -1.265
-0.435 0.437 -1.236
-0.494 0.166 -1.261
-0.370 0.628 -1.143
-0.082 0.048 -1.317
-0.075 0.092 -1.292
-0.075 0.141 -1.285
-0.076 0.168 -1.284
-0.076 0.194 -1.282
-0.077 0.255 -1.274
-0.079 0.331 -1.263
-0.081 0.388 -1.261
-0.083 0.425 -1.254
-0.087 0.451 -1.242
-0.089 0.488 -1.236
-0.089 0.516 -1.234
-0.088 0.544 -1.233
-0.103 0.635 -1.189
-0.086 0.638 -1.163
-0.382 0.632 -1.175
-0.172 0.807 -1.167
-0.087 0.798 -1.175
-0.119 0.755 -1.211
-0.178 0.822 -1.147
-0.157 0.847 -1.116
-0.124 0.825 -1.132
-0.086 0.806 -1.138
-0.106 0.806 -1.169
-0.100 0.779 -1.192
-0.147 0.815 -1.155
-0.173 0.009 -1.351
-0.188 0.036 -1.352
-0.214 0.545 -1.304
-0.220 0.781 -1.182
-0.104 0.015 -1.333
-0.191 0.133 -1.345
-0.091 0.680 -1.189
-0.159 0.011 -1.346
-0.235 0.712 -1.246
-0.093 0.730 -1.219
-0.094 0.674 -1.233
-0.200 0.288 -1.327
-0.195 0.210 -1.336
-0.210 0.448 -1.312
-0.159 0.094 -1.336
-0.150 0.144 -1.327
-0.150 0.767 -1.207
-0.158 0.259 -1.313
-0.165 0.312 -1.310
-0.111 0.271 -1.300
-0.087 0.326 -1.281
-0.109 0.443 -1.277
-0.090 0.579 -1.227
-0.184 0.620 -1.279
-0.216 0.658 -1.287
-0.176 0.720 -1.245
-0.204 0.752 -1.213
-0.175 0.783 -1.185
-0.127 0.338 -1.296
-0.104 0.218 -1.306
-0.105 0.391 -1.282
-0.135 0.493 -1.277
-0.143 0.054 -1.336
-0.153 0.195 -1.320
-0.162 0.398 -1.297
-0.169 0.572 -1.277
-0.098 0.507 -1.262
-0.200 0.357 -1.318
-0.099 0.113 -1.318
-0.118 0.546 -1.266
-0.185 0.504 -1.292
-0.091 0.622 -1.225
-0.169 0.450 -1.291
-0.121 0.708 -1.236
-0.152 0.655 -1.259
-0.102 0.171 -1.312
-0.108 0.605 -1.255
-0.336 0.729 -1.201
-0.383 0.769 -1.138
-0.353 0.739 -1.188
-0.325 0.723 -1.208
-0.351 0.732 -1.163
-0.318 0.786 -1.158
-0.334 0.859 -1.096
-0.367 0.795 -1.089
-0.338 0.823 -1.128
-0.315 0.744 -1.166
-0.288 0.750 -1.138
-0.314 0.734 -1.178
-0.295 0.708 -1.177
-0.268 0.753 -1.040
-0.249 0.719 -1.047
-0.156 0.723 -1.057
-0.113 0.721 -1.067
-0.369 0.769 -1.057
-0.288 0.848 -1.131
-0.345 0.755 -1.054
-0.357 0.842 -1.062
-0.317 0.846 -1.112
-0.321 0.785 -1.045
-0.112 0.817 -1.123
-0.307 0.833 -1.059
-0.187 0.731 -1.053
-0.095 0.791 -1.082
-0.246 0.878 -1.074
-0.140 0.770 -1.055
-0.156 0.810 -1.060
-0.222 0.742 -1.048
-0.279 0.801 -1.041
-0.247 0.832 -1.057
-0.209 0.787 -1.051
-0.187 0.868 -1.072
-0.139 0.839 -1.110
-0.277 0.838 -1.085
-0.490 0.057 -1.133
-0.499 0.087 -1.196
-0.311 0.729 -1.050
-0.291 0.051 -1.150
-0.402 0.695 -1.071
-0.256 0.012 -1.173
-0.166 0.063 -1.205
-0.074 0.607 -1.112
-0.134 0.683 -1.067
-0.490 0.187 -1.221
-0.455 0.054 -1.113
-0.297 0.698 -1.052
-0.173 0.122 -1.179
-0.143 0.314 -1.163
-0.395 0.590 -1.122
-0.322 0.022 -1.154
-0.129 0.414 -1.149
-0.111 0.451 -1.112
-0.190 0.664 -1.061
-0.160 0.244 -1.134
-0.209 0.203 -1.124
-0.149 0.187 -1.175
-0.380 0.047 -1.149
-0.435 0.480 -1.093
-0.133 0.357 -1.134
-0.496 0.116 -1.195
-0.438 0.402 -1.093
-0.170 0.597 -1.068
-0.214 0.143 -1.141
-0.235 0.089 -1.152
-0.193 0.017 -1.202
-0.222 0.046 -1.174
-0.087 0.561 -1.101
-0.461 0.361 -1.130
-0.416 0.619 -1.105
-0.424 0.580 -1.088
-0.477 0.267 -1.164
-0.438 0.545 -1.126
-0.414 0.534 -1.076
-0.222 0.253 -1.112
-0.133 0.627 -1.073
-0.357 0.707 -1.060
-0.347 0.631 -1.071
-0.324 0.658 -1.064
-0.316 0.090 -1.139
-0.075 0.648 -1.088
-0.472 0.312 -1.171
-0.461 0.310 -1.121
-0.452 0.267 -1.105
-0.414 0.303 -1.098
-0.160 0.286 -1.118
-0.203 0.323 -1.103
-0.254 0.678 -1.053
-0.098 0.500 -1.112
-0.206 0.493 -1.082
-0.151 0.454 -1.090
-0.144 0.531 -1.080
-0.481 0.132 -1.128
-0.383 0.186 -1.134
-0.439 0.172 -1.104
-0.434 0.109 -1.114
-0.381 0.121 -1.142
-0.307 0.155 -1.127
-0.486 0.207 -1.183
-0.453 0.440 -1.133
-0.431 0.345 -1.092
-0.374 0.327 -1.117
-0.401 0.400 -1.089
-0.347 0.482 -1.099
-0.356 0.430 -1.104
-0.399 0.470 -1.081
-0.395 0.601 -1.066
-0.270 0.196 -1.122
-0.475 0.203 -1.128
-0.125 0.407 -1.107
-0.152 0.356 -1.103
-0.428 0.226 -1.102
-0.375 0.253 -1.127
-0.283 0.512 -1.091
-0.283 0.457 -1.101
-0.354 0.541 -1.090
-0.326 0.223 -1.120
-0.247 0.627 -1.062
-0.333 0.574 -1.082
-0.246 0.334 -1.104
-0.338 0.360 -1.109
-0.297 0.386 -1.109
-0.247 0.400 -1.099
-0.313 0.297 -1.114
-0.225 0.571 -1.070
-0.287 0.585 -1.080
-0.199 0.415 -1.093
-0.271 0.277 -1.113
-0.392 0.712 -1.078
-0.408 0.645 -1.072
