-0.496 0.081 -1.330
-0.490 0.119 -1.318
-0.475 0.157 -1.316
-0.471 0.191 -1.307
-0.460 0.212 -1.304
-0.452 0.275 -1.289
-0.425 0.289 -1.285
-0.413 0.444 -1.248
-0.388 0.539 -1.224
-0.271 0.522 -1.275
-0.298 0.392 -1.292
-0.402 0.059 -1.349
-0.339 0.270 -1.322
-0.234 0.665 -1.263
-0.365 0.681 -1.170
-0.343 0.686 -1.186
-0.378 0.114 -1.353
-0.286 0.451 -1.278
-0.297 0.513 -1.246
-0.366 0.576 -1.217
-0.476 0.112 -1.326
-0.315 0.680 -1.188
-0.358 0.197 -1.344
-0.380 0.228 -1.322
-0.321 0.324 -1.305
-0.366 0.420 -1.251
-0.264 0.603 -1.276
-0.283 0.596 -1.238
-0.244 0.683 -1.218
-0.356 0.631 -1.201
-0.425 0.112 -1.325
-0.387 0.160 -1.335
-0.412 0.231 -1.298
-0.426 0.177 -1.308
-0.382 0.299 -1.291
-0.334 0.369 -1.281
-0.321 0.432 -1.264
-0.325 0.563 -1.217
-0.392 0.339 -1.271
-0.352 0.496 -1.232
-0.291 0.646 -1.205
-0.069 0.643 -1.135
-0.084 0.611 -1.145
-0.094 0.577 -1.146
-0.108 0.530 -1.152
-0.123 0.457 -1.150
-0.134 0.368 -1.180
-0.137 0.224 -1.183
-0.143 0.145 -1.205
-0.122 0.008 -1.255
-0.075 0.013 -1.295
-0.092 0.036 -1.272
-0.077 0.063 -1.289
-0.077 0.119 -1.287
-0.078 0.227 -1.275
-0.079 0.284 -1.271
-0.082 0.362 -1.254
-0.084 0.466 -1.248
-0.107 0.572 -1.201
-0.125 0.431 -1.188
-0.109 0.598 -1.187
-0.104 0.417 -1.227
-0.155 0.023 -1.233
-0.109 0.072 -1.260
-0.147 0.110 -1.213
-0.116 0.244 -1.242
-0.106 0.281 -1.246
-0.113 0.384 -1.223
-0.113 0.334 -1.229
-0.110 0.480 -1.212
-0.123 0.481 -1.168
-0.117 0.530 -1.180
-0.141 0.078 -1.239
-0.126 0.187 -1.238
-0.089 0.189 -1.263
-0.117 0.124 -1.253
-0.126 0.265 -1.199
-0.347 0.674 -1.107
-0.372 0.644 -1.106
-0.376 0.623 -1.116
-0.415 0.534 -1.143
-0.445 0.485 -1.168
-0.459 0.405 -1.179
-0.464 0.359 -1.183
-0.488 0.162 -1.183
-0.492 0.141 -1.199
-0.485 0.138 -1.315
-0.464 0.237 -1.298
-0.448 0.255 -1.295
-0.446 0.307 -1.281
-0.436 0.334 -1.276
-0.430 0.355 -1.271
-0.430 0.376 -1.267
-0.428 0.393 -1.261
-0.419 0.411 -1.256
-0.392 0.467 -1.242
-0.390 0.497 -1.235
-0.406 0.511 -1.226
-0.384 0.579 -1.208
-0.383 0.609 -1.186
-0.355 0.678 -1.135
-0.418 0.488 -1.214
-0.353 0.662 -1.123
-0.502 0.067 -1.228
-0.497 0.120 -1.237
-0.483 0.206 -1.265
-0.413 0.515 -1.169
-0.403 0.563 -1.172
-0.503 0.075 -1.264
-0.470 0.298 -1.240
-0.481 0.245 -1.209
-0.460 0.342 -1.240
-0.389 0.577 -1.141
-0.451 0.443 -1.184
-0.455 0.388 -1.218
-0.496 0.123 -1.287
-0.474 0.253 -1.262
-0.433 0.436 -1.234
-0.491 0.164 -1.257
-0.369 0.627 -1.143
-0.083 0.047 -1.315
-0.076 0.092 -1.290
-0.076 0.141 -1.284
-0.077 0.167 -1.283
-0.077 0.194 -1.280
-0.078 0.254 -1.272
-0.080 0.331 -1.262
-0.082 0.388 -1.260
-0.083 0.425 -1.253
-0.088 0.451 -1.241
-0.090 0.488 -1.235
-0.089 0.516 -1.233
-0.088 0.543 -1.232
-0.103 0.635 -1.189
-0.086 0.638 -1.162
-0.381 0.631 -1.175
-0.172 0.807 -1.167
-0.087 0.798 -1.175
-0.119 0.755 -1.211
-0.177 0.822 -1.147
-0.157 0.847 -1.116
-0.124 0.825 -1.132
-0.086 0.806 -1.138
-0.106 0.806 -1.169
-0.100 0.779 -1.192
-0.147 0.815 -1.155
-0.174 0.009 -1.348
-0.189 0.036 -1.350
-0.215 0.545 -1.303
-0.220 0.781 -1.182
-0.106 0.015 -1.331
-0.192 0.133 -1.343
-0.091 0.680 -1.189
-0.160 0.010 -1.344
-0.235 0.712 -1.246
-0.093 0.730 -1.219
-0.094 0.674 -1.233
-0.200 0.288 -1.325
-0.196 0.210 -1.334
-0.211 0.447 -1.311
-0.160 0.094 -1.334
-0.151 0.143 -1.325
-0.150 0.767 -1.207
-0.159 0.259 -1.312
-0.166 0.312 -1.308
-0.112 0.271 -1.299
-0.088 0.325 -1.279
-0.109 0.442 -1.276
-0.091 0.578 -1.226
-0.184 0.620 -1.278
-0.216 0.658 -1.287
-0.175 0.720 -1.245
-0.204 0.752 -1.213
-0.175 0.783 -1.185
-0.128 0.337 -1.294
-0.105 0.218 -1.304
-0.105 0.390 -1.281
-0.135 0.493 -1.276
-0.144 0.053 -1.334
-0.154 0.195 -1.318
-0.163 0.398 -1.295
-0.169 0.571 -1.276
-0.098 0.507 -1.261
-0.201 0.356 -1.316
-0.100 0.113 -1.316
-0.118 0.546 -1.265
-0.185 0.504 -1.291
-0.091 0.622 -1.224
-0.169 0.450 -1.290
-0.121 0.707 -1.236
-0.152 0.655 -1.258
-0.103 0.171 -1.310
-0.108 0.605 -1.254
-0.336 0.729 -1.201
-0.383 0.769 -1.138
-0.353 0.739 -1.188
-0.325 0.723 -1.208
-0.351 0.732 -1.162
-0.318 0.786 -1.158
-0.334 0.859 -1.096
-0.367 0.795 -1.089
-0.339 0.823 -1.128
-0.315 0.744 -1.166
-0.288 0.750 -1.138
-0.314 0.734 -1.178
-0.295 0.708 -1.176
-0.268 0.753 -1.040
-0.249 0.720 -1.047
-0.156 0.723 -1.057
-0.113 0.721 -1.067
-0.369 0.769 -1.057
-0.288 0.848 -1.131
-0.345 0.755 -1.054
-0.357 0.842 -1.062
-0.317 0.846 -1.112
-0.321 0.785 -1.045
-0.112 0.817 -1.123
-0.307 0.833 -1.059
-0.187 0.731 -1.053
-0.095 0.791 -1.082
-0.246 0.878 -1.074
-0.140 0.771 -1.055
-0.156 0.810 -1.060
-0.222 0.743 -1.047
-0.279 0.801 -1.041
-0.247 0.832 -1.057
-0.209 0.787 -1.051
-0.187 0.868 -1.072
-0.139 0.839 -1.110
-0.277 0.838 -1.085
-0.489 0.057 -1.128
-0.497 0.086 -1.191
-0.311 0.729 -1.050
-0.291 0.051 -1.147
-0.402 0.695 -1.071
-0.256 0.012 -1.170
-0.167 0.063 -1.202
-0.074 0.607 -1.112
-0.134 0.683 -1.066
-0.488 0.185 -1.217
-0.455 0.054 -1.107
-0.297 0.698 -1.051
-0.173 0.122 -1.176
-0.143 0.314 -1.162
-0.395 0.590 -1.121
-0.322 0.022 -1.150
-0.129 0.414 -1.148
-0.111 0.451 -1.111
-0.190 0.664 -1.060
-0.159 0.244 -1.132
-0.209 0.203 -1.122
-0.149 0.187 -1.173
-0.380 0.047 -1.144
-0.435 0.480 -1.091
-0.133 0.357 -1.133
-0.494 0.115 -1.191
-0.438 0.402 -1.091
-0.170 0.598 -1.068
-0.214 0.142 -1.138
-0.235 0.089 -1.149
-0.193 0.017 -1.200
-0.223 0.046 -1.171
-0.087 0.561 -1.100
-0.461 0.361 -1.127
-0.416 0.619 -1.104
-0.424 0.580 -1.087
-0.476 0.266 -1.161
-0.438 0.545 -1.125
-0.414 0.534 -1.075
-0.221 0.253 -1.109
-0.133 0.627 -1.072
-0.357 0.707 -1.059
-0.347 0.631 -1.071
-0.324 0.658 -1.064
-0.315 0.090 -1.135
-0.075 0.648 -1.087
-0.471 0.311 -1.168
-0.461 0.310 -1.118
-0.452 0.267 -1.101
-0.414 0.303 -1.094
-0.160 0.286 -1.116
-0.202 0.323 -1.101
-0.254 0.678 -1.053
-0.098 0.501 -1.111
-0.205 0.493 -1.081
-0.151 0.454 -1.088
-0.143 0.532 -1.079
-0.480 0.132 -1.123
-0.383 0.186 -1.129
-0.438 0.172 -1.100
-0.434 0.109 -1.109
-0.381 0.121 -1.137
-0.307 0.155 -1.124
-0.484 0.206 -1.179
-0.453 0.439 -1.131
-0.431 0.345 -1.090
-0.373 0.327 -1.114
-0.401 0.400 -1.087
-0.347 0.482 -1.097
-0.356 0.430 -1.102
-0.399 0.470 -1.079
-0.395 0.601 -1.065
-0.270 0.196 -1.118
-0.474 0.203 -1.125
-0.125 0.408 -1.106
-0.152 0.356 -1.102
-0.428 0.226 -1.098
-0.375 0.253 -1.124
-0.283 0.512 -1.090
-0.283 0.457 -1.099
-0.354 0.540 -1.089
-0.326 0.223 -1.116
-0.247 0.627 -1.061
-0.333 0.574 -1.081
-0.246 0.334 -1.101
-0.338 0.360 -1.106
-0.297 0.386 -1.107
-0.247 0.400 -1.097
-0.313 0.297 -1.111
-0.225 0.571 -1.069
-0.287 0.585 -1.079
-0.199 0.415 -1.092
-0.271 0.277 -1.110
-0.392 0.712 -1.078
-0.407 0.645 -1.071
