-0.491 0.078 -1.325
-0.485 0.116 -1.313
-0.470 0.154 -1.311
-0.466 0.188 -1.303
-0.456 0.210 -1.300
-0.448 0.273 -1.285
-0.422 0.287 -1.281
-0.411 0.442 -1.246
-0.386 0.538 -1.223
-0.268 0.521 -1.272
-0.295 0.390 -1.287
-0.396 0.056 -1.341
-0.335 0.268 -1.316
-0.234 0.665 -1.263
-0.364 0.680 -1.170
-0.342 0.686 -1.186
-0.372 0.111 -1.345
-0.283 0.449 -1.274
-0.295 0.512 -1.244
-0.365 0.575 -1.216
-0.471 0.110 -1.320
-0.315 0.680 -1.188
-0.353 0.194 -1.337
-0.375 0.226 -1.316
-0.318 0.322 -1.300
-0.363 0.418 -1.248
-0.262 0.601 -1.275
-0.282 0.596 -1.237
-0.244 0.683 -1.218
-0.356 0.630 -1.200
-0.420 0.109 -1.318
-0.382 0.157 -1.329
-0.408 0.229 -1.293
-0.421 0.175 -1.303
-0.378 0.297 -1.286
-0.331 0.367 -1.277
-0.319 0.431 -1.260
-0.323 0.563 -1.216
-0.389 0.337 -1.267
-0.350 0.495 -1.230
-0.290 0.646 -1.205
-0.069 0.643 -1.135
-0.084 0.611 -1.144
-0.094 0.577 -1.145
-0.108 0.530 -1.151
-0.123 0.457 -1.149
-0.134 0.368 -1.178
-0.137 0.224 -1.180
-0.143 0.145 -1.202
-0.123 0.008 -1.252
-0.076 0.012 -1.292
-0.092 0.035 -1.269
-0.077 0.062 -1.286
-0.077 0.118 -1.285
-0.079 0.226 -1.272
-0.079 0.283 -1.269
-0.082 0.361 -1.252
-0.085 0.466 -1.246
-0.107 0.572 -1.200
-0.125 0.430 -1.186
-0.109 0.598 -1.186
-0.105 0.417 -1.225
-0.155 0.022 -1.229
-0.110 0.071 -1.257
-0.147 0.110 -1.210
-0.117 0.244 -1.239
-0.107 0.280 -1.243
-0.114 0.384 -1.221
-0.113 0.333 -1.227
-0.110 0.480 -1.210
-0.123 0.481 -1.166
-0.117 0.530 -1.179
-0.141 0.078 -1.236
-0.126 0.187 -1.235
-0.089 0.189 -1.261
-0.118 0.124 -1.250
-0.126 0.265 -1.196
-0.346 0.674 -1.107
-0.371 0.644 -1.106
-0.376 0.623 -1.115
-0.414 0.534 -1.142
-0.444 0.484 -1.166
-0.457 0.404 -1.176
-0.463 0.358 -1.180
-0.486 0.161 -1.179
-0.490 0.139 -1.195
-0.481 0.136 -1.310
-0.460 0.234 -1.294
-0.444 0.253 -1.291
-0.443 0.304 -1.278
-0.432 0.332 -1.273
-0.427 0.353 -1.268
-0.427 0.374 -1.264
-0.425 0.391 -1.259
-0.416 0.410 -1.253
-0.390 0.466 -1.239
-0.388 0.496 -1.233
-0.404 0.509 -1.225
-0.383 0.578 -1.207
-0.382 0.608 -1.186
-0.354 0.678 -1.134
-0.417 0.486 -1.213
-0.352 0.662 -1.123
-0.499 0.065 -1.223
-0.494 0.118 -1.233
-0.479 0.204 -1.261
-0.412 0.514 -1.167
-0.402 0.563 -1.171
-0.499 0.073 -1.258
-0.467 0.296 -1.237
-0.479 0.243 -1.205
-0.457 0.340 -1.238
-0.388 0.576 -1.140
-0.450 0.442 -1.182
-0.453 0.387 -1.215
-0.492 0.121 -1.282
-0.471 0.251 -1.259
-0.431 0.434 -1.232
-0.487 0.162 -1.252
-0.369 0.627 -1.142
-0.084 0.046 -1.312
-0.076 0.091 -1.288
-0.076 0.140 -1.281
-0.077 0.167 -1.280
-0.078 0.193 -1.278
-0.079 0.254 -1.270
-0.080 0.330 -1.260
-0.082 0.388 -1.258
-0.084 0.424 -1.251
-0.088 0.450 -1.239
-0.090 0.487 -1.234
-0.089 0.515 -1.232
-0.089 0.543 -1.231
-0.104 0.634 -1.188
-0.086 0.638 -1.161
-0.380 0.630 -1.174
-0.172 0.807 -1.167
-0.087 0.798 -1.175
-0.119 0.755 -1.210
-0.177 0.822 -1.147
-0.157 0.847 -1.116
-0.124 0.825 -1.132
-0.086 0.806 -1.138
-0.106 0.806 -1.169
-0.100 0.779 -1.192
-0.147 0.815 -1.155
-0.175 0.008 -1.345
-0.190 0.035 -1.347
-0.215 0.544 -1.302
-0.220 0.781 -1.182
-0.106 0.014 -1.327
-0.193 0.132 -1.340
-0.091 0.680 -1.188
-0.161 0.010 -1.341
-0.235 0.712 -1.246
-0.093 0.730 -1.219
-0.095 0.673 -1.232
-0.201 0.287 -1.323
-0.196 0.209 -1.332
-0.211 0.447 -1.309
-0.161 0.093 -1.331
-0.152 0.142 -1.322
-0.150 0.767 -1.207
-0.159 0.259 -1.309
-0.167 0.311 -1.306
-0.113 0.270 -1.297
-0.088 0.325 -1.277
-0.110 0.442 -1.274
-0.091 0.578 -1.225
-0.184 0.620 -1.278
-0.216 0.657 -1.287
-0.175 0.720 -1.245
-0.204 0.752 -1.213
-0.175 0.783 -1.185
-0.128 0.337 -1.292
-0.106 0.217 -1.302
-0.106 0.390 -1.279
-0.135 0.492 -1.274
-0.145 0.053 -1.331
-0.155 0.194 -1.316
-0.163 0.397 -1.293
-0.170 0.571 -1.275
-0.099 0.506 -1.259
-0.202 0.356 -1.314
-0.101 0.112 -1.314
-0.118 0.545 -1.264
-0.185 0.504 -1.289
-0.091 0.622 -1.223
-0.170 0.449 -1.288
-0.121 0.707 -1.235
-0.152 0.654 -1.257
-0.104 0.170 -1.308
-0.108 0.604 -1.253
-0.336 0.729 -1.201
-0.383 0.769 -1.138
-0.353 0.739 -1.187
-0.325 0.723 -1.208
-0.351 0.732 -1.162
-0.319 0.786 -1.158
-0.334 0.859 -1.096
-0.367 0.795 -1.089
-0.339 0.823 -1.128
-0.315 0.744 -1.166
-0.288 0.750 -1.138
-0.314 0.734 -1.178
-0.295 0.707 -1.176
-0.268 0.753 -1.039
-0.249 0.720 -1.046
-0.156 0.723 -1.056
-0.113 0.721 -1.066
-0.369 0.769 -1.057
-0.288 0.848 -1.131
-0.345 0.755 -1.054
-0.358 0.842 -1.062
-0.317 0.846 -1.112
-0.321 0.785 -1.045
-0.112 0.817 -1.123
-0.307 0.833 -1.059
-0.187 0.731 -1.052
-0.095 0.791 -1.082
-0.246 0.878 -1.074
-0.140 0.771 -1.054
-0.156 0.810 -1.060
-0.222 0.743 -1.047
-0.279 0.801 -1.041
-0.247 0.832 -1.057
-0.209 0.788 -1.051
-0.187 0.868 -1.072
-0.139 0.839 -1.110
-0.277 0.838 -1.085
-0.488 0.056 -1.122
-0.495 0.085 -1.186
-0.311 0.729 -1.049
-0.290 0.050 -1.142
-0.402 0.695 -1.071
-0.255 0.011 -1.165
-0.167 0.062 -1.199
-0.074 0.607 -1.111
-0.134 0.683 -1.065
-0.485 0.184 -1.213
-0.454 0.053 -1.101
-0.297 0.698 -1.051
-0.173 0.122 -1.173
-0.143 0.314 -1.159
-0.394 0.590 -1.120
-0.321 0.021 -1.145
-0.129 0.414 -1.146
-0.111 0.452 -1.109
-0.190 0.664 -1.060
-0.159 0.244 -1.130
-0.208 0.203 -1.118
-0.149 0.187 -1.171
-0.379 0.046 -1.139
-0.435 0.479 -1.090
-0.132 0.357 -1.131
-0.492 0.113 -1.186
-0.437 0.402 -1.089
-0.170 0.598 -1.066
-0.214 0.142 -1.135
-0.235 0.089 -1.144
-0.193 0.016 -1.196
-0.222 0.045 -1.167
-0.087 0.561 -1.099
-0.460 0.361 -1.125
-0.416 0.619 -1.104
-0.423 0.580 -1.087
-0.475 0.265 -1.158
-0.437 0.544 -1.124
-0.413 0.534 -1.074
-0.221 0.253 -1.106
-0.133 0.627 -1.071
-0.357 0.707 -1.059
-0.346 0.632 -1.070
-0.323 0.658 -1.063
-0.315 0.090 -1.130
-0.075 0.649 -1.087
-0.470 0.310 -1.165
-0.460 0.309 -1.115
-0.451 0.267 -1.098
-0.414 0.303 -1.091
-0.160 0.286 -1.114
-0.202 0.323 -1.098
-0.254 0.678 -1.052
-0.098 0.501 -1.110
-0.205 0.493 -1.079
-0.151 0.454 -1.086
-0.143 0.532 -1.078
-0.479 0.131 -1.118
-0.382 0.186 -1.125
-0.438 0.172 -1.095
-0.433 0.109 -1.103
-0.381 0.121 -1.132
-0.306 0.155 -1.119
-0.482 0.205 -1.175
-0.452 0.439 -1.129
-0.431 0.345 -1.087
-0.373 0.327 -1.110
-0.400 0.400 -1.085
-0.347 0.482 -1.095
-0.355 0.429 -1.100
-0.399 0.470 -1.077
-0.395 0.601 -1.065
-0.269 0.195 -1.114
-0.474 0.202 -1.120
-0.125 0.408 -1.104
-0.151 0.356 -1.099
-0.428 0.226 -1.094
-0.375 0.252 -1.119
-0.283 0.512 -1.088
-0.282 0.457 -1.096
-0.354 0.540 -1.088
-0.325 0.222 -1.112
-0.247 0.627 -1.060
-0.332 0.574 -1.079
-0.245 0.334 -1.098
-0.338 0.360 -1.103
-0.296 0.386 -1.104
-0.246 0.400 -1.094
-0.312 0.297 -1.107
-0.225 0.571 -1.068
-0.287 0.585 -1.078
-0.198 0.415 -1.090
-0.270 0.277 -1.106
-0.392 0.712 -1.078
-0.407 0.645 -1.071
