-0.485 0.075 -1.319
-0.480 0.113 -1.307
-0.465 0.151 -1.306
-0.461 0.186 -1.298
-0.451 0.207 -1.295
-0.444 0.270 -1.281
-0.417 0.284 -1.276
-0.408 0.440 -1.243
-0.385 0.537 -1.221
-0.265 0.520 -1.269
-0.291 0.388 -1.282
-0.390 0.053 -1.332
-0.330 0.265 -1.310
-0.234 0.665 -1.263
-0.364 0.679 -1.169
-0.342 0.685 -1.185
-0.366 0.108 -1.337
-0.280 0.448 -1.270
-0.293 0.511 -1.241
-0.364 0.574 -1.215
-0.465 0.107 -1.315
-0.314 0.680 -1.187
-0.347 0.191 -1.330
-0.370 0.223 -1.309
-0.313 0.320 -1.294
-0.360 0.417 -1.244
-0.259 0.600 -1.273
-0.281 0.595 -1.236
-0.244 0.684 -1.218
-0.355 0.629 -1.200
-0.414 0.107 -1.311
-0.376 0.154 -1.321
-0.403 0.226 -1.287
-0.416 0.172 -1.297
-0.374 0.294 -1.281
-0.327 0.366 -1.272
-0.316 0.430 -1.256
-0.322 0.562 -1.214
-0.385 0.335 -1.263
-0.348 0.493 -1.227
-0.290 0.645 -1.204
-0.069 0.643 -1.134
-0.084 0.611 -1.143
-0.094 0.577 -1.144
-0.108 0.530 -1.149
-0.123 0.457 -1.146
-0.134 0.367 -1.176
-0.137 0.224 -1.177
-0.142 0.144 -1.198
-0.123 0.007 -1.247
-0.076 0.011 -1.288
-0.092 0.035 -1.265
-0.077 0.061 -1.282
-0.077 0.118 -1.281
-0.079 0.226 -1.269
-0.079 0.283 -1.266
-0.083 0.361 -1.250
-0.085 0.465 -1.244
-0.107 0.572 -1.199
-0.125 0.430 -1.184
-0.109 0.598 -1.184
-0.105 0.416 -1.223
-0.155 0.022 -1.225
-0.109 0.071 -1.253
-0.146 0.110 -1.206
-0.117 0.243 -1.236
-0.107 0.280 -1.240
-0.114 0.383 -1.218
-0.113 0.333 -1.225
-0.110 0.480 -1.208
-0.123 0.481 -1.164
-0.117 0.529 -1.177
-0.141 0.077 -1.232
-0.126 0.186 -1.232
-0.089 0.188 -1.257
-0.118 0.123 -1.246
-0.126 0.265 -1.193
-0.346 0.673 -1.106
-0.371 0.644 -1.105
-0.376 0.622 -1.114
-0.413 0.533 -1.141
-0.442 0.483 -1.165
-0.455 0.402 -1.174
-0.461 0.356 -1.177
-0.484 0.160 -1.174
-0.487 0.138 -1.190
-0.475 0.133 -1.305
-0.455 0.232 -1.290
-0.439 0.250 -1.286
-0.439 0.302 -1.274
-0.429 0.330 -1.270
-0.424 0.351 -1.265
-0.423 0.371 -1.261
-0.422 0.389 -1.256
-0.413 0.408 -1.251
-0.388 0.464 -1.237
-0.386 0.494 -1.231
-0.402 0.508 -1.223
-0.382 0.577 -1.206
-0.381 0.607 -1.185
-0.354 0.677 -1.134
-0.415 0.485 -1.211
-0.352 0.662 -1.122
-0.495 0.063 -1.217
-0.490 0.116 -1.227
-0.475 0.202 -1.257
-0.411 0.513 -1.166
-0.401 0.562 -1.170
-0.495 0.070 -1.253
-0.464 0.294 -1.233
-0.476 0.242 -1.201
-0.454 0.338 -1.235
-0.388 0.576 -1.139
-0.448 0.441 -1.180
-0.450 0.385 -1.213
-0.487 0.118 -1.277
-0.467 0.249 -1.255
-0.428 0.432 -1.230
-0.483 0.160 -1.248
-0.368 0.627 -1.141
-0.084 0.046 -1.308
-0.076 0.090 -1.284
-0.076 0.139 -1.278
-0.078 0.166 -1.277
-0.078 0.193 -1.275
-0.079 0.253 -1.267
-0.080 0.330 -1.257
-0.083 0.387 -1.256
-0.084 0.424 -1.249
-0.088 0.450 -1.237
-0.090 0.487 -1.232
-0.090 0.515 -1.230
-0.089 0.542 -1.229
-0.104 0.634 -1.186
-0.086 0.638 -1.160
-0.380 0.630 -1.174
-0.172 0.807 -1.167
-0.087 0.798 -1.175
-0.119 0.755 -1.210
-0.177 0.822 -1.147
-0.157 0.847 -1.116
-0.124 0.825 -1.132
-0.086 0.806 -1.138
-0.105 0.806 -1.169
-0.100 0.779 -1.192
-0.147 0.815 -1.155
-0.175 0.007 -1.340
-0.190 0.034 -1.342
-0.215 0.543 -1.300
-0.220 0.781 -1.182
-0.107 0.013 -1.323
-0.194 0.131 -1.336
-0.092 0.679 -1.187
-0.161 0.009 -1.336
-0.235 0.712 -1.246
-0.093 0.729 -1.218
-0.095 0.673 -1.231
-0.202 0.286 -1.320
-0.197 0.208 -1.328
-0.212 0.446 -1.307
-0.162 0.092 -1.327
-0.152 0.142 -1.318
-0.149 0.767 -1.207
-0.160 0.258 -1.306
-0.167 0.310 -1.303
-0.113 0.269 -1.294
-0.089 0.324 -1.275
-0.110 0.441 -1.272
-0.091 0.578 -1.223
-0.185 0.619 -1.276
-0.216 0.657 -1.286
-0.175 0.720 -1.244
-0.204 0.752 -1.213
-0.175 0.783 -1.185
-0.129 0.336 -1.289
-0.106 0.216 -1.299
-0.106 0.389 -1.277
-0.136 0.492 -1.272
-0.145 0.052 -1.327
-0.156 0.193 -1.312
-0.164 0.396 -1.291
-0.170 0.570 -1.274
-0.099 0.506 -1.258
-0.202 0.355 -1.311
-0.101 0.111 -1.310
-0.119 0.545 -1.262
-0.186 0.503 -1.287
-0.091 0.621 -1.222
-0.170 0.449 -1.286
-0.121 0.707 -1.235
-0.152 0.654 -1.257
-0.104 0.169 -1.304
-0.108 0.604 -1.252
-0.336 0.729 -1.201
-0.383 0.769 -1.138
-0.353 0.739 -1.187
-0.326 0.723 -1.208
-0.351 0.731 -1.162
-0.319 0.785 -1.159
-0.334 0.859 -1.096
-0.367 0.795 -1.089
-0.339 0.823 -1.128
-0.315 0.744 -1.166
-0.288 0.750 -1.138
-0.314 0.734 -1.178
-0.295 0.707 -1.176
-0.268 0.753 -1.039
-0.249 0.720 -1.046
-0.156 0.724 -1.056
-0.113 0.721 -1.065
-0.369 0.769 -1.057
-0.288 0.848 -1.131
-0.345 0.755 -1.054
-0.358 0.842 -1.062
-0.317 0.846 -1.112
-0.321 0.785 -1.045
-0.112 0.817 -1.123
-0.307 0.833 -1.059
-0.187 0.731 -1.051
-0.095 0.791 -1.082
-0.246 0.878 -1.074
-0.139 0.771 -1.054
-0.156 0.810 -1.060
-0.222 0.743 -1.046
-0.279 0.801 -1.041
-0.247 0.832 -1.056
-0.209 0.788 -1.050
-0.187 0.868 -1.072
-0.139 0.839 -1.110
-0.277 0.838 -1.085
-0.487 0.055 -1.116
-0.492 0.084 -1.181
-0.311 0.729 -1.049
-0.289 0.050 -1.136
-0.402 0.695 -1.071
-0.254 0.011 -1.160
-0.166 0.062 -1.194
-0.074 0.607 -1.109
-0.134 0.683 -1.064
-0.482 0.182 -1.209
-0.453 0.053 -1.095
-0.297 0.698 -1.050
-0.172 0.121 -1.169
-0.143 0.314 -1.156
-0.393 0.590 -1.120
-0.320 0.021 -1.138
-0.128 0.414 -1.143
-0.110 0.452 -1.107
-0.189 0.664 -1.059
-0.158 0.244 -1.126
-0.207 0.203 -1.114
-0.149 0.187 -1.167
-0.378 0.045 -1.132
-0.434 0.479 -1.088
-0.132 0.357 -1.128
-0.489 0.112 -1.181
-0.437 0.401 -1.086
-0.170 0.598 -1.065
-0.213 0.142 -1.130
-0.233 0.088 -1.139
-0.192 0.016 -1.191
-0.221 0.045 -1.162
-0.087 0.561 -1.097
-0.459 0.360 -1.122
-0.415 0.618 -1.103
-0.423 0.580 -1.086
-0.473 0.264 -1.154
-0.436 0.543 -1.124
-0.413 0.534 -1.073
-0.220 0.253 -1.102
-0.133 0.627 -1.070
-0.357 0.707 -1.059
-0.346 0.632 -1.069
-0.323 0.658 -1.062
-0.314 0.089 -1.124
-0.075 0.649 -1.085
-0.468 0.309 -1.162
-0.459 0.309 -1.112
-0.450 0.267 -1.094
-0.413 0.303 -1.087
-0.159 0.286 -1.110
-0.201 0.323 -1.095
-0.254 0.678 -1.051
-0.098 0.501 -1.108
-0.205 0.493 -1.077
-0.150 0.454 -1.084
-0.143 0.532 -1.076
-0.478 0.131 -1.113
-0.381 0.185 -1.120
-0.437 0.172 -1.090
-0.432 0.109 -1.098
-0.380 0.120 -1.126
-0.305 0.154 -1.114
-0.480 0.203 -1.171
-0.451 0.438 -1.127
-0.430 0.344 -1.084
-0.372 0.326 -1.106
-0.400 0.400 -1.082
-0.346 0.481 -1.093
-0.355 0.429 -1.097
-0.399 0.470 -1.075
-0.394 0.601 -1.064
-0.268 0.195 -1.110
-0.472 0.202 -1.116
-0.124 0.408 -1.102
-0.151 0.357 -1.097
-0.427 0.226 -1.089
-0.374 0.252 -1.115
-0.282 0.511 -1.086
-0.282 0.456 -1.094
-0.353 0.540 -1.086
-0.324 0.222 -1.107
-0.247 0.627 -1.059
-0.332 0.574 -1.078
-0.245 0.334 -1.095
-0.337 0.359 -1.100
-0.296 0.386 -1.101
-0.245 0.400 -1.091
-0.311 0.297 -1.103
-0.224 0.571 -1.066
-0.286 0.585 -1.076
-0.197 0.415 -1.087
-0.270 0.277 -1.102
-0.392 0.712 -1.078
-0.407 0.645 -1.071
