-0.478 0.072 -1.313
-0.474 0.110 -1.302
-0.459 0.148 -1.300
-0.456 0.183 -1.293
-0.446 0.204 -1.290
-0.439 0.268 -1.277
-0.413 0.282 -1.271
-0.405 0.438 -1.241
-0.383 0.535 -1.220
-0.263 0.518 -1.265
-0.287 0.387 -1.277
-0.383 0.050 -1.324
-0.324 0.263 -1.303
-0.234 0.665 -1.263
-0.363 0.679 -1.169
-0.342 0.685 -1.185
-0.359 0.105 -1.328
-0.277 0.446 -1.266
-0.291 0.510 -1.238
-0.363 0.573 -1.214
-0.459 0.103 -1.309
-0.314 0.679 -1.187
-0.341 0.188 -1.322
-0.364 0.220 -1.303
-0.308 0.318 -1.288
-0.357 0.415 -1.241
-0.257 0.598 -1.271
-0.279 0.594 -1.235
-0.244 0.684 -1.218
-0.354 0.628 -1.199
-0.408 0.104 -1.304
-0.370 0.151 -1.314
-0.398 0.224 -1.281
-0.410 0.169 -1.290
-0.369 0.292 -1.275
-0.323 0.364 -1.266
-0.312 0.428 -1.252
-0.320 0.562 -1.213
-0.381 0.333 -1.258
-0.346 0.492 -1.225
-0.289 0.645 -1.204
-0.069 0.643 -1.132
-0.084 0.611 -1.142
-0.094 0.577 -1.142
-0.107 0.530 -1.147
-0.122 0.457 -1.144
-0.134 0.367 -1.172
-0.136 0.223 -1.173
-0.142 0.144 -1.193
-0.122 0.006 -1.242
-0.076 0.011 -1.283
-0.092 0.034 -1.260
-0.077 0.061 -1.278
-0.077 0.117 -1.277
-0.079 0.225 -1.266
-0.079 0.282 -1.263
-0.083 0.360 -1.247
-0.085 0.465 -1.242
-0.107 0.571 -1.197
-0.125 0.430 -1.181
-0.109 0.598 -1.182
-0.105 0.416 -1.220
-0.154 0.021 -1.219
-0.109 0.070 -1.248
-0.146 0.109 -1.201
-0.117 0.242 -1.232
-0.107 0.279 -1.237
-0.114 0.383 -1.215
-0.113 0.332 -1.221
-0.110 0.479 -1.206
-0.123 0.481 -1.162
-0.117 0.529 -1.175
-0.140 0.076 -1.227
-0.126 0.186 -1.227
-0.089 0.188 -1.253
-0.117 0.122 -1.241
-0.126 0.264 -1.189
-0.346 0.673 -1.106
-0.370 0.643 -1.105
-0.375 0.622 -1.114
-0.411 0.532 -1.140
-0.441 0.482 -1.163
-0.453 0.401 -1.172
-0.459 0.355 -1.175
-0.481 0.158 -1.169
-0.484 0.136 -1.185
-0.469 0.130 -1.299
-0.450 0.229 -1.285
-0.434 0.248 -1.282
-0.434 0.299 -1.270
-0.424 0.327 -1.266
-0.420 0.348 -1.261
-0.420 0.369 -1.257
-0.418 0.387 -1.253
-0.410 0.406 -1.248
-0.385 0.463 -1.235
-0.384 0.493 -1.229
-0.400 0.506 -1.222
-0.381 0.576 -1.205
-0.380 0.606 -1.184
-0.354 0.677 -1.133
-0.413 0.483 -1.209
-0.351 0.661 -1.122
-0.491 0.061 -1.211
-0.486 0.114 -1.222
-0.471 0.199 -1.253
-0.409 0.512 -1.164
-0.399 0.561 -1.169
-0.490 0.068 -1.247
-0.460 0.292 -1.230
-0.473 0.240 -1.197
-0.451 0.336 -1.231
-0.387 0.575 -1.138
-0.446 0.439 -1.178
-0.447 0.383 -1.210
-0.482 0.115 -1.272
-0.463 0.247 -1.251
-0.425 0.431 -1.228
-0.479 0.158 -1.243
-0.368 0.626 -1.141
-0.084 0.045 -1.303
-0.076 0.090 -1.279
-0.076 0.139 -1.273
-0.078 0.165 -1.273
-0.078 0.192 -1.271
-0.079 0.252 -1.264
-0.081 0.329 -1.254
-0.083 0.386 -1.253
-0.084 0.423 -1.247
-0.088 0.449 -1.234
-0.090 0.486 -1.229
-0.090 0.514 -1.228
-0.089 0.542 -1.227
-0.104 0.634 -1.185
-0.086 0.638 -1.159
-0.379 0.629 -1.173
-0.172 0.807 -1.167
-0.087 0.798 -1.175
-0.119 0.754 -1.210
-0.177 0.822 -1.148
-0.157 0.847 -1.116
-0.124 0.825 -1.132
-0.085 0.806 -1.138
-0.105 0.806 -1.169
-0.100 0.778 -1.191
-0.147 0.815 -1.155
-0.175 0.006 -1.335
-0.190 0.032 -1.337
-0.216 0.542 -1.298
-0.220 0.782 -1.182
-0.107 0.012 -1.318
-0.194 0.130 -1.331
-0.092 0.679 -1.186
-0.161 0.007 -1.330
-0.235 0.712 -1.246
-0.093 0.729 -1.217
-0.095 0.672 -1.230
-0.202 0.285 -1.316
-0.197 0.207 -1.323
-0.212 0.445 -1.304
-0.162 0.091 -1.322
-0.152 0.140 -1.314
-0.149 0.766 -1.207
-0.160 0.257 -1.302
-0.167 0.309 -1.299
-0.113 0.268 -1.290
-0.089 0.323 -1.272
-0.110 0.440 -1.269
-0.091 0.577 -1.222
-0.185 0.618 -1.275
-0.216 0.656 -1.285
-0.175 0.719 -1.244
-0.204 0.752 -1.213
-0.175 0.783 -1.185
-0.129 0.335 -1.286
-0.106 0.215 -1.295
-0.106 0.388 -1.274
-0.136 0.491 -1.270
-0.145 0.050 -1.321
-0.156 0.192 -1.308
-0.164 0.395 -1.288
-0.170 0.570 -1.272
-0.099 0.505 -1.255
-0.202 0.354 -1.308
-0.101 0.110 -1.305
-0.119 0.544 -1.260
-0.186 0.502 -1.285
-0.091 0.621 -1.220
-0.170 0.448 -1.283
-0.121 0.706 -1.234
-0.152 0.653 -1.255
-0.104 0.168 -1.300
-0.109 0.603 -1.250
-0.336 0.729 -1.201
-0.383 0.769 -1.138
-0.353 0.739 -1.187
-0.326 0.723 -1.208
-0.351 0.731 -1.162
-0.319 0.785 -1.159
-0.334 0.859 -1.096
-0.367 0.795 -1.089
-0.339 0.823 -1.128
-0.315 0.743 -1.166
-0.288 0.750 -1.138
-0.314 0.734 -1.178
-0.295 0.707 -1.176
-0.268 0.754 -1.039
-0.248 0.720 -1.045
-0.156 0.724 -1.055
-0.112 0.721 -1.065
-0.369 0.769 -1.057
-0.288 0.848 -1.131
-0.345 0.755 -1.054
-0.358 0.842 -1.062
-0.317 0.846 -1.112
-0.321 0.785 -1.045
-0.112 0.817 -1.123
-0.307 0.834 -1.059
-0.187 0.732 -1.051
-0.095 0.791 -1.081
-0.246 0.878 -1.074
-0.139 0.771 -1.054
-0.156 0.810 -1.060
-0.222 0.743 -1.046
-0.279 0.801 -1.041
-0.247 0.833 -1.056
-0.209 0.788 -1.050
-0.187 0.868 -1.072
-0.139 0.839 -1.110
-0.277 0.838 -1.085
-0.485 0.055 -1.110
-0.489 0.082 -1.175
-0.311 0.729 -1.049
-0.287 0.049 -1.130
-0.402 0.695 -1.071
-0.253 0.010 -1.153
-0.165 0.061 -1.189
-0.073 0.607 -1.108
-0.134 0.684 -1.063
-0.479 0.180 -1.204
-0.451 0.053 -1.089
-0.297 0.699 -1.050
-0.171 0.121 -1.163
-0.142 0.314 -1.153
-0.393 0.589 -1.119
-0.319 0.020 -1.131
-0.128 0.414 -1.140
-0.109 0.452 -1.104
-0.189 0.665 -1.057
-0.157 0.244 -1.122
-0.206 0.203 -1.109
-0.148 0.186 -1.162
-0.376 0.045 -1.125
-0.433 0.479 -1.087
-0.131 0.357 -1.125
-0.486 0.110 -1.176
-0.436 0.401 -1.084
-0.169 0.598 -1.063
-0.211 0.142 -1.125
-0.232 0.088 -1.134
-0.191 0.015 -1.185
-0.220 0.044 -1.156
-0.086 0.561 -1.096
-0.458 0.359 -1.119
-0.415 0.618 -1.103
-0.422 0.580 -1.085
-0.471 0.263 -1.150
-0.435 0.543 -1.123
-0.412 0.533 -1.072
-0.219 0.253 -1.098
-0.133 0.628 -1.068
-0.357 0.708 -1.059
-0.346 0.631 -1.069
-0.323 0.658 -1.062
-0.312 0.089 -1.118
-0.074 0.649 -1.084
-0.466 0.308 -1.159
-0.458 0.308 -1.109
-0.449 0.266 -1.090
-0.412 0.302 -1.083
-0.158 0.286 -1.107
-0.200 0.323 -1.091
-0.254 0.678 -1.050
-0.097 0.501 -1.105
-0.204 0.493 -1.074
-0.149 0.454 -1.081
-0.142 0.532 -1.074
-0.477 0.130 -1.108
-0.380 0.184 -1.114
-0.436 0.171 -1.085
-0.431 0.108 -1.091
-0.378 0.119 -1.120
-0.304 0.154 -1.108
-0.478 0.202 -1.167
-0.449 0.437 -1.125
-0.429 0.344 -1.080
-0.371 0.326 -1.103
-0.399 0.400 -1.079
-0.345 0.481 -1.091
-0.354 0.429 -1.094
-0.398 0.470 -1.073
-0.394 0.601 -1.063
-0.267 0.195 -1.105
-0.471 0.201 -1.112
-0.123 0.408 -1.099
-0.150 0.357 -1.093
-0.426 0.226 -1.084
-0.373 0.251 -1.110
-0.282 0.511 -1.084
-0.281 0.456 -1.091
-0.353 0.540 -1.085
-0.323 0.222 -1.102
-0.247 0.628 -1.057
-0.332 0.574 -1.077
-0.244 0.334 -1.091
-0.336 0.359 -1.096
-0.295 0.385 -1.098
-0.245 0.400 -1.088
-0.310 0.297 -1.099
-0.224 0.571 -1.064
-0.286 0.585 -1.075
-0.197 0.415 -1.084
-0.268 0.277 -1.098
-0.392 0.712 -1.078
-0.407 0.645 -1.070
