-0.471 0.068 -1.307
-0.467 0.107 -1.296
-0.452 0.145 -1.294
-0.450 0.180 -1.287
-0.440 0.201 -1.285
-0.434 0.265 -1.272
-0.408 0.279 -1.267
-0.402 0.436 -1.238
-0.381 0.534 -1.218
-0.261 0.518 -1.263
-0.283 0.385 -1.271
-0.376 0.047 -1.315
-0.319 0.260 -1.296
-0.234 0.665 -1.263
-0.363 0.678 -1.168
-0.341 0.684 -1.184
-0.351 0.102 -1.320
-0.274 0.445 -1.262
-0.288 0.510 -1.235
-0.361 0.572 -1.212
-0.452 0.100 -1.302
-0.314 0.679 -1.186
-0.334 0.186 -1.314
-0.358 0.218 -1.296
-0.303 0.316 -1.281
-0.354 0.414 -1.237
-0.256 0.598 -1.270
-0.278 0.594 -1.234
-0.244 0.684 -1.218
-0.353 0.627 -1.198
-0.401 0.101 -1.297
-0.363 0.149 -1.306
-0.393 0.221 -1.275
-0.404 0.166 -1.284
-0.364 0.290 -1.270
-0.319 0.362 -1.261
-0.309 0.427 -1.248
-0.319 0.561 -1.211
-0.377 0.331 -1.253
-0.343 0.491 -1.222
-0.288 0.645 -1.203
-0.069 0.643 -1.131
-0.084 0.611 -1.140
-0.094 0.577 -1.140
-0.107 0.530 -1.144
-0.122 0.456 -1.141
-0.133 0.367 -1.169
-0.135 0.223 -1.168
-0.141 0.143 -1.187
-0.121 0.006 -1.236
-0.075 0.010 -1.277
-0.091 0.033 -1.254
-0.076 0.060 -1.272
-0.077 0.116 -1.272
-0.079 0.224 -1.261
-0.079 0.281 -1.259
-0.083 0.359 -1.243
-0.085 0.464 -1.239
-0.108 0.571 -1.195
-0.125 0.429 -1.178
-0.109 0.597 -1.180
-0.105 0.415 -1.217
-0.153 0.020 -1.212
-0.108 0.069 -1.242
-0.144 0.109 -1.195
-0.116 0.242 -1.228
-0.106 0.278 -1.233
-0.113 0.382 -1.212
-0.113 0.332 -1.217
-0.110 0.479 -1.203
-0.123 0.480 -1.159
-0.117 0.529 -1.172
-0.139 0.076 -1.221
-0.125 0.185 -1.222
-0.089 0.187 -1.249
-0.116 0.122 -1.236
-0.125 0.264 -1.185
-0.345 0.673 -1.105
-0.370 0.643 -1.104
-0.374 0.622 -1.113
-0.410 0.531 -1.138
-0.439 0.480 -1.161
-0.451 0.400 -1.170
-0.456 0.354 -1.172
-0.478 0.157 -1.165
-0.480 0.134 -1.180
-0.463 0.126 -1.294
-0.444 0.226 -1.280
-0.429 0.245 -1.277
-0.430 0.297 -1.266
-0.420 0.325 -1.262
-0.415 0.346 -1.257
-0.415 0.367 -1.254
-0.415 0.385 -1.250
-0.406 0.404 -1.245
-0.382 0.461 -1.232
-0.381 0.491 -1.227
-0.398 0.505 -1.220
-0.379 0.575 -1.204
-0.379 0.605 -1.183
-0.353 0.676 -1.133
-0.410 0.482 -1.207
-0.351 0.661 -1.121
-0.487 0.059 -1.205
-0.481 0.112 -1.217
-0.466 0.197 -1.248
-0.408 0.511 -1.163
-0.398 0.560 -1.167
-0.484 0.065 -1.241
-0.456 0.290 -1.226
-0.469 0.238 -1.193
-0.447 0.334 -1.228
-0.386 0.575 -1.137
-0.444 0.438 -1.176
-0.444 0.381 -1.207
-0.476 0.112 -1.266
-0.458 0.244 -1.246
-0.422 0.429 -1.225
-0.474 0.155 -1.238
-0.367 0.625 -1.140
-0.084 0.044 -1.298
-0.076 0.089 -1.274
-0.076 0.138 -1.268
-0.077 0.164 -1.268
-0.078 0.191 -1.266
-0.079 0.252 -1.259
-0.080 0.328 -1.250
-0.083 0.386 -1.250
-0.084 0.422 -1.244
-0.088 0.448 -1.231
-0.090 0.486 -1.227
-0.090 0.514 -1.225
-0.089 0.541 -1.225
-0.104 0.633 -1.183
-0.086 0.637 -1.157
-0.378 0.628 -1.172
-0.172 0.807 -1.167
-0.087 0.797 -1.175
-0.119 0.754 -1.209
-0.177 0.822 -1.148
-0.157 0.847 -1.116
-0.124 0.825 -1.132
-0.085 0.806 -1.138
-0.105 0.806 -1.169
-0.100 0.778 -1.191
-0.147 0.815 -1.155
-0.175 0.004 -1.328
-0.190 0.031 -1.330
-0.216 0.541 -1.296
-0.220 0.782 -1.182
-0.106 0.011 -1.312
-0.194 0.128 -1.325
-0.092 0.679 -1.184
-0.161 0.006 -1.324
-0.235 0.712 -1.246
-0.093 0.728 -1.216
-0.095 0.672 -1.229
-0.202 0.283 -1.311
-0.197 0.206 -1.318
-0.212 0.444 -1.301
-0.161 0.090 -1.316
-0.152 0.139 -1.308
-0.149 0.766 -1.206
-0.160 0.255 -1.297
-0.168 0.308 -1.295
-0.113 0.267 -1.286
-0.089 0.322 -1.268
-0.110 0.439 -1.266
-0.092 0.577 -1.220
-0.185 0.617 -1.273
-0.216 0.655 -1.284
-0.175 0.719 -1.243
-0.204 0.752 -1.213
-0.175 0.783 -1.185
-0.129 0.334 -1.282
-0.106 0.214 -1.290
-0.106 0.387 -1.270
-0.136 0.490 -1.267
-0.145 0.049 -1.315
-0.156 0.191 -1.302
-0.164 0.394 -1.284
-0.170 0.569 -1.269
-0.099 0.504 -1.253
-0.203 0.352 -1.304
-0.101 0.109 -1.300
-0.119 0.543 -1.258
-0.186 0.501 -1.282
-0.092 0.620 -1.219
-0.171 0.447 -1.280
-0.121 0.706 -1.233
-0.152 0.652 -1.254
-0.104 0.167 -1.295
-0.109 0.602 -1.248
-0.336 0.729 -1.201
-0.383 0.769 -1.138
-0.353 0.739 -1.187
-0.326 0.723 -1.208
-0.351 0.730 -1.162
-0.319 0.785 -1.159
-0.335 0.859 -1.096
-0.367 0.795 -1.089
-0.339 0.823 -1.128
-0.315 0.743 -1.166
-0.288 0.750 -1.138
-0.314 0.734 -1.178
-0.294 0.707 -1.176
-0.268 0.754 -1.038
-0.248 0.720 -1.044
-0.156 0.724 -1.054
-0.112 0.722 -1.064
-0.369 0.769 -1.057
-0.288 0.848 -1.131
-0.345 0.755 -1.054
-0.358 0.842 -1.062
-0.317 0.846 -1.112
-0.321 0.785 -1.045
-0.112 0.817 -1.123
-0.307 0.834 -1.059
-0.187 0.732 -1.050
-0.095 0.791 -1.081
-0.246 0.878 -1.074
-0.139 0.772 -1.053
-0.156 0.810 -1.060
-0.222 0.743 -1.045
-0.279 0.801 -1.041
-0.247 0.833 -1.056
-0.209 0.788 -1.050
-0.187 0.868 -1.072
-0.139 0.839 -1.110
-0.277 0.838 -1.085
-0.483 0.054 -1.104
-0.485 0.080 -1.169
-0.311 0.729 -1.048
-0.285 0.049 -1.122
-0.402 0.695 -1.071
-0.251 0.010 -1.146
-0.163 0.061 -1.182
-0.073 0.608 -1.106
-0.134 0.684 -1.062
-0.475 0.178 -1.199
-0.450 0.052 -1.082
-0.296 0.699 -1.049
-0.169 0.121 -1.157
-0.141 0.313 -1.148
-0.392 0.589 -1.118
-0.317 0.019 -1.124
-0.127 0.414 -1.137
-0.109 0.452 -1.101
-0.189 0.665 -1.056
-0.156 0.244 -1.117
-0.205 0.203 -1.104
-0.147 0.186 -1.157
-0.374 0.044 -1.118
-0.433 0.478 -1.085
-0.130 0.357 -1.121
-0.483 0.109 -1.170
-0.435 0.401 -1.081
-0.169 0.598 -1.061
-0.210 0.142 -1.119
-0.230 0.087 -1.127
-0.189 0.015 -1.178
-0.218 0.044 -1.149
-0.086 0.561 -1.093
-0.456 0.358 -1.117
-0.414 0.618 -1.102
-0.422 0.579 -1.084
-0.468 0.262 -1.146
-0.434 0.542 -1.121
-0.412 0.533 -1.070
-0.217 0.253 -1.093
-0.132 0.628 -1.067
-0.357 0.708 -1.059
-0.346 0.631 -1.068
-0.323 0.659 -1.061
-0.310 0.088 -1.111
-0.074 0.649 -1.083
-0.463 0.307 -1.156
-0.457 0.308 -1.105
-0.448 0.266 -1.085
-0.411 0.302 -1.079
-0.157 0.286 -1.102
-0.199 0.323 -1.087
-0.254 0.678 -1.049
-0.097 0.501 -1.103
-0.203 0.493 -1.071
-0.149 0.455 -1.078
-0.142 0.532 -1.071
-0.475 0.129 -1.102
-0.378 0.184 -1.108
-0.434 0.171 -1.079
-0.429 0.108 -1.085
-0.376 0.119 -1.113
-0.302 0.154 -1.102
-0.475 0.200 -1.162
-0.448 0.436 -1.123
-0.428 0.344 -1.077
-0.370 0.325 -1.099
-0.398 0.400 -1.076
-0.345 0.481 -1.088
-0.353 0.428 -1.091
-0.397 0.470 -1.070
-0.394 0.601 -1.062
-0.265 0.195 -1.099
-0.469 0.200 -1.107
-0.123 0.408 -1.095
-0.149 0.357 -1.089
-0.425 0.225 -1.079
-0.371 0.251 -1.105
-0.281 0.511 -1.081
-0.280 0.456 -1.088
-0.352 0.540 -1.083
-0.322 0.221 -1.096
-0.246 0.628 -1.056
-0.331 0.574 -1.075
-0.243 0.334 -1.087
-0.335 0.359 -1.092
-0.294 0.385 -1.093
-0.244 0.400 -1.084
-0.309 0.296 -1.095
-0.224 0.572 -1.062
-0.285 0.585 -1.073
-0.196 0.415 -1.080
-0.267 0.277 -1.094
-0.392 0.712 -1.078
-0.406 0.645 -1.070
