-0.463 0.065 -1.300
-0.460 0.103 -1.290
-0.445 0.142 -1.289
-0.443 0.177 -1.282
-0.433 0.198 -1.279
-0.428 0.262 -1.268
-0.403 0.277 -1.261
-0.399 0.435 -1.235
-0.379 0.533 -1.216
-0.259 0.517 -1.261
-0.279 0.384 -1.266
-0.367 0.044 -1.306
-0.313 0.258 -1.289
-0.234 0.665 -1.263
-0.363 0.677 -1.168
-0.341 0.684 -1.184
-0.344 0.100 -1.311
-0.270 0.445 -1.258
-0.286 0.509 -1.233
-0.360 0.571 -1.210
-0.444 0.097 -1.296
-0.313 0.678 -1.186
-0.327 0.183 -1.306
-0.352 0.215 -1.289
-0.298 0.314 -1.275
-0.350 0.412 -1.233
-0.255 0.597 -1.269
-0.277 0.594 -1.233
-0.244 0.684 -1.218
-0.352 0.627 -1.197
-0.394 0.098 -1.289
-0.356 0.146 -1.298
-0.387 0.219 -1.269
-0.398 0.164 -1.277
-0.359 0.288 -1.264
-0.315 0.361 -1.256
-0.306 0.426 -1.244
-0.317 0.560 -1.210
-0.372 0.329 -1.249
-0.341 0.490 -1.219
-0.287 0.645 -1.203
-0.069 0.643 -1.129
-0.084 0.611 -1.138
-0.094 0.577 -1.137
-0.107 0.530 -1.141
-0.121 0.456 -1.137
-0.132 0.366 -1.164
-0.134 0.223 -1.162
-0.139 0.143 -1.181
-0.119 0.005 -1.228
-0.074 0.009 -1.271
-0.089 0.032 -1.248
-0.075 0.059 -1.266
-0.076 0.115 -1.266
-0.078 0.223 -1.256
-0.079 0.280 -1.254
-0.082 0.359 -1.239
-0.085 0.463 -1.236
-0.108 0.571 -1.192
-0.125 0.429 -1.174
-0.109 0.597 -1.178
-0.104 0.414 -1.213
-0.151 0.020 -1.205
-0.107 0.068 -1.235
-0.143 0.108 -1.188
-0.115 0.241 -1.222
-0.106 0.278 -1.228
-0.113 0.382 -1.208
-0.112 0.331 -1.213
-0.110 0.478 -1.200
-0.123 0.480 -1.155
-0.117 0.528 -1.169
-0.138 0.075 -1.214
-0.124 0.184 -1.216
-0.088 0.186 -1.243
-0.115 0.121 -1.230
-0.124 0.263 -1.180
-0.345 0.673 -1.105
-0.369 0.643 -1.103
-0.374 0.621 -1.112
-0.409 0.530 -1.137
-0.437 0.479 -1.160
-0.448 0.398 -1.167
-0.453 0.352 -1.169
-0.475 0.155 -1.160
-0.476 0.133 -1.175
-0.456 0.123 -1.288
-0.438 0.223 -1.275
-0.423 0.242 -1.271
-0.424 0.294 -1.262
-0.415 0.322 -1.258
-0.411 0.344 -1.253
-0.411 0.365 -1.250
-0.411 0.383 -1.246
-0.403 0.401 -1.241
-0.379 0.459 -1.229
-0.379 0.490 -1.225
-0.395 0.503 -1.218
-0.378 0.573 -1.202
-0.378 0.604 -1.182
-0.353 0.676 -1.132
-0.408 0.480 -1.205
-0.351 0.661 -1.120
-0.482 0.057 -1.199
-0.476 0.110 -1.211
-0.461 0.194 -1.243
-0.406 0.510 -1.161
-0.397 0.559 -1.166
-0.478 0.063 -1.235
-0.452 0.288 -1.222
-0.466 0.236 -1.189
-0.443 0.332 -1.225
-0.385 0.574 -1.136
-0.441 0.436 -1.174
-0.441 0.379 -1.204
-0.470 0.110 -1.260
-0.453 0.242 -1.242
-0.419 0.427 -1.222
-0.469 0.153 -1.233
-0.366 0.625 -1.139
-0.083 0.042 -1.291
-0.075 0.088 -1.268
-0.075 0.137 -1.262
-0.076 0.163 -1.262
-0.077 0.190 -1.261
-0.078 0.251 -1.255
-0.080 0.327 -1.246
-0.083 0.385 -1.246
-0.084 0.422 -1.240
-0.088 0.448 -1.228
-0.090 0.485 -1.224
-0.090 0.513 -1.222
-0.089 0.541 -1.222
-0.104 0.633 -1.181
-0.086 0.637 -1.155
-0.377 0.627 -1.171
-0.172 0.807 -1.167
-0.087 0.797 -1.175
-0.119 0.754 -1.209
-0.177 0.822 -1.148
-0.157 0.847 -1.116
-0.124 0.825 -1.132
-0.085 0.806 -1.138
-0.105 0.806 -1.169
-0.100 0.778 -1.191
-0.147 0.815 -1.155
-0.175 0.002 -1.320
-0.189 0.029 -1.322
-0.216 0.540 -1.293
-0.220 0.782 -1.182
-0.105 0.010 -1.305
-0.194 0.127 -1.318
-0.092 0.678 -1.183
-0.160 0.004 -1.316
-0.235 0.712 -1.246
-0.093 0.727 -1.215
-0.095 0.671 -1.227
-0.202 0.282 -1.306
-0.197 0.204 -1.312
-0.213 0.442 -1.297
-0.161 0.088 -1.309
-0.152 0.138 -1.302
-0.149 0.766 -1.206
-0.160 0.254 -1.292
-0.168 0.307 -1.290
-0.113 0.266 -1.281
-0.089 0.321 -1.263
-0.111 0.438 -1.262
-0.092 0.576 -1.217
-0.185 0.616 -1.271
-0.216 0.654 -1.282
-0.175 0.718 -1.243
-0.204 0.752 -1.213
-0.175 0.783 -1.185
-0.129 0.333 -1.278
-0.106 0.213 -1.285
-0.107 0.386 -1.266
-0.136 0.489 -1.264
-0.144 0.048 -1.308
-0.155 0.190 -1.296
-0.164 0.393 -1.280
-0.171 0.567 -1.267
-0.100 0.503 -1.250
-0.203 0.351 -1.299
-0.101 0.108 -1.294
-0.119 0.542 -1.255
-0.186 0.500 -1.279
-0.092 0.620 -1.216
-0.171 0.445 -1.276
-0.121 0.705 -1.232
-0.153 0.651 -1.252
-0.104 0.166 -1.289
-0.109 0.601 -1.246
-0.336 0.728 -1.201
-0.383 0.769 -1.138
-0.353 0.739 -1.187
-0.326 0.723 -1.208
-0.351 0.730 -1.162
-0.320 0.785 -1.159
-0.335 0.859 -1.096
-0.367 0.795 -1.089
-0.339 0.823 -1.128
-0.315 0.743 -1.166
-0.288 0.750 -1.138
-0.314 0.734 -1.178
-0.294 0.707 -1.175
-0.268 0.754 -1.038
-0.248 0.721 -1.043
-0.156 0.724 -1.053
-0.112 0.722 -1.063
-0.369 0.769 -1.057
-0.288 0.848 -1.131
-0.345 0.755 -1.054
-0.358 0.842 -1.062
-0.317 0.846 -1.112
-0.321 0.785 -1.045
-0.112 0.817 -1.123
-0.307 0.834 -1.059
-0.186 0.732 -1.049
-0.095 0.791 -1.081
-0.246 0.878 -1.074
-0.139 0.772 -1.053
-0.156 0.811 -1.060
-0.222 0.744 -1.044
-0.279 0.802 -1.041
-0.247 0.833 -1.056
-0.208 0.788 -1.049
-0.187 0.868 -1.072
-0.139 0.839 -1.110
-0.277 0.838 -1.085
-0.481 0.053 -1.098
-0.481 0.079 -1.163
-0.311 0.729 -1.048
-0.283 0.048 -1.114
-0.402 0.695 -1.071
-0.249 0.009 -1.138
-0.162 0.060 -1.175
-0.073 0.608 -1.104
-0.133 0.684 -1.061
-0.471 0.176 -1.195
-0.448 0.052 -1.075
-0.296 0.699 -1.049
-0.168 0.120 -1.151
-0.140 0.313 -1.144
-0.391 0.588 -1.116
-0.314 0.019 -1.116
-0.127 0.414 -1.133
-0.108 0.452 -1.098
-0.189 0.665 -1.055
-0.154 0.244 -1.112
-0.203 0.203 -1.098
-0.145 0.186 -1.151
-0.372 0.043 -1.110
-0.432 0.478 -1.083
-0.129 0.357 -1.117
-0.479 0.107 -1.165
-0.434 0.400 -1.078
-0.169 0.599 -1.059
-0.208 0.141 -1.112
-0.228 0.087 -1.120
-0.187 0.014 -1.170
-0.216 0.043 -1.141
-0.086 0.562 -1.091
-0.455 0.357 -1.114
-0.414 0.617 -1.101
-0.421 0.579 -1.083
-0.466 0.261 -1.143
-0.433 0.541 -1.120
-0.411 0.533 -1.069
-0.216 0.253 -1.087
-0.132 0.628 -1.065
-0.357 0.708 -1.059
-0.345 0.631 -1.067
-0.323 0.659 -1.060
-0.308 0.088 -1.103
-0.074 0.650 -1.081
-0.461 0.305 -1.152
-0.455 0.307 -1.102
-0.446 0.265 -1.081
-0.410 0.302 -1.075
-0.155 0.286 -1.097
-0.198 0.324 -1.082
-0.254 0.679 -1.048
-0.096 0.501 -1.100
-0.203 0.493 -1.068
-0.148 0.455 -1.075
-0.141 0.533 -1.068
-0.473 0.128 -1.097
-0.377 0.183 -1.102
-0.433 0.170 -1.074
-0.427 0.107 -1.079
-0.374 0.118 -1.106
-0.300 0.153 -1.095
-0.471 0.199 -1.158
-0.446 0.435 -1.121
-0.427 0.343 -1.073
-0.369 0.325 -1.095
-0.397 0.399 -1.073
-0.344 0.480 -1.085
-0.352 0.428 -1.088
-0.397 0.470 -1.068
-0.393 0.601 -1.061
-0.264 0.195 -1.092
-0.467 0.199 -1.102
-0.122 0.408 -1.091
-0.148 0.357 -1.085
-0.423 0.225 -1.074
-0.370 0.250 -1.099
-0.280 0.511 -1.078
-0.279 0.456 -1.084
-0.352 0.539 -1.081
-0.320 0.221 -1.090
-0.246 0.628 -1.054
-0.331 0.574 -1.074
-0.241 0.334 -1.082
-0.334 0.358 -1.087
-0.293 0.385 -1.089
-0.243 0.400 -1.080
-0.308 0.296 -1.090
-0.223 0.572 -1.060
-0.285 0.585 -1.072
-0.195 0.415 -1.076
-0.266 0.277 -1.088
-0.392 0.712 -1.078
-0.406 0.645 -1.069
