-0.455 0.062 -1.294
-0.452 0.100 -1.284
-0.438 0.139 -1.282
-0.436 0.174 -1.276
-0.427 0.196 -1.274
-0.423 0.260 -1.263
-0.397 0.275 -1.256
-0.396 0.433 -1.232
-0.377 0.531 -1.214
-0.257 0.517 -1.259
-0.274 0.383 -1.262
-0.359 0.041 -1.296
-0.307 0.257 -1.282
-0.234 0.665 -1.263
-0.362 0.677 -1.167
-0.340 0.683 -1.183
-0.336 0.097 -1.302
-0.267 0.444 -1.255
-0.284 0.509 -1.231
-0.358 0.570 -1.209
-0.437 0.094 -1.289
-0.313 0.678 -1.186
-0.320 0.181 -1.298
-0.345 0.213 -1.282
-0.293 0.313 -1.269
-0.347 0.411 -1.229
-0.254 0.597 -1.268
-0.276 0.593 -1.232
-0.243 0.684 -1.218
-0.351 0.626 -1.196
-0.386 0.096 -1.281
-0.349 0.144 -1.290
-0.381 0.217 -1.263
-0.391 0.162 -1.270
-0.354 0.286 -1.258
-0.310 0.360 -1.251
-0.302 0.425 -1.240
-0.316 0.560 -1.208
-0.368 0.327 -1.244
-0.338 0.489 -1.216
-0.287 0.644 -1.202
-0.069 0.643 -1.127
-0.083 0.611 -1.135
-0.094 0.576 -1.135
-0.107 0.530 -1.138
-0.121 0.456 -1.133
-0.132 0.366 -1.160
-0.132 0.222 -1.156
-0.138 0.142 -1.174
-0.117 0.004 -1.220
-0.072 0.008 -1.263
-0.088 0.031 -1.240
-0.074 0.058 -1.259
-0.075 0.114 -1.259
-0.077 0.222 -1.250
-0.078 0.279 -1.249
-0.082 0.358 -1.235
-0.085 0.462 -1.232
-0.108 0.570 -1.189
-0.124 0.429 -1.170
-0.109 0.596 -1.176
-0.104 0.414 -1.209
-0.149 0.019 -1.196
-0.105 0.067 -1.228
-0.141 0.107 -1.181
-0.115 0.240 -1.217
-0.105 0.277 -1.222
-0.113 0.381 -1.203
-0.112 0.330 -1.208
-0.110 0.478 -1.196
-0.122 0.480 -1.152
-0.117 0.528 -1.166
-0.136 0.074 -1.206
-0.123 0.183 -1.210
-0.087 0.185 -1.237
-0.114 0.120 -1.223
-0.123 0.263 -1.174
-0.345 0.673 -1.104
-0.369 0.643 -1.103
-0.373 0.621 -1.111
-0.407 0.530 -1.135
-0.435 0.478 -1.158
-0.446 0.397 -1.164
-0.450 0.350 -1.166
-0.471 0.154 -1.154
-0.472 0.131 -1.169
-0.448 0.120 -1.282
-0.432 0.220 -1.270
-0.417 0.240 -1.266
-0.419 0.292 -1.257
-0.410 0.320 -1.253
-0.406 0.342 -1.249
-0.407 0.363 -1.246
-0.407 0.381 -1.243
-0.399 0.400 -1.238
-0.376 0.458 -1.227
-0.376 0.488 -1.222
-0.393 0.502 -1.216
-0.377 0.572 -1.201
-0.377 0.603 -1.181
-0.353 0.676 -1.132
-0.405 0.479 -1.203
-0.350 0.661 -1.120
-0.476 0.055 -1.193
-0.471 0.107 -1.206
-0.455 0.192 -1.238
-0.404 0.509 -1.159
-0.395 0.558 -1.165
-0.472 0.060 -1.229
-0.447 0.286 -1.218
-0.462 0.234 -1.185
-0.439 0.329 -1.221
-0.383 0.573 -1.134
-0.439 0.435 -1.172
-0.438 0.378 -1.201
-0.463 0.107 -1.254
-0.448 0.239 -1.237
-0.416 0.425 -1.220
-0.463 0.150 -1.227
-0.365 0.624 -1.138
-0.082 0.041 -1.284
-0.074 0.087 -1.261
-0.074 0.136 -1.256
-0.076 0.162 -1.256
-0.076 0.189 -1.255
-0.078 0.250 -1.249
-0.080 0.326 -1.241
-0.083 0.384 -1.242
-0.084 0.421 -1.236
-0.088 0.447 -1.224
-0.090 0.484 -1.220
-0.090 0.512 -1.219
-0.090 0.540 -1.219
-0.104 0.633 -1.179
-0.086 0.637 -1.153
-0.376 0.626 -1.171
-0.172 0.807 -1.168
-0.087 0.797 -1.175
-0.119 0.753 -1.208
-0.177 0.822 -1.148
-0.157 0.847 -1.116
-0.124 0.825 -1.132
-0.085 0.806 -1.138
-0.105 0.806 -1.168
-0.100 0.778 -1.191
-0.147 0.815 -1.155
-0.174 0.001 -1.312
-0.189 0.027 -1.314
-0.216 0.538 -1.290
-0.220 0.782 -1.183
-0.104 0.008 -1.297
-0.193 0.125 -1.310
-0.092 0.678 -1.181
-0.159 0.002 -1.308
-0.235 0.712 -1.246
-0.093 0.727 -1.214
-0.096 0.670 -1.225
-0.202 0.280 -1.299
-0.197 0.202 -1.305
-0.213 0.441 -1.293
-0.160 0.086 -1.301
-0.151 0.136 -1.294
-0.149 0.766 -1.206
-0.160 0.252 -1.286
-0.167 0.305 -1.284
-0.113 0.265 -1.275
-0.088 0.320 -1.258
-0.111 0.437 -1.258
-0.092 0.575 -1.214
-0.186 0.615 -1.269
-0.216 0.653 -1.281
-0.175 0.717 -1.242
-0.204 0.752 -1.213
-0.175 0.783 -1.185
-0.129 0.331 -1.273
-0.105 0.212 -1.279
-0.106 0.385 -1.262
-0.137 0.488 -1.260
-0.144 0.046 -1.300
-0.155 0.188 -1.290
-0.164 0.392 -1.275
-0.171 0.566 -1.264
-0.100 0.502 -1.246
-0.203 0.349 -1.294
-0.100 0.106 -1.287
-0.120 0.541 -1.252
-0.187 0.498 -1.275
-0.092 0.619 -1.214
-0.171 0.444 -1.272
-0.121 0.704 -1.230
-0.153 0.651 -1.250
-0.103 0.165 -1.283
-0.110 0.600 -1.244
-0.336 0.728 -1.201
-0.383 0.769 -1.138
-0.353 0.739 -1.187
-0.326 0.723 -1.208
-0.351 0.729 -1.161
-0.320 0.785 -1.159
-0.335 0.859 -1.096
-0.367 0.795 -1.089
-0.340 0.823 -1.128
-0.315 0.743 -1.166
-0.288 0.750 -1.138
-0.314 0.734 -1.179
-0.294 0.707 -1.175
-0.268 0.754 -1.037
-0.248 0.721 -1.042
-0.155 0.725 -1.052
-0.112 0.722 -1.062
-0.369 0.769 -1.057
-0.288 0.848 -1.131
-0.345 0.755 -1.054
-0.358 0.842 -1.062
-0.317 0.846 -1.112
-0.321 0.786 -1.045
-0.112 0.816 -1.123
-0.307 0.834 -1.059
-0.186 0.733 -1.047
-0.095 0.791 -1.081
-0.246 0.878 -1.074
-0.139 0.772 -1.052
-0.156 0.811 -1.060
-0.222 0.744 -1.043
-0.279 0.802 -1.040
-0.247 0.833 -1.057
-0.208 0.789 -1.048
-0.187 0.868 -1.072
-0.139 0.839 -1.110
-0.277 0.838 -1.085
-0.478 0.052 -1.092
-0.477 0.077 -1.158
-0.311 0.730 -1.048
-0.281 0.048 -1.106
-0.401 0.695 -1.071
-0.246 0.009 -1.129
-0.160 0.060 -1.167
-0.073 0.608 -1.102
-0.133 0.685 -1.059
-0.466 0.174 -1.190
-0.446 0.051 -1.068
-0.296 0.699 -1.048
-0.166 0.120 -1.144
-0.139 0.313 -1.138
-0.390 0.588 -1.115
-0.312 0.018 -1.107
-0.126 0.414 -1.129
-0.107 0.453 -1.094
-0.189 0.666 -1.053
-0.153 0.244 -1.106
-0.201 0.203 -1.091
-0.144 0.185 -1.145
-0.370 0.043 -1.101
-0.431 0.478 -1.081
-0.128 0.357 -1.112
-0.475 0.106 -1.159
-0.433 0.400 -1.075
-0.168 0.599 -1.057
-0.206 0.141 -1.105
-0.226 0.087 -1.112
-0.185 0.013 -1.161
-0.214 0.043 -1.133
-0.085 0.562 -1.088
-0.453 0.357 -1.111
-0.413 0.617 -1.101
-0.421 0.579 -1.082
-0.463 0.259 -1.139
-0.432 0.540 -1.119
-0.411 0.533 -1.067
-0.214 0.253 -1.081
-0.132 0.629 -1.062
-0.357 0.708 -1.059
-0.345 0.631 -1.066
-0.322 0.659 -1.060
-0.306 0.088 -1.095
-0.074 0.650 -1.079
-0.458 0.304 -1.149
-0.453 0.306 -1.098
-0.445 0.265 -1.077
-0.408 0.302 -1.070
-0.154 0.287 -1.091
-0.196 0.324 -1.076
-0.253 0.679 -1.047
-0.096 0.502 -1.097
-0.202 0.494 -1.064
-0.147 0.455 -1.071
-0.140 0.533 -1.065
-0.471 0.128 -1.092
-0.375 0.183 -1.096
-0.431 0.170 -1.068
-0.426 0.107 -1.072
-0.372 0.117 -1.099
-0.299 0.153 -1.088
-0.468 0.197 -1.153
-0.445 0.435 -1.119
-0.426 0.343 -1.070
-0.367 0.324 -1.090
-0.396 0.399 -1.069
-0.343 0.480 -1.082
-0.351 0.428 -1.084
-0.396 0.470 -1.065
-0.393 0.601 -1.060
-0.262 0.195 -1.086
-0.465 0.199 -1.098
-0.121 0.409 -1.087
-0.146 0.357 -1.080
-0.422 0.225 -1.069
-0.368 0.250 -1.094
-0.280 0.511 -1.075
-0.278 0.456 -1.081
-0.351 0.539 -1.079
-0.318 0.221 -1.084
-0.246 0.628 -1.052
-0.330 0.574 -1.072
-0.240 0.334 -1.077
-0.333 0.358 -1.083
-0.292 0.385 -1.085
-0.242 0.400 -1.075
-0.306 0.296 -1.084
-0.223 0.572 -1.058
-0.284 0.585 -1.070
-0.194 0.415 -1.071
-0.264 0.276 -1.082
-0.391 0.712 -1.078
-0.406 0.644 -1.069
