-0.426 0.029 -0.223
-0.427 0.068 -0.216
-0.418 0.108 -0.219
-0.420 0.143 -0.216
-0.413 0.166 -0.216
-0.416 0.231 -0.211
-0.393 0.250 -0.211
-0.412 0.408 -0.200
-0.406 0.509 -0.194
-0.303 0.509 -0.273
-0.296 0.373 -0.259
-0.330 0.021 -0.243
-0.308 0.241 -0.255
-0.313 0.664 -0.284
-0.399 0.659 -0.160
-0.391 0.666 -0.186
-0.316 0.078 -0.256
-0.299 0.435 -0.260
-0.320 0.499 -0.237
-0.395 0.550 -0.196
-0.412 0.063 -0.224
-0.366 0.665 -0.198
-0.313 0.163 -0.262
-0.339 0.193 -0.243
-0.303 0.301 -0.253
-0.361 0.394 -0.209
-0.315 0.590 -0.284
-0.326 0.584 -0.244
-0.334 0.677 -0.257
-0.396 0.607 -0.190
-0.361 0.072 -0.225
-0.334 0.123 -0.245
-0.369 0.194 -0.217
-0.373 0.138 -0.218
-0.353 0.267 -0.224
-0.323 0.346 -0.236
-0.324 0.413 -0.234
-0.353 0.547 -0.209
-0.370 0.307 -0.210
-0.363 0.474 -0.206
-0.342 0.634 -0.218
-0.049 0.654 -0.077
-0.060 0.620 -0.087
-0.069 0.586 -0.087
-0.078 0.538 -0.091
-0.091 0.464 -0.085
-0.092 0.372 -0.107
-0.087 0.228 -0.094
-0.085 0.147 -0.108
-0.052 0.008 -0.142
-0.001 0.011 -0.178
-0.021 0.035 -0.159
-0.005 0.061 -0.176
-0.007 0.118 -0.179
-0.014 0.226 -0.175
-0.017 0.283 -0.176
-0.025 0.362 -0.167
-0.030 0.466 -0.170
-0.066 0.576 -0.142
-0.084 0.434 -0.119
-0.073 0.603 -0.132
-0.054 0.418 -0.151
-0.087 0.022 -0.125
-0.041 0.071 -0.151
-0.086 0.112 -0.113
-0.058 0.244 -0.151
-0.049 0.281 -0.156
-0.063 0.385 -0.145
-0.060 0.334 -0.147
-0.064 0.483 -0.144
-0.089 0.487 -0.105
-0.081 0.534 -0.120
-0.075 0.077 -0.135
-0.066 0.187 -0.143
-0.026 0.189 -0.162
-0.053 0.123 -0.150
-0.076 0.268 -0.113
-0.356 0.661 -0.110
-0.375 0.629 -0.098
-0.379 0.606 -0.103
-0.409 0.510 -0.109
-0.436 0.454 -0.120
-0.438 0.372 -0.118
-0.437 0.326 -0.116
-0.434 0.130 -0.089
-0.434 0.106 -0.102
-0.425 0.089 -0.216
-0.421 0.190 -0.214
-0.409 0.212 -0.214
-0.417 0.264 -0.208
-0.412 0.293 -0.208
-0.411 0.315 -0.207
-0.414 0.336 -0.205
-0.416 0.354 -0.203
-0.411 0.374 -0.202
-0.396 0.436 -0.201
-0.400 0.466 -0.199
-0.417 0.477 -0.188
-0.409 0.550 -0.182
-0.409 0.583 -0.165
-0.374 0.661 -0.132
-0.421 0.454 -0.171
-0.365 0.647 -0.122
-0.433 0.028 -0.120
-0.435 0.080 -0.136
-0.434 0.162 -0.176
-0.411 0.488 -0.132
-0.412 0.537 -0.142
-0.433 0.031 -0.156
-0.435 0.257 -0.164
-0.437 0.208 -0.125
-0.433 0.302 -0.171
-0.391 0.556 -0.119
-0.438 0.410 -0.129
-0.435 0.351 -0.155
-0.434 0.076 -0.186
-0.433 0.210 -0.180
-0.426 0.398 -0.181
-0.435 0.121 -0.162
-0.382 0.608 -0.131
-0.007 0.044 -0.201
-0.005 0.090 -0.179
-0.008 0.140 -0.176
-0.010 0.166 -0.178
-0.012 0.193 -0.178
-0.015 0.253 -0.175
-0.021 0.330 -0.171
-0.024 0.387 -0.175
-0.027 0.424 -0.171
-0.035 0.451 -0.163
-0.039 0.489 -0.161
-0.039 0.517 -0.162
-0.039 0.545 -0.163
-0.069 0.639 -0.136
-0.059 0.646 -0.106
-0.406 0.606 -0.156
-0.136 0.816 -0.190
-0.058 0.814 -0.156
-0.070 0.762 -0.190
-0.153 0.827 -0.175
-0.157 0.847 -0.136
-0.114 0.832 -0.136
-0.073 0.822 -0.126
-0.078 0.820 -0.160
-0.058 0.793 -0.176
-0.122 0.824 -0.167
-0.092 -0.001 -0.243
-0.107 0.025 -0.249
-0.135 0.536 -0.271
-0.166 0.793 -0.230
-0.027 0.010 -0.217
-0.114 0.123 -0.251
-0.059 0.686 -0.137
-0.078 0.002 -0.237
-0.155 0.712 -0.266
-0.050 0.734 -0.173
-0.045 0.676 -0.179
-0.125 0.278 -0.253
-0.119 0.200 -0.253
-0.135 0.439 -0.262
-0.083 0.086 -0.234
-0.076 0.136 -0.228
-0.096 0.774 -0.207
-0.087 0.253 -0.229
-0.096 0.305 -0.232
-0.044 0.267 -0.209
-0.025 0.323 -0.190
-0.047 0.439 -0.201
-0.043 0.580 -0.161
-0.109 0.614 -0.250
-0.127 0.649 -0.281
-0.104 0.718 -0.238
-0.141 0.757 -0.236
-0.127 0.796 -0.208
-0.061 0.333 -0.213
-0.035 0.213 -0.208
-0.042 0.387 -0.200
-0.071 0.489 -0.213
-0.065 0.046 -0.228
-0.081 0.188 -0.229
-0.095 0.392 -0.228
-0.101 0.567 -0.234
-0.040 0.505 -0.190
-0.128 0.348 -0.252
-0.026 0.108 -0.210
-0.056 0.543 -0.204
-0.114 0.498 -0.244
-0.045 0.624 -0.164
-0.101 0.444 -0.231
-0.065 0.709 -0.199
-0.086 0.652 -0.224
-0.032 0.166 -0.209
-0.050 0.603 -0.196
-0.274 0.737 -0.256
-0.264 0.795 -0.226
-0.267 0.751 -0.250
-0.278 0.728 -0.260
-0.394 0.712 -0.162
-0.377 0.768 -0.185
-0.340 0.826 -0.138
-0.309 0.810 -0.200
-0.362 0.809 -0.179
-0.371 0.729 -0.191
-0.348 0.746 -0.217
-0.304 0.738 -0.242
-0.353 0.697 -0.206
-0.272 0.753 -0.050
-0.250 0.721 -0.048
-0.158 0.731 -0.049
-0.113 0.731 -0.051
-0.373 0.755 -0.069
-0.286 0.848 -0.152
-0.348 0.745 -0.065
-0.366 0.814 -0.103
-0.311 0.836 -0.150
-0.326 0.777 -0.065
-0.106 0.824 -0.122
-0.314 0.818 -0.094
-0.189 0.737 -0.050
-0.097 0.800 -0.078
-0.247 0.872 -0.104
-0.145 0.779 -0.057
-0.163 0.813 -0.074
-0.225 0.746 -0.050
-0.286 0.797 -0.063
-0.255 0.832 -0.077
-0.215 0.790 -0.063
-0.195 0.864 -0.098
-0.141 0.840 -0.124
-0.280 0.834 -0.111
-0.424 0.033 -0.019
-0.432 0.053 -0.086
-0.313 0.723 -0.055
-0.227 0.046 -0.044
-0.403 0.682 -0.064
-0.189 0.008 -0.063
-0.104 0.064 -0.099
-0.058 0.620 -0.052
-0.132 0.693 -0.044
-0.436 0.147 -0.125
-0.390 0.037 0.001
-0.297 0.695 -0.049
-0.116 0.124 -0.079
-0.101 0.320 -0.084
-0.393 0.571 -0.100
-0.256 0.013 -0.043
-0.095 0.421 -0.079
-0.086 0.463 -0.044
-0.187 0.670 -0.044
-0.116 0.251 -0.049
-0.162 0.207 -0.036
-0.098 0.191 -0.082
-0.315 0.033 -0.038
-0.415 0.462 -0.046
-0.098 0.366 -0.059
-0.433 0.081 -0.090
-0.409 0.385 -0.034
-0.162 0.606 -0.038
-0.161 0.145 -0.046
-0.176 0.089 -0.051
-0.127 0.016 -0.093
-0.159 0.045 -0.068
-0.072 0.574 -0.039
-0.430 0.336 -0.062
-0.414 0.600 -0.081
-0.414 0.563 -0.058
-0.434 0.236 -0.081
-0.429 0.520 -0.087
-0.398 0.520 -0.040
-0.180 0.257 -0.029
-0.128 0.638 -0.036
-0.358 0.698 -0.061
-0.341 0.622 -0.057
-0.320 0.652 -0.053
-0.256 0.083 -0.035
-0.069 0.663 -0.034
-0.436 0.280 -0.095
-0.424 0.287 -0.046
-0.410 0.249 -0.023
-0.376 0.289 -0.022
-0.122 0.295 -0.038
-0.168 0.329 -0.028
-0.253 0.679 -0.043
-0.077 0.512 -0.046
-0.188 0.498 -0.035
-0.130 0.464 -0.028
-0.130 0.542 -0.030
-0.423 0.109 -0.025
-0.333 0.172 -0.040
-0.386 0.156 -0.008
-0.375 0.094 -0.008
-0.325 0.107 -0.039
-0.254 0.149 -0.031
-0.435 0.173 -0.091
-0.432 0.414 -0.077
-0.397 0.329 -0.024
-0.337 0.314 -0.044
-0.373 0.387 -0.030
-0.326 0.471 -0.049
-0.330 0.418 -0.048
-0.378 0.458 -0.034
-0.386 0.590 -0.044
-0.222 0.194 -0.032
-0.425 0.179 -0.036
-0.098 0.419 -0.037
-0.121 0.366 -0.030
-0.382 0.211 -0.013
-0.332 0.239 -0.042
-0.268 0.508 -0.031
-0.262 0.453 -0.029
-0.339 0.529 -0.052
-0.280 0.215 -0.031
-0.242 0.629 -0.039
-0.321 0.566 -0.051
-0.212 0.335 -0.030
-0.306 0.351 -0.040
-0.269 0.381 -0.029
-0.220 0.401 -0.031
-0.275 0.291 -0.029
-0.215 0.575 -0.037
-0.279 0.581 -0.036
-0.173 0.420 -0.031
-0.232 0.276 -0.029
-0.397 0.700 -0.075
-0.403 0.632 -0.055
