-0.521 0.062 -0.227
-0.518 0.102 -0.228
-0.513 0.140 -0.243
-0.513 0.175 -0.245
-0.509 0.197 -0.254
-0.509 0.262 -0.259
-0.492 0.278 -0.277
-0.502 0.438 -0.283
-0.492 0.538 -0.299
-0.483 0.515 -0.426
-0.461 0.383 -0.399
-0.458 0.042 -0.301
-0.457 0.255 -0.364
-0.492 0.665 -0.464
-0.454 0.687 -0.305
-0.465 0.692 -0.329
-0.458 0.095 -0.329
-0.468 0.444 -0.408
-0.468 0.513 -0.389
-0.485 0.577 -0.316
-0.510 0.094 -0.243
-0.461 0.686 -0.357
-0.462 0.177 -0.351
-0.470 0.213 -0.326
-0.457 0.313 -0.377
-0.471 0.418 -0.322
-0.500 0.595 -0.440
-0.478 0.596 -0.404
-0.480 0.690 -0.429
-0.478 0.634 -0.320
-0.472 0.098 -0.276
-0.465 0.143 -0.318
-0.476 0.220 -0.287
-0.478 0.165 -0.275
-0.471 0.289 -0.316
-0.462 0.363 -0.359
-0.465 0.429 -0.369
-0.469 0.568 -0.355
-0.476 0.332 -0.302
-0.472 0.497 -0.332
-0.467 0.651 -0.384
-0.042 0.701 -0.207
-0.047 0.665 -0.213
-0.055 0.631 -0.208
-0.061 0.583 -0.205
-0.074 0.511 -0.186
-0.066 0.417 -0.181
-0.068 0.283 -0.129
-0.063 0.201 -0.119
-0.020 0.062 -0.097
0.041 0.063 -0.104
0.015 0.088 -0.103
0.038 0.112 -0.116
0.038 0.165 -0.134
0.033 0.270 -0.162
0.033 0.324 -0.178
0.022 0.402 -0.195
0.020 0.503 -0.226
-0.023 0.610 -0.250
-0.053 0.475 -0.205
-0.035 0.637 -0.252
-0.011 0.457 -0.211
-0.060 0.076 -0.102
-0.006 0.122 -0.117
-0.062 0.166 -0.115
-0.017 0.287 -0.169
-0.005 0.323 -0.179
-0.022 0.425 -0.203
-0.019 0.376 -0.190
-0.023 0.519 -0.228
-0.064 0.529 -0.208
-0.048 0.572 -0.230
-0.043 0.128 -0.120
-0.029 0.233 -0.151
0.016 0.236 -0.148
-0.015 0.172 -0.135
-0.050 0.318 -0.151
-0.390 0.690 -0.286
-0.402 0.663 -0.261
-0.410 0.640 -0.259
-0.441 0.549 -0.231
-0.470 0.496 -0.214
-0.471 0.416 -0.198
-0.470 0.371 -0.187
-0.456 0.182 -0.129
-0.462 0.156 -0.136
-0.517 0.122 -0.232
-0.514 0.222 -0.251
-0.505 0.242 -0.262
-0.508 0.294 -0.262
-0.505 0.323 -0.270
-0.504 0.345 -0.274
-0.506 0.366 -0.274
-0.506 0.384 -0.274
-0.502 0.404 -0.280
-0.492 0.464 -0.299
-0.493 0.494 -0.300
-0.497 0.509 -0.283
-0.485 0.581 -0.296
-0.471 0.614 -0.289
-0.418 0.689 -0.295
-0.489 0.488 -0.264
-0.405 0.676 -0.289
-0.471 0.077 -0.138
-0.479 0.125 -0.161
-0.501 0.201 -0.209
-0.456 0.524 -0.245
-0.461 0.572 -0.260
-0.489 0.074 -0.169
-0.496 0.296 -0.215
-0.477 0.254 -0.173
-0.498 0.339 -0.230
-0.430 0.590 -0.257
-0.478 0.452 -0.213
-0.491 0.389 -0.225
-0.506 0.114 -0.201
-0.502 0.247 -0.221
-0.500 0.432 -0.259
-0.494 0.162 -0.189
-0.427 0.639 -0.282
0.048 0.088 -0.134
0.040 0.139 -0.127
0.037 0.187 -0.138
0.037 0.212 -0.147
0.036 0.238 -0.154
0.032 0.296 -0.169
0.027 0.371 -0.188
0.027 0.426 -0.207
0.023 0.462 -0.215
0.012 0.489 -0.219
0.009 0.525 -0.229
0.009 0.552 -0.237
0.010 0.579 -0.245
-0.028 0.672 -0.262
-0.036 0.686 -0.234
-0.461 0.638 -0.288
-0.094 0.801 -0.365
-0.046 0.824 -0.299
-0.017 0.774 -0.328
-0.121 0.814 -0.360
-0.156 0.846 -0.317
-0.107 0.836 -0.308
-0.071 0.842 -0.286
-0.063 0.824 -0.312
-0.032 0.803 -0.312
-0.098 0.815 -0.338
-0.001 0.027 -0.203
-0.009 0.049 -0.222
0.019 0.537 -0.385
-0.074 0.775 -0.422
0.039 0.050 -0.149
-0.008 0.142 -0.253
-0.020 0.718 -0.268
0.007 0.032 -0.191
0.025 0.712 -0.445
0.004 0.759 -0.302
0.016 0.703 -0.291
-0.005 0.291 -0.302
-0.006 0.216 -0.278
0.006 0.444 -0.356
0.005 0.114 -0.212
0.010 0.164 -0.217
-0.034 0.775 -0.357
0.008 0.276 -0.254
0.005 0.325 -0.274
0.030 0.299 -0.215
0.035 0.360 -0.203
0.027 0.468 -0.253
0.007 0.613 -0.254
0.025 0.621 -0.372
0.031 0.648 -0.414
0.008 0.726 -0.383
-0.028 0.753 -0.411
-0.066 0.784 -0.376
0.021 0.360 -0.245
0.035 0.248 -0.197
0.029 0.418 -0.237
0.019 0.511 -0.290
0.014 0.078 -0.188
0.010 0.214 -0.233
0.008 0.410 -0.293
0.018 0.579 -0.343
0.027 0.535 -0.256
-0.002 0.358 -0.321
0.039 0.147 -0.168
0.024 0.568 -0.286
0.012 0.508 -0.342
0.007 0.655 -0.267
0.009 0.460 -0.312
0.012 0.728 -0.326
0.023 0.666 -0.346
0.036 0.203 -0.184
0.024 0.628 -0.290
-0.389 0.718 -0.450
-0.330 0.763 -0.418
-0.371 0.728 -0.445
-0.400 0.713 -0.452
-0.446 0.738 -0.316
-0.427 0.786 -0.345
-0.349 0.840 -0.312
-0.347 0.796 -0.374
-0.387 0.815 -0.339
-0.444 0.750 -0.354
-0.427 0.760 -0.388
-0.406 0.732 -0.426
-0.454 0.716 -0.375
-0.278 0.797 -0.215
-0.255 0.766 -0.210
-0.163 0.779 -0.202
-0.119 0.781 -0.200
-0.378 0.797 -0.237
-0.287 0.848 -0.333
-0.353 0.786 -0.233
-0.370 0.852 -0.274
-0.319 0.839 -0.328
-0.331 0.819 -0.233
-0.102 0.838 -0.290
-0.319 0.851 -0.270
-0.195 0.784 -0.206
-0.101 0.840 -0.239
-0.248 0.889 -0.302
-0.150 0.824 -0.219
-0.166 0.848 -0.249
-0.230 0.791 -0.212
-0.290 0.838 -0.236
-0.258 0.866 -0.261
-0.219 0.831 -0.232
-0.196 0.881 -0.296
-0.139 0.848 -0.303
-0.284 0.855 -0.292
-0.420 0.098 -0.052
-0.455 0.107 -0.113
-0.317 0.766 -0.220
-0.220 0.108 -0.075
-0.406 0.724 -0.226
-0.177 0.070 -0.074
-0.085 0.121 -0.097
-0.059 0.672 -0.180
-0.137 0.743 -0.192
-0.477 0.194 -0.162
-0.382 0.103 -0.041
-0.301 0.739 -0.213
-0.102 0.184 -0.099
-0.085 0.371 -0.151
-0.420 0.608 -0.243
-0.247 0.075 -0.070
-0.081 0.471 -0.172
-0.087 0.520 -0.147
-0.191 0.718 -0.196
-0.112 0.313 -0.106
-0.160 0.270 -0.095
-0.084 0.249 -0.113
-0.308 0.092 -0.079
-0.416 0.512 -0.162
-0.092 0.422 -0.140
-0.456 0.134 -0.121
-0.407 0.439 -0.138
-0.165 0.656 -0.185
-0.156 0.208 -0.088
-0.169 0.152 -0.082
-0.109 0.075 -0.087
-0.148 0.106 -0.082
-0.075 0.628 -0.163
-0.437 0.389 -0.146
-0.427 0.641 -0.222
-0.418 0.609 -0.194
-0.452 0.288 -0.142
-0.446 0.565 -0.204
-0.397 0.569 -0.175
-0.179 0.318 -0.106
-0.132 0.689 -0.180
-0.362 0.740 -0.229
-0.343 0.665 -0.219
-0.323 0.695 -0.218
-0.250 0.145 -0.082
-0.074 0.716 -0.173
-0.459 0.329 -0.161
-0.426 0.343 -0.125
-0.405 0.308 -0.101
-0.372 0.345 -0.116
-0.121 0.357 -0.110
-0.169 0.388 -0.122
-0.257 0.724 -0.204
-0.078 0.568 -0.158
-0.189 0.549 -0.170
-0.133 0.521 -0.145
-0.133 0.596 -0.163
-0.420 0.171 -0.072
-0.329 0.227 -0.112
-0.380 0.219 -0.074
-0.369 0.157 -0.063
-0.319 0.164 -0.097
-0.251 0.210 -0.094
-0.459 0.225 -0.137
-0.445 0.462 -0.173
-0.393 0.385 -0.121
-0.336 0.364 -0.146
-0.370 0.440 -0.144
-0.327 0.517 -0.187
-0.330 0.465 -0.174
-0.376 0.508 -0.161
-0.386 0.636 -0.195
-0.219 0.255 -0.100
-0.424 0.238 -0.096
-0.100 0.478 -0.134
-0.123 0.427 -0.121
-0.377 0.271 -0.091
-0.329 0.292 -0.130
-0.269 0.557 -0.178
-0.263 0.503 -0.165
-0.341 0.574 -0.200
-0.278 0.273 -0.111
-0.244 0.675 -0.197
-0.322 0.610 -0.206
-0.212 0.391 -0.133
-0.305 0.401 -0.153
-0.269 0.434 -0.149
-0.220 0.454 -0.151
-0.274 0.347 -0.127
-0.216 0.623 -0.188
-0.281 0.627 -0.193
-0.174 0.475 -0.148
-0.230 0.333 -0.119
-0.402 0.739 -0.241
-0.404 0.676 -0.209
