-0.447 0.059 -1.287
-0.444 0.097 -1.277
-0.431 0.136 -1.276
-0.430 0.171 -1.270
-0.420 0.193 -1.268
-0.417 0.257 -1.258
-0.392 0.273 -1.251
-0.392 0.431 -1.230
-0.375 0.530 -1.213
-0.254 0.516 -1.257
-0.270 0.382 -1.257
-0.350 0.039 -1.287
-0.301 0.255 -1.275
-0.234 0.665 -1.263
-0.362 0.676 -1.167
-0.340 0.682 -1.183
-0.328 0.095 -1.293
-0.264 0.443 -1.252
-0.282 0.508 -1.229
-0.357 0.569 -1.208
-0.429 0.091 -1.282
-0.312 0.678 -1.185
-0.313 0.179 -1.290
-0.339 0.211 -1.275
-0.288 0.312 -1.263
-0.343 0.410 -1.226
-0.253 0.596 -1.267
-0.275 0.593 -1.231
-0.243 0.684 -1.218
-0.350 0.625 -1.195
-0.379 0.093 -1.273
-0.342 0.142 -1.282
-0.375 0.215 -1.256
-0.384 0.159 -1.263
-0.348 0.285 -1.253
-0.306 0.359 -1.246
-0.299 0.424 -1.237
-0.314 0.559 -1.207
-0.363 0.326 -1.239
-0.336 0.488 -1.214
-0.286 0.644 -1.201
-0.069 0.643 -1.125
-0.083 0.611 -1.133
-0.093 0.577 -1.132
-0.106 0.530 -1.135
-0.120 0.456 -1.129
-0.131 0.366 -1.154
-0.131 0.222 -1.150
-0.136 0.142 -1.167
-0.115 0.003 -1.212
-0.071 0.007 -1.255
-0.086 0.030 -1.232
-0.073 0.057 -1.251
-0.074 0.113 -1.252
-0.077 0.221 -1.244
-0.078 0.278 -1.243
-0.082 0.357 -1.230
-0.085 0.462 -1.228
-0.108 0.570 -1.186
-0.124 0.428 -1.165
-0.110 0.596 -1.173
-0.104 0.413 -1.204
-0.146 0.018 -1.188
-0.103 0.067 -1.220
-0.139 0.107 -1.173
-0.114 0.239 -1.210
-0.104 0.276 -1.216
-0.112 0.380 -1.198
-0.111 0.330 -1.202
-0.110 0.477 -1.192
-0.122 0.480 -1.148
-0.117 0.528 -1.163
-0.134 0.073 -1.198
-0.122 0.183 -1.203
-0.086 0.184 -1.230
-0.112 0.119 -1.215
-0.122 0.262 -1.168
-0.344 0.673 -1.104
-0.368 0.642 -1.102
-0.372 0.621 -1.110
-0.406 0.529 -1.134
-0.433 0.477 -1.156
-0.443 0.395 -1.162
-0.447 0.349 -1.162
-0.467 0.152 -1.149
-0.468 0.129 -1.164
-0.441 0.117 -1.275
-0.426 0.218 -1.265
-0.411 0.237 -1.261
-0.414 0.289 -1.253
-0.405 0.318 -1.249
-0.402 0.340 -1.245
-0.403 0.360 -1.243
-0.403 0.379 -1.239
-0.395 0.398 -1.235
-0.374 0.457 -1.224
-0.374 0.487 -1.220
-0.391 0.500 -1.214
-0.375 0.571 -1.200
-0.376 0.602 -1.180
-0.352 0.675 -1.131
-0.403 0.477 -1.201
-0.349 0.660 -1.119
-0.471 0.053 -1.187
-0.465 0.105 -1.200
-0.449 0.189 -1.233
-0.402 0.508 -1.157
-0.394 0.557 -1.163
-0.465 0.058 -1.222
-0.443 0.284 -1.214
-0.457 0.233 -1.180
-0.434 0.327 -1.217
-0.382 0.573 -1.133
-0.436 0.433 -1.169
-0.434 0.376 -1.198
-0.456 0.104 -1.248
-0.442 0.237 -1.233
-0.413 0.423 -1.217
-0.457 0.148 -1.222
-0.365 0.624 -1.137
-0.080 0.040 -1.276
-0.072 0.086 -1.254
-0.073 0.135 -1.249
-0.075 0.161 -1.249
-0.075 0.188 -1.248
-0.077 0.249 -1.243
-0.079 0.326 -1.236
-0.083 0.383 -1.237
-0.084 0.420 -1.232
-0.088 0.446 -1.220
-0.091 0.483 -1.216
-0.090 0.511 -1.216
-0.090 0.539 -1.216
-0.104 0.632 -1.176
-0.086 0.637 -1.151
-0.376 0.625 -1.170
-0.172 0.807 -1.168
-0.087 0.797 -1.175
-0.119 0.753 -1.208
-0.177 0.822 -1.148
-0.157 0.847 -1.116
-0.124 0.825 -1.132
-0.085 0.806 -1.138
-0.105 0.806 -1.168
-0.100 0.778 -1.191
-0.147 0.815 -1.155
-0.172 -0.001 -1.302
-0.188 0.025 -1.304
-0.217 0.537 -1.286
-0.220 0.782 -1.183
-0.103 0.007 -1.288
-0.192 0.123 -1.302
-0.092 0.678 -1.179
-0.158 0.001 -1.298
-0.235 0.712 -1.246
-0.094 0.726 -1.213
-0.096 0.669 -1.223
-0.202 0.278 -1.293
-0.196 0.200 -1.297
-0.213 0.439 -1.288
-0.159 0.085 -1.292
-0.150 0.134 -1.287
-0.149 0.765 -1.206
-0.159 0.251 -1.279
-0.167 0.304 -1.278
-0.112 0.264 -1.269
-0.088 0.319 -1.253
-0.111 0.436 -1.254
-0.092 0.575 -1.211
-0.186 0.614 -1.266
-0.216 0.652 -1.279
-0.175 0.717 -1.241
-0.204 0.752 -1.213
-0.175 0.783 -1.185
-0.129 0.330 -1.267
-0.105 0.210 -1.272
-0.107 0.384 -1.257
-0.137 0.486 -1.256
-0.143 0.044 -1.292
-0.154 0.186 -1.282
-0.165 0.390 -1.270
-0.171 0.565 -1.260
-0.100 0.501 -1.243
-0.203 0.347 -1.288
-0.099 0.105 -1.279
-0.120 0.540 -1.249
-0.187 0.497 -1.271
-0.092 0.618 -1.211
-0.171 0.443 -1.268
-0.121 0.703 -1.229
-0.153 0.650 -1.248
-0.103 0.163 -1.275
-0.110 0.599 -1.241
-0.336 0.728 -1.200
-0.383 0.769 -1.138
-0.353 0.738 -1.187
-0.326 0.722 -1.208
-0.351 0.729 -1.161
-0.320 0.784 -1.159
-0.335 0.859 -1.097
-0.367 0.795 -1.089
-0.340 0.823 -1.129
-0.315 0.743 -1.165
-0.288 0.751 -1.138
-0.314 0.734 -1.179
-0.294 0.707 -1.175
-0.268 0.755 -1.036
-0.248 0.721 -1.041
-0.155 0.725 -1.050
-0.112 0.723 -1.060
-0.369 0.769 -1.057
-0.288 0.848 -1.131
-0.345 0.756 -1.054
-0.358 0.843 -1.062
-0.317 0.846 -1.112
-0.321 0.786 -1.044
-0.112 0.816 -1.123
-0.307 0.834 -1.059
-0.186 0.733 -1.046
-0.095 0.791 -1.081
-0.246 0.878 -1.074
-0.139 0.773 -1.052
-0.156 0.811 -1.059
-0.222 0.744 -1.041
-0.279 0.802 -1.040
-0.247 0.833 -1.056
-0.208 0.789 -1.047
-0.187 0.868 -1.072
-0.139 0.839 -1.110
-0.277 0.838 -1.085
-0.476 0.052 -1.085
-0.473 0.076 -1.152
-0.311 0.730 -1.047
-0.279 0.048 -1.097
-0.401 0.695 -1.071
-0.244 0.008 -1.120
-0.157 0.059 -1.159
-0.072 0.608 -1.099
-0.133 0.685 -1.058
-0.462 0.172 -1.184
-0.444 0.051 -1.061
-0.296 0.699 -1.047
-0.164 0.120 -1.136
-0.138 0.313 -1.133
-0.389 0.587 -1.114
-0.310 0.018 -1.098
-0.125 0.414 -1.124
-0.107 0.453 -1.090
-0.188 0.666 -1.051
-0.151 0.244 -1.099
-0.200 0.203 -1.084
-0.142 0.185 -1.137
-0.367 0.042 -1.093
-0.430 0.477 -1.079
-0.127 0.357 -1.107
-0.471 0.104 -1.153
-0.432 0.400 -1.073
-0.168 0.600 -1.054
-0.204 0.141 -1.097
-0.224 0.087 -1.103
-0.183 0.013 -1.152
-0.211 0.043 -1.124
-0.085 0.563 -1.085
-0.451 0.356 -1.108
-0.412 0.616 -1.100
-0.420 0.578 -1.081
-0.460 0.258 -1.135
-0.431 0.540 -1.118
-0.410 0.533 -1.065
-0.213 0.253 -1.075
-0.131 0.629 -1.060
-0.357 0.708 -1.059
-0.344 0.631 -1.065
-0.322 0.659 -1.059
-0.304 0.087 -1.087
-0.073 0.651 -1.077
-0.455 0.303 -1.145
-0.451 0.305 -1.094
-0.444 0.264 -1.073
-0.407 0.301 -1.066
-0.153 0.287 -1.085
-0.195 0.324 -1.071
-0.253 0.679 -1.045
-0.095 0.502 -1.093
-0.201 0.494 -1.060
-0.146 0.456 -1.067
-0.140 0.534 -1.062
-0.469 0.127 -1.086
-0.373 0.182 -1.089
-0.430 0.170 -1.062
-0.424 0.107 -1.065
-0.370 0.117 -1.092
-0.297 0.153 -1.081
-0.464 0.196 -1.148
-0.443 0.434 -1.117
-0.425 0.343 -1.066
-0.366 0.324 -1.085
-0.395 0.399 -1.066
-0.342 0.480 -1.079
-0.350 0.428 -1.081
-0.395 0.469 -1.063
-0.392 0.601 -1.059
-0.260 0.195 -1.079
-0.463 0.198 -1.093
-0.120 0.409 -1.082
-0.145 0.358 -1.075
-0.420 0.224 -1.064
-0.366 0.249 -1.088
-0.279 0.511 -1.072
-0.277 0.456 -1.077
-0.350 0.539 -1.077
-0.317 0.221 -1.078
-0.245 0.629 -1.050
-0.329 0.573 -1.070
-0.239 0.334 -1.071
-0.331 0.358 -1.078
-0.291 0.385 -1.080
-0.241 0.400 -1.070
-0.305 0.296 -1.079
-0.222 0.572 -1.055
-0.284 0.585 -1.068
-0.193 0.416 -1.067
-0.263 0.277 -1.076
-0.391 0.712 -1.078
-0.405 0.644 -1.068
