-0.522 0.062 -0.238
-0.519 0.101 -0.239
-0.515 0.140 -0.253
-0.515 0.175 -0.255
-0.511 0.197 -0.264
-0.511 0.262 -0.269
-0.494 0.278 -0.288
-0.505 0.438 -0.293
-0.495 0.538 -0.308
-0.490 0.516 -0.436
-0.467 0.383 -0.409
-0.461 0.042 -0.312
-0.461 0.255 -0.375
-0.502 0.665 -0.474
-0.457 0.686 -0.315
-0.469 0.692 -0.339
-0.461 0.095 -0.341
-0.475 0.445 -0.419
-0.474 0.513 -0.400
-0.489 0.577 -0.326
-0.512 0.094 -0.253
-0.467 0.687 -0.367
-0.465 0.177 -0.362
-0.473 0.213 -0.337
-0.461 0.313 -0.388
-0.475 0.418 -0.333
-0.509 0.595 -0.450
-0.485 0.597 -0.414
-0.488 0.690 -0.439
-0.482 0.634 -0.330
-0.474 0.098 -0.287
-0.468 0.143 -0.329
-0.478 0.220 -0.297
-0.480 0.165 -0.286
-0.474 0.289 -0.327
-0.466 0.363 -0.370
-0.470 0.429 -0.380
-0.474 0.568 -0.365
-0.479 0.332 -0.312
-0.476 0.497 -0.343
-0.474 0.652 -0.394
-0.045 0.700 -0.221
-0.049 0.664 -0.226
-0.055 0.629 -0.222
-0.060 0.581 -0.218
-0.073 0.510 -0.199
-0.064 0.415 -0.193
-0.068 0.282 -0.141
-0.062 0.200 -0.130
-0.021 0.061 -0.107
0.041 0.062 -0.113
0.015 0.087 -0.113
0.038 0.110 -0.126
0.039 0.164 -0.144
0.034 0.268 -0.172
0.034 0.323 -0.188
0.024 0.401 -0.205
0.023 0.501 -0.236
-0.021 0.608 -0.262
-0.051 0.474 -0.217
-0.032 0.636 -0.264
-0.009 0.455 -0.222
-0.060 0.075 -0.113
-0.005 0.121 -0.127
-0.062 0.165 -0.126
-0.016 0.286 -0.180
-0.004 0.321 -0.189
-0.020 0.424 -0.214
-0.017 0.374 -0.201
-0.020 0.518 -0.239
-0.062 0.527 -0.221
-0.047 0.571 -0.242
-0.043 0.127 -0.131
-0.028 0.232 -0.162
0.016 0.234 -0.158
-0.015 0.171 -0.145
-0.050 0.317 -0.163
-0.392 0.689 -0.299
-0.404 0.662 -0.273
-0.411 0.640 -0.271
-0.442 0.549 -0.242
-0.471 0.496 -0.225
-0.472 0.416 -0.208
-0.471 0.371 -0.198
-0.456 0.181 -0.140
-0.463 0.156 -0.147
-0.518 0.121 -0.243
-0.515 0.222 -0.261
-0.507 0.241 -0.273
-0.510 0.294 -0.272
-0.508 0.323 -0.280
-0.506 0.345 -0.284
-0.508 0.366 -0.284
-0.509 0.384 -0.284
-0.505 0.404 -0.290
-0.495 0.464 -0.309
-0.496 0.494 -0.310
-0.500 0.509 -0.293
-0.488 0.581 -0.305
-0.474 0.614 -0.299
-0.420 0.689 -0.306
-0.492 0.488 -0.274
-0.408 0.675 -0.301
-0.471 0.077 -0.149
-0.480 0.125 -0.172
-0.502 0.200 -0.219
-0.458 0.524 -0.255
-0.463 0.572 -0.271
-0.490 0.074 -0.180
-0.497 0.296 -0.225
-0.478 0.253 -0.183
-0.500 0.338 -0.240
-0.432 0.590 -0.268
-0.479 0.451 -0.224
-0.492 0.389 -0.235
-0.507 0.114 -0.212
-0.504 0.247 -0.231
-0.503 0.432 -0.269
-0.495 0.162 -0.200
-0.429 0.638 -0.293
0.048 0.087 -0.144
0.040 0.137 -0.136
0.038 0.185 -0.148
0.037 0.210 -0.157
0.037 0.236 -0.164
0.034 0.295 -0.179
0.029 0.370 -0.198
0.029 0.424 -0.217
0.025 0.461 -0.225
0.014 0.487 -0.229
0.011 0.524 -0.240
0.011 0.551 -0.247
0.013 0.578 -0.255
-0.025 0.671 -0.274
-0.036 0.685 -0.247
-0.464 0.637 -0.298
-0.091 0.801 -0.376
-0.045 0.821 -0.307
-0.014 0.773 -0.338
-0.118 0.814 -0.371
-0.156 0.846 -0.327
-0.106 0.835 -0.318
-0.070 0.840 -0.295
-0.062 0.822 -0.321
-0.031 0.801 -0.321
-0.096 0.814 -0.348
0.000 0.026 -0.213
-0.008 0.048 -0.232
0.022 0.536 -0.395
-0.068 0.775 -0.434
0.040 0.049 -0.158
-0.006 0.141 -0.263
-0.017 0.716 -0.280
0.008 0.031 -0.201
0.035 0.712 -0.455
0.007 0.758 -0.312
0.020 0.702 -0.301
-0.003 0.289 -0.312
-0.003 0.215 -0.288
0.008 0.443 -0.366
0.007 0.112 -0.222
0.011 0.163 -0.227
-0.030 0.774 -0.367
0.010 0.274 -0.263
0.008 0.324 -0.284
0.031 0.298 -0.225
0.037 0.359 -0.213
0.029 0.467 -0.263
0.009 0.612 -0.265
0.030 0.620 -0.382
0.037 0.647 -0.424
0.014 0.726 -0.393
-0.022 0.753 -0.421
-0.062 0.783 -0.386
0.023 0.359 -0.255
0.036 0.247 -0.207
0.031 0.417 -0.247
0.022 0.510 -0.300
0.015 0.077 -0.198
0.011 0.213 -0.243
0.011 0.409 -0.303
0.023 0.578 -0.353
0.029 0.534 -0.266
-0.000 0.357 -0.331
0.040 0.146 -0.177
0.027 0.567 -0.296
0.015 0.507 -0.352
0.010 0.654 -0.278
0.011 0.459 -0.322
0.016 0.727 -0.336
0.028 0.666 -0.356
0.038 0.201 -0.194
0.028 0.627 -0.300
-0.396 0.718 -0.461
-0.334 0.762 -0.429
-0.377 0.727 -0.456
-0.407 0.712 -0.463
-0.450 0.738 -0.326
-0.430 0.786 -0.355
-0.350 0.839 -0.322
-0.350 0.796 -0.384
-0.389 0.814 -0.348
-0.448 0.750 -0.363
-0.431 0.760 -0.398
-0.412 0.732 -0.436
-0.459 0.716 -0.385
-0.278 0.796 -0.226
-0.255 0.765 -0.221
-0.163 0.778 -0.213
-0.119 0.780 -0.210
-0.378 0.796 -0.247
-0.287 0.848 -0.343
-0.353 0.786 -0.244
-0.370 0.852 -0.284
-0.319 0.839 -0.338
-0.331 0.818 -0.243
-0.102 0.837 -0.300
-0.319 0.851 -0.280
-0.195 0.783 -0.217
-0.100 0.839 -0.249
-0.248 0.889 -0.312
-0.150 0.823 -0.229
-0.166 0.847 -0.259
-0.230 0.790 -0.223
-0.290 0.838 -0.246
-0.258 0.865 -0.271
-0.219 0.831 -0.242
-0.196 0.881 -0.305
-0.139 0.847 -0.313
-0.284 0.855 -0.302
-0.420 0.097 -0.063
-0.455 0.106 -0.124
-0.317 0.766 -0.232
-0.220 0.107 -0.087
-0.406 0.723 -0.238
-0.177 0.069 -0.085
-0.085 0.120 -0.109
-0.059 0.670 -0.193
-0.138 0.742 -0.203
-0.478 0.194 -0.173
-0.382 0.103 -0.052
-0.301 0.738 -0.225
-0.102 0.183 -0.111
-0.084 0.370 -0.163
-0.421 0.608 -0.254
-0.248 0.074 -0.082
-0.080 0.469 -0.184
-0.087 0.518 -0.161
-0.191 0.717 -0.208
-0.112 0.312 -0.118
-0.160 0.269 -0.108
-0.084 0.248 -0.125
-0.308 0.091 -0.091
-0.415 0.512 -0.174
-0.091 0.421 -0.153
-0.457 0.134 -0.132
-0.407 0.438 -0.150
-0.165 0.654 -0.197
-0.156 0.207 -0.100
-0.169 0.151 -0.094
-0.109 0.074 -0.099
-0.148 0.105 -0.094
-0.075 0.627 -0.177
-0.438 0.388 -0.157
-0.428 0.641 -0.233
-0.418 0.609 -0.205
-0.452 0.288 -0.153
-0.446 0.564 -0.215
-0.397 0.568 -0.187
-0.179 0.317 -0.119
-0.132 0.688 -0.192
-0.362 0.739 -0.241
-0.343 0.664 -0.231
-0.323 0.694 -0.231
-0.251 0.144 -0.094
-0.074 0.715 -0.185
-0.460 0.329 -0.172
-0.426 0.342 -0.137
-0.405 0.307 -0.113
-0.372 0.345 -0.128
-0.121 0.356 -0.123
-0.169 0.387 -0.136
-0.257 0.723 -0.216
-0.077 0.566 -0.172
-0.189 0.548 -0.184
-0.133 0.520 -0.159
-0.133 0.595 -0.176
-0.420 0.170 -0.084
-0.329 0.226 -0.124
-0.380 0.218 -0.085
-0.369 0.156 -0.075
-0.319 0.163 -0.109
-0.251 0.209 -0.106
-0.459 0.224 -0.148
-0.445 0.462 -0.184
-0.393 0.385 -0.133
-0.337 0.363 -0.159
-0.370 0.439 -0.157
-0.327 0.516 -0.200
-0.331 0.464 -0.187
-0.376 0.507 -0.174
-0.386 0.635 -0.208
-0.219 0.254 -0.113
-0.424 0.238 -0.107
-0.100 0.477 -0.148
-0.123 0.426 -0.135
-0.377 0.271 -0.103
-0.329 0.291 -0.142
-0.269 0.555 -0.191
-0.263 0.502 -0.179
-0.341 0.573 -0.212
-0.278 0.272 -0.124
-0.244 0.674 -0.210
-0.322 0.609 -0.219
-0.212 0.390 -0.147
-0.305 0.400 -0.166
-0.269 0.432 -0.162
-0.220 0.453 -0.165
-0.274 0.346 -0.140
-0.216 0.622 -0.202
-0.281 0.626 -0.206
-0.174 0.474 -0.162
-0.230 0.332 -0.133
-0.402 0.739 -0.252
-0.404 0.675 -0.220
