-0.522 0.061 -0.250
-0.520 0.101 -0.251
-0.516 0.139 -0.265
-0.516 0.174 -0.267
-0.512 0.196 -0.276
-0.513 0.261 -0.280
-0.496 0.278 -0.299
-0.508 0.437 -0.304
-0.498 0.538 -0.319
-0.498 0.516 -0.447
-0.472 0.383 -0.421
-0.461 0.041 -0.324
-0.464 0.255 -0.387
-0.512 0.665 -0.484
-0.460 0.686 -0.326
-0.473 0.692 -0.349
-0.462 0.095 -0.353
-0.481 0.445 -0.430
-0.480 0.513 -0.411
-0.493 0.577 -0.336
-0.513 0.093 -0.265
-0.472 0.687 -0.377
-0.467 0.177 -0.375
-0.475 0.212 -0.349
-0.465 0.313 -0.400
-0.479 0.417 -0.344
-0.517 0.595 -0.459
-0.492 0.597 -0.425
-0.496 0.690 -0.449
-0.486 0.634 -0.340
-0.475 0.097 -0.300
-0.470 0.143 -0.341
-0.480 0.220 -0.309
-0.481 0.164 -0.298
-0.476 0.289 -0.338
-0.470 0.363 -0.382
-0.475 0.429 -0.391
-0.479 0.568 -0.376
-0.481 0.332 -0.324
-0.481 0.497 -0.354
-0.481 0.652 -0.405
-0.046 0.698 -0.233
-0.049 0.663 -0.239
-0.053 0.628 -0.234
-0.059 0.579 -0.231
-0.073 0.508 -0.213
-0.064 0.414 -0.207
-0.068 0.280 -0.154
-0.062 0.198 -0.143
-0.021 0.059 -0.120
0.041 0.060 -0.126
0.015 0.085 -0.126
0.038 0.109 -0.139
0.039 0.162 -0.156
0.034 0.267 -0.184
0.035 0.322 -0.200
0.024 0.399 -0.217
0.024 0.500 -0.247
-0.020 0.607 -0.274
-0.050 0.472 -0.230
-0.031 0.635 -0.276
-0.008 0.454 -0.235
-0.060 0.073 -0.126
-0.005 0.119 -0.140
-0.062 0.163 -0.139
-0.015 0.284 -0.193
-0.003 0.320 -0.202
-0.019 0.422 -0.227
-0.016 0.373 -0.213
-0.019 0.516 -0.252
-0.061 0.525 -0.234
-0.046 0.569 -0.255
-0.043 0.125 -0.144
-0.028 0.230 -0.175
0.017 0.233 -0.171
-0.014 0.169 -0.158
-0.049 0.315 -0.176
-0.395 0.688 -0.311
-0.406 0.661 -0.285
-0.413 0.639 -0.283
-0.444 0.548 -0.254
-0.472 0.495 -0.236
-0.473 0.415 -0.220
-0.472 0.370 -0.209
-0.457 0.180 -0.152
-0.463 0.155 -0.159
-0.519 0.121 -0.255
-0.517 0.221 -0.272
-0.508 0.241 -0.284
-0.512 0.293 -0.283
-0.510 0.322 -0.292
-0.509 0.344 -0.295
-0.511 0.365 -0.295
-0.511 0.383 -0.295
-0.507 0.403 -0.301
-0.498 0.463 -0.320
-0.499 0.494 -0.320
-0.503 0.508 -0.303
-0.491 0.580 -0.316
-0.477 0.614 -0.310
-0.423 0.688 -0.318
-0.494 0.487 -0.285
-0.410 0.674 -0.313
-0.472 0.076 -0.161
-0.480 0.124 -0.184
-0.503 0.200 -0.231
-0.459 0.523 -0.267
-0.465 0.571 -0.282
-0.490 0.073 -0.192
-0.498 0.295 -0.237
-0.478 0.252 -0.195
-0.501 0.337 -0.251
-0.434 0.589 -0.280
-0.480 0.450 -0.235
-0.494 0.388 -0.246
-0.507 0.113 -0.224
-0.505 0.246 -0.243
-0.505 0.431 -0.279
-0.495 0.161 -0.212
-0.432 0.637 -0.305
0.049 0.085 -0.156
0.041 0.136 -0.149
0.038 0.184 -0.160
0.038 0.209 -0.169
0.037 0.235 -0.176
0.034 0.293 -0.191
0.030 0.368 -0.210
0.030 0.423 -0.228
0.026 0.459 -0.237
0.015 0.486 -0.241
0.012 0.522 -0.251
0.013 0.549 -0.259
0.014 0.576 -0.267
-0.023 0.670 -0.285
-0.035 0.683 -0.259
-0.466 0.637 -0.309
-0.088 0.798 -0.386
-0.044 0.819 -0.316
-0.011 0.772 -0.347
-0.116 0.813 -0.382
-0.156 0.846 -0.337
-0.105 0.835 -0.328
-0.069 0.839 -0.305
-0.061 0.820 -0.330
-0.030 0.798 -0.330
-0.094 0.813 -0.359
0.001 0.024 -0.226
-0.007 0.046 -0.245
0.028 0.535 -0.407
-0.062 0.775 -0.444
0.040 0.047 -0.171
-0.005 0.139 -0.276
-0.015 0.715 -0.291
0.008 0.029 -0.214
0.044 0.712 -0.465
0.010 0.756 -0.321
0.023 0.700 -0.311
-0.001 0.288 -0.325
-0.002 0.213 -0.300
0.012 0.442 -0.378
0.007 0.111 -0.235
0.012 0.161 -0.239
-0.026 0.773 -0.377
0.011 0.273 -0.276
0.010 0.323 -0.297
0.033 0.296 -0.237
0.038 0.357 -0.225
0.031 0.466 -0.274
0.011 0.611 -0.276
0.035 0.620 -0.392
0.045 0.647 -0.434
0.021 0.726 -0.403
-0.015 0.753 -0.432
-0.057 0.783 -0.397
0.025 0.358 -0.267
0.037 0.245 -0.219
0.033 0.415 -0.259
0.025 0.509 -0.311
0.016 0.075 -0.211
0.012 0.211 -0.256
0.013 0.408 -0.315
0.027 0.577 -0.364
0.031 0.533 -0.277
0.003 0.356 -0.343
0.041 0.144 -0.189
0.030 0.565 -0.307
0.019 0.506 -0.364
0.012 0.653 -0.289
0.015 0.458 -0.334
0.020 0.727 -0.345
0.032 0.665 -0.366
0.038 0.200 -0.206
0.031 0.626 -0.311
-0.402 0.718 -0.472
-0.339 0.762 -0.440
-0.383 0.727 -0.467
-0.414 0.712 -0.474
-0.453 0.737 -0.336
-0.432 0.785 -0.364
-0.350 0.839 -0.331
-0.353 0.796 -0.395
-0.390 0.813 -0.357
-0.452 0.750 -0.373
-0.436 0.760 -0.408
-0.418 0.732 -0.447
-0.465 0.717 -0.395
-0.278 0.795 -0.237
-0.255 0.763 -0.233
-0.163 0.777 -0.224
-0.119 0.778 -0.221
-0.378 0.795 -0.258
-0.287 0.848 -0.353
-0.353 0.785 -0.255
-0.370 0.852 -0.293
-0.320 0.839 -0.348
-0.331 0.817 -0.254
-0.101 0.836 -0.310
-0.319 0.850 -0.290
-0.195 0.781 -0.228
-0.100 0.838 -0.259
-0.248 0.889 -0.322
-0.150 0.822 -0.239
-0.166 0.846 -0.269
-0.230 0.788 -0.234
-0.290 0.837 -0.257
-0.257 0.864 -0.281
-0.219 0.829 -0.253
-0.196 0.881 -0.315
-0.139 0.847 -0.323
-0.284 0.855 -0.312
-0.420 0.096 -0.075
-0.456 0.105 -0.136
-0.317 0.764 -0.243
-0.220 0.105 -0.101
-0.406 0.722 -0.249
-0.178 0.067 -0.099
-0.085 0.118 -0.122
-0.059 0.669 -0.206
-0.138 0.740 -0.215
-0.478 0.193 -0.185
-0.382 0.101 -0.065
-0.301 0.736 -0.237
-0.102 0.181 -0.125
-0.084 0.368 -0.177
-0.423 0.607 -0.266
-0.248 0.073 -0.095
-0.080 0.467 -0.198
-0.087 0.516 -0.174
-0.191 0.715 -0.221
-0.112 0.310 -0.132
-0.160 0.267 -0.122
-0.084 0.246 -0.139
-0.308 0.089 -0.105
-0.415 0.510 -0.186
-0.091 0.419 -0.167
-0.457 0.132 -0.144
-0.406 0.437 -0.162
-0.165 0.653 -0.211
-0.156 0.205 -0.114
-0.169 0.149 -0.108
-0.109 0.072 -0.112
-0.148 0.103 -0.107
-0.075 0.625 -0.190
-0.438 0.387 -0.169
-0.428 0.640 -0.245
-0.418 0.607 -0.217
-0.453 0.287 -0.165
-0.447 0.563 -0.227
-0.397 0.567 -0.199
-0.179 0.315 -0.134
-0.132 0.686 -0.205
-0.362 0.738 -0.253
-0.343 0.663 -0.244
-0.323 0.692 -0.243
-0.251 0.142 -0.108
-0.074 0.713 -0.197
-0.460 0.328 -0.184
-0.426 0.341 -0.149
-0.405 0.306 -0.125
-0.372 0.343 -0.141
-0.121 0.354 -0.137
-0.169 0.385 -0.150
-0.257 0.722 -0.228
-0.077 0.564 -0.185
-0.189 0.546 -0.198
-0.133 0.518 -0.173
-0.133 0.592 -0.190
-0.420 0.169 -0.096
-0.329 0.224 -0.137
-0.379 0.217 -0.098
-0.369 0.155 -0.087
-0.320 0.161 -0.123
-0.251 0.207 -0.120
-0.460 0.223 -0.160
-0.446 0.461 -0.196
-0.392 0.383 -0.146
-0.337 0.362 -0.172
-0.370 0.438 -0.170
-0.327 0.514 -0.213
-0.331 0.463 -0.201
-0.376 0.506 -0.187
-0.386 0.633 -0.220
-0.219 0.252 -0.127
-0.424 0.236 -0.119
-0.100 0.475 -0.162
-0.123 0.424 -0.149
-0.376 0.269 -0.116
-0.330 0.289 -0.155
-0.269 0.553 -0.206
-0.263 0.500 -0.193
-0.341 0.571 -0.226
-0.278 0.270 -0.137
-0.244 0.673 -0.223
-0.323 0.607 -0.232
-0.212 0.388 -0.161
-0.305 0.398 -0.180
-0.269 0.430 -0.176
-0.220 0.451 -0.179
-0.274 0.344 -0.154
-0.216 0.620 -0.216
-0.281 0.624 -0.220
-0.174 0.472 -0.177
-0.231 0.330 -0.147
-0.402 0.738 -0.263
-0.404 0.674 -0.232
