-0.522 0.059 -0.264
-0.519 0.099 -0.265
-0.515 0.137 -0.279
-0.516 0.173 -0.281
-0.512 0.195 -0.289
-0.513 0.260 -0.293
-0.497 0.277 -0.312
-0.510 0.436 -0.315
-0.501 0.537 -0.330
-0.505 0.516 -0.458
-0.477 0.383 -0.434
-0.460 0.041 -0.339
-0.467 0.255 -0.400
-0.522 0.665 -0.494
-0.463 0.685 -0.336
-0.477 0.691 -0.359
-0.462 0.095 -0.367
-0.487 0.445 -0.442
-0.486 0.513 -0.422
-0.496 0.576 -0.347
-0.512 0.092 -0.279
-0.477 0.686 -0.388
-0.468 0.177 -0.388
-0.476 0.212 -0.362
-0.469 0.313 -0.413
-0.482 0.417 -0.357
-0.526 0.594 -0.469
-0.500 0.597 -0.435
-0.504 0.691 -0.459
-0.489 0.633 -0.350
-0.475 0.096 -0.314
-0.470 0.142 -0.355
-0.481 0.219 -0.323
-0.482 0.163 -0.312
-0.478 0.288 -0.351
-0.474 0.362 -0.395
-0.480 0.429 -0.403
-0.485 0.567 -0.388
-0.484 0.331 -0.337
-0.485 0.496 -0.365
-0.488 0.652 -0.415
-0.045 0.696 -0.245
-0.049 0.661 -0.252
-0.053 0.626 -0.247
-0.059 0.577 -0.244
-0.073 0.506 -0.227
-0.063 0.411 -0.221
-0.068 0.277 -0.169
-0.062 0.196 -0.159
-0.021 0.056 -0.136
0.041 0.057 -0.142
0.015 0.083 -0.142
0.038 0.106 -0.154
0.039 0.159 -0.171
0.034 0.264 -0.198
0.035 0.319 -0.214
0.025 0.397 -0.230
0.025 0.498 -0.260
-0.018 0.605 -0.287
-0.050 0.470 -0.245
-0.029 0.633 -0.289
-0.007 0.452 -0.248
-0.060 0.071 -0.142
-0.005 0.117 -0.155
-0.062 0.160 -0.155
-0.015 0.282 -0.208
-0.003 0.318 -0.217
-0.018 0.420 -0.241
-0.016 0.371 -0.228
-0.018 0.514 -0.265
-0.061 0.523 -0.248
-0.045 0.567 -0.269
-0.043 0.123 -0.160
-0.028 0.228 -0.190
0.017 0.230 -0.186
-0.014 0.166 -0.173
-0.049 0.312 -0.191
-0.398 0.687 -0.324
-0.408 0.660 -0.298
-0.415 0.638 -0.296
-0.445 0.546 -0.266
-0.473 0.493 -0.248
-0.474 0.413 -0.232
-0.472 0.368 -0.222
-0.457 0.178 -0.166
-0.463 0.153 -0.173
-0.519 0.119 -0.269
-0.517 0.219 -0.285
-0.509 0.240 -0.297
-0.514 0.292 -0.296
-0.511 0.321 -0.304
-0.510 0.343 -0.307
-0.513 0.364 -0.307
-0.513 0.382 -0.307
-0.510 0.402 -0.313
-0.501 0.462 -0.331
-0.503 0.493 -0.332
-0.505 0.507 -0.314
-0.494 0.579 -0.326
-0.480 0.613 -0.320
-0.426 0.687 -0.330
-0.496 0.486 -0.296
-0.413 0.673 -0.325
-0.471 0.074 -0.175
-0.480 0.122 -0.198
-0.503 0.198 -0.244
-0.461 0.522 -0.279
-0.467 0.570 -0.294
-0.490 0.071 -0.207
-0.499 0.294 -0.249
-0.479 0.251 -0.208
-0.502 0.336 -0.264
-0.436 0.588 -0.292
-0.481 0.449 -0.247
-0.495 0.387 -0.258
-0.507 0.111 -0.238
-0.506 0.244 -0.255
-0.507 0.430 -0.291
-0.495 0.160 -0.225
-0.434 0.636 -0.317
0.049 0.083 -0.172
0.041 0.133 -0.164
0.038 0.181 -0.175
0.038 0.206 -0.184
0.037 0.232 -0.191
0.034 0.291 -0.205
0.030 0.366 -0.224
0.031 0.421 -0.242
0.027 0.457 -0.249
0.016 0.484 -0.254
0.013 0.520 -0.264
0.014 0.548 -0.271
0.015 0.574 -0.279
-0.022 0.668 -0.297
-0.034 0.682 -0.271
-0.469 0.636 -0.320
-0.085 0.798 -0.397
-0.043 0.817 -0.325
-0.008 0.771 -0.357
-0.113 0.813 -0.393
-0.156 0.846 -0.347
-0.104 0.834 -0.338
-0.069 0.838 -0.314
-0.059 0.818 -0.340
-0.028 0.796 -0.339
-0.092 0.813 -0.369
0.001 0.022 -0.242
-0.007 0.045 -0.262
0.035 0.535 -0.419
-0.056 0.776 -0.455
0.040 0.045 -0.187
-0.004 0.138 -0.292
-0.013 0.713 -0.302
0.008 0.027 -0.230
0.054 0.712 -0.475
0.013 0.755 -0.331
0.026 0.699 -0.321
0.002 0.287 -0.340
0.000 0.212 -0.316
0.018 0.441 -0.391
0.008 0.109 -0.251
0.013 0.160 -0.255
-0.022 0.773 -0.387
0.013 0.272 -0.291
0.012 0.321 -0.311
0.034 0.294 -0.251
0.038 0.355 -0.238
0.033 0.464 -0.287
0.012 0.609 -0.288
0.042 0.620 -0.403
0.054 0.648 -0.443
0.027 0.726 -0.413
-0.008 0.753 -0.442
-0.053 0.783 -0.407
0.027 0.356 -0.281
0.038 0.243 -0.233
0.034 0.414 -0.272
0.028 0.508 -0.323
0.016 0.074 -0.227
0.014 0.210 -0.271
0.017 0.407 -0.329
0.032 0.577 -0.376
0.033 0.532 -0.289
0.007 0.355 -0.358
0.041 0.142 -0.205
0.033 0.564 -0.319
0.025 0.506 -0.377
0.014 0.652 -0.300
0.019 0.457 -0.347
0.024 0.726 -0.355
0.037 0.665 -0.376
0.039 0.198 -0.221
0.033 0.625 -0.321
-0.409 0.718 -0.483
-0.343 0.761 -0.451
-0.389 0.727 -0.478
-0.421 0.712 -0.484
-0.456 0.736 -0.346
-0.435 0.784 -0.373
-0.351 0.838 -0.341
-0.355 0.795 -0.405
-0.392 0.812 -0.366
-0.456 0.749 -0.383
-0.440 0.760 -0.418
-0.424 0.732 -0.457
-0.471 0.717 -0.406
-0.278 0.793 -0.248
-0.255 0.761 -0.245
-0.163 0.774 -0.235
-0.119 0.776 -0.232
-0.378 0.793 -0.269
-0.287 0.848 -0.363
-0.353 0.783 -0.266
-0.370 0.851 -0.303
-0.321 0.838 -0.358
-0.331 0.815 -0.265
-0.101 0.835 -0.320
-0.319 0.849 -0.300
-0.195 0.779 -0.240
-0.100 0.836 -0.269
-0.248 0.888 -0.332
-0.150 0.820 -0.250
-0.166 0.845 -0.279
-0.230 0.786 -0.246
-0.290 0.835 -0.267
-0.257 0.863 -0.291
-0.219 0.828 -0.263
-0.196 0.880 -0.325
-0.139 0.846 -0.333
-0.285 0.854 -0.322
-0.420 0.094 -0.089
-0.455 0.103 -0.150
-0.317 0.762 -0.255
-0.221 0.103 -0.117
-0.406 0.720 -0.262
-0.178 0.064 -0.115
-0.085 0.116 -0.138
-0.059 0.666 -0.218
-0.138 0.738 -0.227
-0.478 0.191 -0.198
-0.381 0.099 -0.079
-0.301 0.734 -0.249
-0.103 0.178 -0.140
-0.084 0.366 -0.192
-0.424 0.605 -0.279
-0.248 0.070 -0.111
-0.080 0.465 -0.213
-0.087 0.514 -0.189
-0.191 0.713 -0.233
-0.113 0.308 -0.148
-0.160 0.265 -0.138
-0.084 0.244 -0.154
-0.309 0.087 -0.119
-0.415 0.509 -0.199
-0.091 0.416 -0.182
-0.457 0.130 -0.158
-0.406 0.435 -0.175
-0.165 0.650 -0.224
-0.156 0.203 -0.130
-0.169 0.146 -0.124
-0.109 0.069 -0.129
-0.148 0.101 -0.123
-0.075 0.622 -0.203
-0.438 0.385 -0.182
-0.429 0.638 -0.257
-0.418 0.606 -0.230
-0.453 0.285 -0.178
-0.447 0.561 -0.239
-0.396 0.565 -0.213
-0.179 0.312 -0.149
-0.132 0.683 -0.218
-0.362 0.736 -0.265
-0.343 0.661 -0.257
-0.323 0.691 -0.256
-0.251 0.140 -0.123
-0.075 0.710 -0.210
-0.461 0.326 -0.197
-0.426 0.339 -0.162
-0.405 0.304 -0.139
-0.372 0.341 -0.155
-0.121 0.351 -0.152
-0.169 0.382 -0.166
-0.257 0.719 -0.241
-0.077 0.562 -0.199
-0.189 0.543 -0.213
-0.133 0.515 -0.188
-0.133 0.590 -0.205
-0.420 0.167 -0.110
-0.330 0.222 -0.152
-0.379 0.215 -0.112
-0.369 0.153 -0.101
-0.320 0.159 -0.137
-0.251 0.205 -0.135
-0.460 0.221 -0.173
-0.446 0.459 -0.208
-0.392 0.381 -0.159
-0.337 0.360 -0.187
-0.370 0.436 -0.184
-0.327 0.512 -0.227
-0.331 0.460 -0.215
-0.376 0.504 -0.201
-0.386 0.632 -0.233
-0.219 0.249 -0.142
-0.424 0.234 -0.133
-0.100 0.472 -0.177
-0.123 0.422 -0.164
-0.376 0.267 -0.130
-0.330 0.287 -0.170
-0.269 0.551 -0.220
-0.263 0.498 -0.208
-0.341 0.569 -0.240
-0.278 0.268 -0.152
-0.244 0.670 -0.237
-0.323 0.605 -0.246
-0.212 0.385 -0.176
-0.306 0.396 -0.195
-0.269 0.428 -0.191
-0.220 0.448 -0.194
-0.274 0.341 -0.169
-0.216 0.617 -0.230
-0.281 0.622 -0.234
-0.174 0.469 -0.192
-0.231 0.328 -0.162
-0.403 0.736 -0.275
-0.404 0.672 -0.245
