-0.520 0.057 -0.281
-0.518 0.097 -0.281
-0.515 0.136 -0.295
-0.516 0.171 -0.296
-0.512 0.193 -0.304
-0.514 0.258 -0.307
-0.499 0.275 -0.327
-0.513 0.435 -0.328
-0.504 0.536 -0.341
-0.514 0.516 -0.469
-0.483 0.383 -0.448
-0.459 0.040 -0.356
-0.469 0.255 -0.415
-0.532 0.665 -0.503
-0.468 0.684 -0.346
-0.483 0.690 -0.369
-0.461 0.094 -0.384
-0.494 0.445 -0.455
-0.493 0.513 -0.434
-0.500 0.575 -0.358
-0.511 0.090 -0.296
-0.485 0.686 -0.397
-0.469 0.177 -0.404
-0.477 0.211 -0.377
-0.473 0.313 -0.428
-0.486 0.416 -0.370
-0.537 0.595 -0.478
-0.510 0.597 -0.444
-0.512 0.691 -0.469
-0.494 0.632 -0.360
-0.474 0.096 -0.330
-0.470 0.142 -0.371
-0.481 0.218 -0.338
-0.481 0.162 -0.327
-0.480 0.288 -0.366
-0.478 0.362 -0.409
-0.485 0.429 -0.417
-0.490 0.567 -0.399
-0.486 0.331 -0.351
-0.489 0.495 -0.378
-0.497 0.652 -0.425
-0.045 0.694 -0.258
-0.048 0.658 -0.265
-0.052 0.623 -0.260
-0.058 0.575 -0.258
-0.072 0.503 -0.242
-0.063 0.409 -0.237
-0.068 0.274 -0.186
-0.063 0.193 -0.177
-0.022 0.053 -0.155
0.040 0.053 -0.161
0.014 0.079 -0.161
0.037 0.102 -0.173
0.039 0.156 -0.189
0.034 0.261 -0.215
0.035 0.317 -0.230
0.025 0.395 -0.245
0.025 0.496 -0.273
-0.017 0.603 -0.300
-0.049 0.468 -0.260
-0.028 0.631 -0.302
-0.006 0.449 -0.263
-0.061 0.068 -0.161
-0.006 0.113 -0.174
-0.062 0.157 -0.173
-0.015 0.279 -0.224
-0.002 0.315 -0.233
-0.017 0.417 -0.256
-0.015 0.368 -0.243
-0.017 0.512 -0.279
-0.060 0.521 -0.263
-0.044 0.565 -0.283
-0.043 0.120 -0.179
-0.028 0.225 -0.208
0.017 0.227 -0.203
-0.015 0.163 -0.191
-0.049 0.310 -0.207
-0.403 0.686 -0.339
-0.408 0.658 -0.312
-0.416 0.636 -0.310
-0.446 0.544 -0.280
-0.474 0.491 -0.261
-0.474 0.411 -0.246
-0.473 0.366 -0.235
-0.457 0.176 -0.181
-0.463 0.151 -0.188
-0.518 0.117 -0.284
-0.517 0.218 -0.300
-0.510 0.238 -0.312
-0.515 0.291 -0.310
-0.513 0.320 -0.318
-0.512 0.342 -0.320
-0.514 0.362 -0.320
-0.515 0.381 -0.320
-0.512 0.401 -0.325
-0.504 0.461 -0.344
-0.506 0.492 -0.344
-0.508 0.506 -0.326
-0.497 0.578 -0.337
-0.483 0.611 -0.331
-0.431 0.686 -0.342
-0.498 0.485 -0.308
-0.418 0.672 -0.338
-0.471 0.071 -0.191
-0.479 0.120 -0.214
-0.503 0.196 -0.259
-0.463 0.520 -0.292
-0.469 0.568 -0.306
-0.489 0.069 -0.223
-0.500 0.292 -0.263
-0.479 0.249 -0.223
-0.503 0.334 -0.277
-0.438 0.586 -0.306
-0.482 0.447 -0.260
-0.496 0.385 -0.272
-0.506 0.109 -0.254
-0.506 0.243 -0.270
-0.509 0.428 -0.304
-0.495 0.157 -0.241
-0.437 0.635 -0.329
0.048 0.080 -0.191
0.040 0.130 -0.182
0.038 0.178 -0.193
0.038 0.203 -0.201
0.037 0.229 -0.208
0.035 0.288 -0.222
0.030 0.363 -0.239
0.031 0.419 -0.256
0.028 0.455 -0.263
0.016 0.482 -0.268
0.014 0.518 -0.277
0.015 0.545 -0.284
0.016 0.572 -0.291
-0.020 0.666 -0.309
-0.033 0.679 -0.283
-0.472 0.634 -0.331
-0.081 0.798 -0.408
-0.042 0.814 -0.334
-0.005 0.770 -0.367
-0.110 0.813 -0.404
-0.156 0.846 -0.357
-0.103 0.833 -0.348
-0.068 0.836 -0.324
-0.058 0.816 -0.349
-0.026 0.794 -0.349
-0.090 0.812 -0.380
0.001 0.020 -0.263
-0.006 0.043 -0.282
0.043 0.535 -0.431
-0.050 0.776 -0.467
0.039 0.042 -0.206
-0.003 0.136 -0.311
-0.011 0.712 -0.313
0.008 0.025 -0.250
0.064 0.713 -0.485
0.016 0.754 -0.340
0.028 0.698 -0.332
0.005 0.286 -0.357
0.002 0.211 -0.334
0.025 0.441 -0.406
0.008 0.107 -0.270
0.014 0.158 -0.273
-0.018 0.772 -0.397
0.015 0.270 -0.308
0.014 0.320 -0.327
0.034 0.292 -0.268
0.039 0.353 -0.253
0.035 0.462 -0.301
0.014 0.607 -0.300
0.048 0.620 -0.413
0.062 0.648 -0.453
0.034 0.726 -0.424
-0.001 0.753 -0.453
-0.049 0.783 -0.418
0.027 0.354 -0.296
0.038 0.241 -0.250
0.035 0.412 -0.286
0.031 0.506 -0.337
0.016 0.071 -0.246
0.015 0.208 -0.289
0.021 0.406 -0.344
0.037 0.576 -0.388
0.034 0.530 -0.302
0.012 0.354 -0.374
0.041 0.139 -0.223
0.035 0.563 -0.331
0.030 0.505 -0.390
0.016 0.650 -0.311
0.024 0.456 -0.362
0.028 0.725 -0.365
0.042 0.664 -0.387
0.039 0.195 -0.238
0.036 0.624 -0.333
-0.416 0.718 -0.494
-0.348 0.761 -0.463
-0.396 0.727 -0.490
-0.428 0.713 -0.495
-0.461 0.735 -0.356
-0.438 0.783 -0.382
-0.352 0.837 -0.351
-0.358 0.795 -0.416
-0.394 0.810 -0.375
-0.461 0.749 -0.392
-0.445 0.760 -0.427
-0.430 0.731 -0.468
-0.477 0.716 -0.415
-0.277 0.790 -0.259
-0.255 0.759 -0.256
-0.163 0.772 -0.247
-0.119 0.773 -0.244
-0.378 0.791 -0.280
-0.288 0.848 -0.373
-0.353 0.781 -0.277
-0.370 0.850 -0.312
-0.321 0.838 -0.368
-0.331 0.813 -0.275
-0.100 0.833 -0.331
-0.319 0.848 -0.310
-0.195 0.776 -0.251
-0.100 0.834 -0.279
-0.248 0.887 -0.341
-0.150 0.818 -0.260
-0.166 0.843 -0.289
-0.230 0.784 -0.257
-0.290 0.833 -0.277
-0.257 0.862 -0.301
-0.219 0.826 -0.274
-0.195 0.879 -0.334
-0.138 0.846 -0.343
-0.285 0.853 -0.332
-0.420 0.091 -0.105
-0.455 0.101 -0.166
-0.317 0.760 -0.266
-0.221 0.100 -0.134
-0.407 0.718 -0.275
-0.178 0.061 -0.133
-0.085 0.112 -0.157
-0.059 0.663 -0.231
-0.138 0.735 -0.239
-0.478 0.189 -0.213
-0.381 0.096 -0.095
-0.301 0.732 -0.260
-0.103 0.175 -0.158
-0.084 0.363 -0.208
-0.425 0.603 -0.293
-0.248 0.067 -0.128
-0.079 0.462 -0.228
-0.087 0.511 -0.204
-0.191 0.710 -0.246
-0.113 0.305 -0.164
-0.160 0.262 -0.155
-0.084 0.240 -0.171
-0.309 0.084 -0.136
-0.415 0.506 -0.213
-0.091 0.413 -0.198
-0.457 0.128 -0.174
-0.406 0.433 -0.189
-0.165 0.648 -0.238
-0.156 0.199 -0.147
-0.170 0.143 -0.142
-0.110 0.066 -0.147
-0.148 0.097 -0.141
-0.075 0.620 -0.217
-0.438 0.383 -0.196
-0.429 0.636 -0.271
-0.418 0.604 -0.243
-0.453 0.282 -0.192
-0.447 0.559 -0.252
-0.396 0.562 -0.226
-0.179 0.309 -0.166
-0.132 0.681 -0.231
-0.361 0.734 -0.276
-0.343 0.659 -0.270
-0.323 0.689 -0.268
-0.251 0.137 -0.140
-0.074 0.708 -0.222
-0.461 0.324 -0.211
-0.426 0.336 -0.176
-0.405 0.301 -0.153
-0.372 0.338 -0.169
-0.121 0.348 -0.169
-0.169 0.379 -0.182
-0.257 0.717 -0.253
-0.077 0.559 -0.214
-0.189 0.541 -0.228
-0.133 0.512 -0.203
-0.133 0.587 -0.219
-0.420 0.164 -0.125
-0.330 0.219 -0.167
-0.379 0.212 -0.127
-0.369 0.150 -0.117
-0.320 0.156 -0.153
-0.251 0.202 -0.152
-0.460 0.219 -0.188
-0.446 0.457 -0.222
-0.392 0.379 -0.174
-0.337 0.357 -0.202
-0.370 0.433 -0.198
-0.328 0.510 -0.242
-0.331 0.458 -0.230
-0.376 0.501 -0.215
-0.386 0.629 -0.247
-0.219 0.246 -0.159
-0.424 0.232 -0.147
-0.100 0.469 -0.192
-0.123 0.418 -0.180
-0.376 0.264 -0.145
-0.330 0.284 -0.185
-0.269 0.549 -0.235
-0.263 0.495 -0.223
-0.341 0.567 -0.254
-0.278 0.265 -0.168
-0.244 0.668 -0.249
-0.323 0.603 -0.260
-0.212 0.382 -0.192
-0.306 0.393 -0.210
-0.269 0.425 -0.207
-0.220 0.445 -0.210
-0.274 0.339 -0.185
-0.216 0.615 -0.244
-0.281 0.620 -0.248
-0.174 0.466 -0.208
-0.231 0.325 -0.178
-0.401 0.735 -0.289
-0.405 0.670 -0.259
