-0.519 0.055 -0.300
-0.517 0.095 -0.299
-0.514 0.134 -0.312
-0.515 0.169 -0.313
-0.512 0.191 -0.321
-0.515 0.256 -0.323
-0.500 0.274 -0.342
-0.515 0.433 -0.341
-0.507 0.534 -0.353
-0.522 0.516 -0.480
-0.489 0.384 -0.462
-0.457 0.040 -0.375
-0.471 0.255 -0.432
-0.542 0.665 -0.513
-0.471 0.682 -0.358
-0.487 0.690 -0.380
-0.460 0.094 -0.402
-0.501 0.445 -0.468
-0.500 0.513 -0.447
-0.504 0.574 -0.369
-0.510 0.089 -0.314
-0.490 0.686 -0.408
-0.470 0.177 -0.421
-0.478 0.211 -0.394
-0.476 0.313 -0.443
-0.489 0.416 -0.384
-0.546 0.595 -0.487
-0.518 0.597 -0.455
-0.520 0.691 -0.479
-0.497 0.631 -0.371
-0.473 0.095 -0.348
-0.470 0.141 -0.389
-0.482 0.217 -0.355
-0.481 0.161 -0.345
-0.482 0.287 -0.382
-0.482 0.362 -0.424
-0.490 0.429 -0.431
-0.495 0.567 -0.411
-0.488 0.330 -0.366
-0.493 0.495 -0.391
-0.504 0.652 -0.435
-0.044 0.691 -0.271
-0.047 0.656 -0.278
-0.051 0.621 -0.274
-0.057 0.572 -0.273
-0.072 0.500 -0.258
-0.063 0.406 -0.254
-0.068 0.271 -0.205
-0.063 0.189 -0.196
-0.022 0.048 -0.178
0.039 0.049 -0.184
0.013 0.075 -0.183
0.037 0.098 -0.194
0.038 0.152 -0.210
0.034 0.258 -0.233
0.036 0.313 -0.247
0.026 0.391 -0.261
0.026 0.493 -0.288
-0.015 0.601 -0.313
-0.048 0.465 -0.276
-0.026 0.629 -0.315
-0.006 0.447 -0.278
-0.062 0.063 -0.183
-0.007 0.109 -0.195
-0.063 0.153 -0.193
-0.015 0.276 -0.243
-0.002 0.312 -0.250
-0.017 0.415 -0.272
-0.015 0.365 -0.260
-0.016 0.510 -0.294
-0.059 0.518 -0.279
-0.042 0.563 -0.297
-0.044 0.116 -0.200
-0.028 0.221 -0.227
0.017 0.223 -0.222
-0.015 0.159 -0.212
-0.049 0.306 -0.225
-0.406 0.685 -0.352
-0.410 0.656 -0.326
-0.418 0.634 -0.323
-0.447 0.542 -0.293
-0.475 0.489 -0.274
-0.475 0.409 -0.260
-0.474 0.363 -0.250
-0.456 0.173 -0.198
-0.462 0.148 -0.205
-0.517 0.115 -0.302
-0.518 0.216 -0.316
-0.510 0.236 -0.328
-0.515 0.289 -0.325
-0.514 0.318 -0.333
-0.514 0.340 -0.335
-0.516 0.361 -0.334
-0.517 0.379 -0.333
-0.514 0.399 -0.339
-0.507 0.460 -0.357
-0.509 0.491 -0.356
-0.510 0.504 -0.338
-0.500 0.576 -0.349
-0.485 0.610 -0.343
-0.434 0.684 -0.354
-0.500 0.483 -0.321
-0.421 0.671 -0.351
-0.470 0.068 -0.209
-0.479 0.117 -0.231
-0.503 0.194 -0.276
-0.464 0.518 -0.305
-0.471 0.566 -0.318
-0.488 0.066 -0.241
-0.500 0.290 -0.279
-0.479 0.246 -0.239
-0.504 0.332 -0.292
-0.440 0.584 -0.319
-0.483 0.445 -0.274
-0.497 0.383 -0.286
-0.505 0.107 -0.272
-0.506 0.240 -0.286
-0.510 0.427 -0.317
-0.494 0.155 -0.258
-0.440 0.634 -0.342
0.047 0.076 -0.213
0.040 0.125 -0.203
0.037 0.174 -0.213
0.037 0.199 -0.221
0.037 0.225 -0.227
0.035 0.285 -0.240
0.031 0.360 -0.255
0.032 0.416 -0.271
0.028 0.452 -0.278
0.017 0.479 -0.282
0.015 0.516 -0.292
0.016 0.543 -0.298
0.018 0.570 -0.305
-0.018 0.664 -0.322
-0.031 0.677 -0.296
-0.475 0.633 -0.342
-0.078 0.798 -0.419
-0.041 0.811 -0.344
-0.002 0.769 -0.377
-0.107 0.813 -0.415
-0.156 0.846 -0.367
-0.102 0.831 -0.358
-0.067 0.834 -0.334
-0.057 0.814 -0.359
-0.024 0.792 -0.359
-0.088 0.811 -0.391
0.001 0.018 -0.286
-0.006 0.041 -0.305
0.050 0.535 -0.444
-0.044 0.777 -0.478
0.039 0.038 -0.229
-0.001 0.135 -0.332
-0.009 0.710 -0.325
0.008 0.022 -0.274
0.074 0.713 -0.495
0.019 0.752 -0.350
0.031 0.696 -0.342
0.009 0.285 -0.375
0.004 0.209 -0.354
0.031 0.441 -0.421
0.009 0.104 -0.292
0.014 0.155 -0.294
-0.013 0.772 -0.408
0.017 0.268 -0.326
0.017 0.318 -0.345
0.035 0.289 -0.285
0.040 0.350 -0.270
0.037 0.460 -0.315
0.015 0.605 -0.313
0.054 0.619 -0.425
0.071 0.649 -0.463
0.040 0.726 -0.434
0.006 0.754 -0.463
-0.044 0.783 -0.429
0.029 0.352 -0.313
0.039 0.238 -0.269
0.036 0.409 -0.301
0.035 0.505 -0.351
0.016 0.068 -0.268
0.016 0.206 -0.309
0.024 0.404 -0.360
0.043 0.575 -0.400
0.036 0.528 -0.315
0.016 0.353 -0.391
0.040 0.135 -0.244
0.038 0.561 -0.344
0.036 0.504 -0.404
0.018 0.648 -0.323
0.028 0.455 -0.377
0.032 0.724 -0.376
0.047 0.664 -0.398
0.039 0.192 -0.258
0.038 0.622 -0.345
-0.423 0.718 -0.504
-0.353 0.761 -0.474
-0.402 0.727 -0.501
-0.436 0.713 -0.506
-0.464 0.734 -0.366
-0.441 0.782 -0.392
-0.352 0.836 -0.360
-0.361 0.795 -0.426
-0.395 0.809 -0.384
-0.465 0.748 -0.402
-0.450 0.760 -0.437
-0.436 0.732 -0.478
-0.483 0.716 -0.425
-0.277 0.788 -0.270
-0.255 0.756 -0.268
-0.163 0.769 -0.258
-0.119 0.770 -0.255
-0.378 0.789 -0.291
-0.288 0.847 -0.383
-0.353 0.779 -0.288
-0.370 0.849 -0.321
-0.322 0.837 -0.378
-0.331 0.811 -0.285
-0.099 0.832 -0.341
-0.319 0.846 -0.319
-0.194 0.774 -0.263
-0.100 0.832 -0.289
-0.248 0.886 -0.350
-0.150 0.815 -0.271
-0.166 0.841 -0.300
-0.230 0.781 -0.268
-0.290 0.831 -0.288
-0.257 0.860 -0.310
-0.219 0.823 -0.284
-0.195 0.879 -0.343
-0.138 0.845 -0.353
-0.285 0.852 -0.342
-0.420 0.087 -0.122
-0.455 0.098 -0.183
-0.317 0.758 -0.278
-0.221 0.096 -0.153
-0.407 0.716 -0.288
-0.179 0.057 -0.153
-0.086 0.108 -0.178
-0.059 0.660 -0.245
-0.137 0.732 -0.251
-0.478 0.186 -0.230
-0.381 0.092 -0.112
-0.301 0.730 -0.272
-0.103 0.171 -0.178
-0.084 0.359 -0.226
-0.427 0.601 -0.306
-0.249 0.063 -0.147
-0.079 0.459 -0.245
-0.087 0.507 -0.220
-0.191 0.708 -0.258
-0.113 0.301 -0.183
-0.160 0.258 -0.173
-0.084 0.237 -0.190
-0.309 0.081 -0.154
-0.415 0.504 -0.227
-0.091 0.410 -0.215
-0.456 0.125 -0.191
-0.406 0.430 -0.204
-0.165 0.645 -0.252
-0.156 0.195 -0.166
-0.170 0.139 -0.161
-0.110 0.062 -0.168
-0.149 0.093 -0.162
-0.075 0.616 -0.231
-0.438 0.380 -0.211
-0.430 0.634 -0.284
-0.418 0.601 -0.257
-0.453 0.280 -0.208
-0.448 0.557 -0.266
-0.396 0.560 -0.241
-0.179 0.306 -0.184
-0.132 0.677 -0.245
-0.361 0.732 -0.288
-0.343 0.656 -0.283
-0.323 0.686 -0.281
-0.251 0.133 -0.158
-0.074 0.704 -0.235
-0.461 0.321 -0.226
-0.426 0.333 -0.192
-0.405 0.298 -0.169
-0.372 0.335 -0.185
-0.121 0.344 -0.187
-0.169 0.376 -0.199
-0.257 0.714 -0.265
-0.077 0.555 -0.229
-0.189 0.537 -0.243
-0.133 0.509 -0.219
-0.133 0.584 -0.234
-0.420 0.161 -0.142
-0.330 0.216 -0.184
-0.379 0.208 -0.144
-0.368 0.146 -0.134
-0.320 0.153 -0.171
-0.251 0.198 -0.170
-0.460 0.216 -0.205
-0.446 0.454 -0.236
-0.392 0.376 -0.189
-0.337 0.354 -0.218
-0.370 0.430 -0.213
-0.328 0.507 -0.257
-0.331 0.455 -0.245
-0.376 0.499 -0.229
-0.386 0.627 -0.261
-0.219 0.243 -0.176
-0.424 0.228 -0.164
-0.100 0.465 -0.209
-0.123 0.415 -0.197
-0.376 0.261 -0.161
-0.330 0.281 -0.202
-0.269 0.546 -0.250
-0.263 0.492 -0.239
-0.341 0.564 -0.268
-0.278 0.261 -0.185
-0.244 0.665 -0.263
-0.323 0.600 -0.274
-0.212 0.379 -0.209
-0.306 0.390 -0.226
-0.269 0.422 -0.223
-0.220 0.442 -0.226
-0.275 0.335 -0.201
-0.216 0.612 -0.258
-0.281 0.617 -0.262
-0.174 0.463 -0.224
-0.231 0.321 -0.195
-0.401 0.732 -0.301
-0.405 0.667 -0.272
