-0.517 0.053 -0.320
-0.516 0.093 -0.319
-0.513 0.132 -0.331
-0.515 0.167 -0.331
-0.512 0.189 -0.339
-0.516 0.254 -0.340
-0.501 0.272 -0.359
-0.518 0.431 -0.355
-0.510 0.533 -0.365
-0.529 0.517 -0.492
-0.494 0.384 -0.477
-0.456 0.039 -0.396
-0.474 0.255 -0.449
-0.551 0.665 -0.523
-0.474 0.681 -0.369
-0.490 0.688 -0.390
-0.460 0.094 -0.422
-0.507 0.445 -0.482
-0.506 0.513 -0.460
-0.508 0.573 -0.381
-0.509 0.086 -0.334
-0.495 0.685 -0.419
-0.471 0.177 -0.440
-0.479 0.210 -0.412
-0.480 0.314 -0.460
-0.493 0.415 -0.399
-0.554 0.595 -0.498
-0.525 0.597 -0.466
-0.528 0.691 -0.489
-0.501 0.630 -0.383
-0.472 0.094 -0.368
-0.470 0.141 -0.408
-0.483 0.216 -0.373
-0.481 0.160 -0.364
-0.484 0.286 -0.399
-0.486 0.362 -0.440
-0.495 0.428 -0.445
-0.501 0.566 -0.424
-0.490 0.329 -0.382
-0.497 0.494 -0.404
-0.510 0.652 -0.446
-0.043 0.688 -0.284
-0.046 0.652 -0.292
-0.050 0.617 -0.289
-0.056 0.569 -0.289
-0.071 0.497 -0.275
-0.062 0.402 -0.272
-0.068 0.266 -0.225
-0.063 0.184 -0.218
-0.023 0.043 -0.202
0.038 0.043 -0.209
0.013 0.069 -0.207
0.036 0.093 -0.218
0.038 0.147 -0.232
0.034 0.254 -0.254
0.036 0.309 -0.266
0.026 0.388 -0.278
0.028 0.490 -0.303
-0.013 0.599 -0.327
-0.047 0.462 -0.293
-0.024 0.626 -0.329
-0.005 0.443 -0.295
-0.062 0.059 -0.207
-0.007 0.104 -0.219
-0.063 0.149 -0.216
-0.015 0.272 -0.263
-0.002 0.308 -0.270
-0.016 0.411 -0.290
-0.014 0.361 -0.279
-0.015 0.507 -0.310
-0.058 0.515 -0.295
-0.041 0.560 -0.313
-0.045 0.111 -0.223
-0.028 0.217 -0.248
0.016 0.219 -0.243
-0.015 0.155 -0.234
-0.049 0.302 -0.245
-0.408 0.683 -0.365
-0.412 0.654 -0.339
-0.420 0.632 -0.337
-0.449 0.540 -0.307
-0.476 0.487 -0.288
-0.476 0.406 -0.275
-0.474 0.360 -0.266
-0.456 0.169 -0.216
-0.462 0.144 -0.224
-0.516 0.113 -0.322
-0.518 0.214 -0.334
-0.511 0.235 -0.345
-0.517 0.287 -0.341
-0.516 0.316 -0.349
-0.515 0.338 -0.350
-0.518 0.359 -0.349
-0.519 0.377 -0.348
-0.516 0.398 -0.354
-0.510 0.459 -0.370
-0.512 0.489 -0.369
-0.513 0.503 -0.351
-0.503 0.575 -0.361
-0.488 0.608 -0.355
-0.437 0.683 -0.367
-0.502 0.481 -0.335
-0.423 0.669 -0.364
-0.469 0.065 -0.229
-0.478 0.114 -0.251
-0.503 0.191 -0.294
-0.466 0.516 -0.319
-0.473 0.564 -0.331
-0.486 0.063 -0.261
-0.501 0.287 -0.295
-0.479 0.243 -0.256
-0.505 0.330 -0.308
-0.442 0.582 -0.333
-0.484 0.442 -0.288
-0.498 0.380 -0.301
-0.504 0.104 -0.291
-0.506 0.238 -0.303
-0.512 0.425 -0.331
-0.494 0.152 -0.277
-0.443 0.632 -0.355
0.047 0.071 -0.237
0.039 0.121 -0.226
0.037 0.169 -0.235
0.037 0.195 -0.242
0.037 0.221 -0.248
0.035 0.281 -0.259
0.031 0.356 -0.273
0.033 0.412 -0.288
0.029 0.449 -0.294
0.018 0.476 -0.298
0.016 0.513 -0.306
0.018 0.540 -0.313
0.020 0.567 -0.318
-0.016 0.662 -0.335
-0.030 0.674 -0.309
-0.478 0.631 -0.354
-0.074 0.798 -0.430
-0.040 0.808 -0.353
0.002 0.767 -0.387
-0.104 0.813 -0.426
-0.156 0.846 -0.377
-0.101 0.830 -0.368
-0.066 0.832 -0.343
-0.055 0.812 -0.368
-0.022 0.790 -0.369
-0.085 0.811 -0.401
-0.000 0.015 -0.312
-0.006 0.038 -0.330
0.057 0.535 -0.457
-0.038 0.778 -0.489
0.038 0.034 -0.254
0.001 0.133 -0.356
-0.007 0.707 -0.337
0.007 0.019 -0.299
0.084 0.713 -0.505
0.022 0.751 -0.361
0.033 0.694 -0.354
0.012 0.284 -0.396
0.007 0.208 -0.376
0.037 0.440 -0.437
0.009 0.102 -0.316
0.016 0.152 -0.317
-0.009 0.771 -0.418
0.019 0.266 -0.347
0.019 0.317 -0.364
0.036 0.286 -0.305
0.040 0.346 -0.288
0.039 0.458 -0.331
0.017 0.602 -0.326
0.060 0.619 -0.436
0.079 0.649 -0.473
0.047 0.726 -0.444
0.013 0.754 -0.474
-0.040 0.783 -0.440
0.031 0.350 -0.331
0.039 0.235 -0.290
0.038 0.407 -0.318
0.038 0.503 -0.365
0.015 0.065 -0.293
0.018 0.203 -0.331
0.028 0.403 -0.377
0.048 0.575 -0.413
0.038 0.525 -0.329
0.020 0.353 -0.410
0.040 0.131 -0.267
0.041 0.559 -0.357
0.041 0.504 -0.418
0.020 0.645 -0.336
0.032 0.454 -0.393
0.036 0.723 -0.386
0.051 0.663 -0.409
0.039 0.188 -0.280
0.041 0.620 -0.357
-0.430 0.718 -0.515
-0.358 0.761 -0.486
-0.408 0.727 -0.512
-0.443 0.713 -0.517
-0.468 0.732 -0.377
-0.444 0.781 -0.401
-0.353 0.835 -0.370
-0.364 0.795 -0.437
-0.397 0.808 -0.394
-0.469 0.748 -0.412
-0.454 0.760 -0.447
-0.442 0.732 -0.489
-0.488 0.716 -0.436
-0.277 0.785 -0.282
-0.255 0.753 -0.280
-0.163 0.766 -0.270
-0.119 0.767 -0.267
-0.378 0.787 -0.303
-0.288 0.847 -0.393
-0.353 0.776 -0.300
-0.370 0.848 -0.331
-0.323 0.837 -0.388
-0.331 0.808 -0.296
-0.099 0.830 -0.351
-0.319 0.845 -0.329
-0.194 0.770 -0.275
-0.099 0.829 -0.299
-0.248 0.885 -0.359
-0.150 0.812 -0.282
-0.165 0.839 -0.310
-0.230 0.778 -0.280
-0.290 0.828 -0.298
-0.257 0.858 -0.320
-0.219 0.821 -0.295
-0.195 0.878 -0.352
-0.138 0.844 -0.363
-0.285 0.851 -0.352
-0.419 0.083 -0.142
-0.454 0.094 -0.203
-0.317 0.755 -0.290
-0.221 0.091 -0.174
-0.407 0.713 -0.300
-0.179 0.052 -0.176
-0.086 0.104 -0.200
-0.058 0.657 -0.259
-0.137 0.728 -0.264
-0.478 0.183 -0.248
-0.381 0.088 -0.132
-0.301 0.727 -0.285
-0.103 0.166 -0.199
-0.083 0.355 -0.245
-0.428 0.599 -0.320
-0.249 0.059 -0.168
-0.078 0.456 -0.262
-0.087 0.503 -0.237
-0.191 0.704 -0.272
-0.112 0.296 -0.203
-0.160 0.253 -0.193
-0.084 0.232 -0.211
-0.309 0.076 -0.174
-0.415 0.500 -0.242
-0.091 0.406 -0.233
-0.456 0.121 -0.210
-0.406 0.426 -0.220
-0.165 0.641 -0.267
-0.156 0.191 -0.187
-0.170 0.134 -0.182
-0.111 0.057 -0.192
-0.149 0.089 -0.184
-0.075 0.612 -0.246
-0.438 0.377 -0.227
-0.430 0.631 -0.297
-0.419 0.598 -0.271
-0.453 0.276 -0.225
-0.448 0.554 -0.280
-0.396 0.556 -0.255
-0.179 0.301 -0.203
-0.131 0.674 -0.259
-0.362 0.729 -0.301
-0.343 0.654 -0.297
-0.323 0.683 -0.295
-0.251 0.128 -0.179
-0.074 0.700 -0.249
-0.461 0.318 -0.243
-0.426 0.330 -0.208
-0.404 0.294 -0.186
-0.372 0.331 -0.202
-0.121 0.340 -0.206
-0.169 0.371 -0.218
-0.257 0.711 -0.278
-0.077 0.552 -0.245
-0.189 0.534 -0.259
-0.133 0.505 -0.236
-0.133 0.580 -0.250
-0.419 0.157 -0.160
-0.330 0.212 -0.203
-0.379 0.204 -0.162
-0.368 0.142 -0.153
-0.321 0.149 -0.190
-0.251 0.194 -0.189
-0.460 0.213 -0.222
-0.447 0.451 -0.251
-0.392 0.372 -0.206
-0.338 0.350 -0.235
-0.370 0.427 -0.229
-0.328 0.504 -0.273
-0.331 0.452 -0.261
-0.376 0.495 -0.245
-0.386 0.624 -0.275
-0.219 0.238 -0.196
-0.424 0.224 -0.181
-0.100 0.461 -0.226
-0.123 0.410 -0.215
-0.376 0.257 -0.178
-0.331 0.277 -0.219
-0.269 0.542 -0.265
-0.263 0.489 -0.255
-0.341 0.561 -0.283
-0.278 0.257 -0.204
-0.244 0.662 -0.277
-0.323 0.597 -0.289
-0.212 0.375 -0.227
-0.306 0.387 -0.243
-0.269 0.418 -0.240
-0.220 0.438 -0.243
-0.275 0.331 -0.219
-0.216 0.609 -0.273
-0.281 0.614 -0.276
-0.174 0.459 -0.241
-0.231 0.317 -0.214
-0.401 0.730 -0.313
-0.405 0.664 -0.285
