-0.516 0.050 -0.342
-0.516 0.090 -0.340
-0.513 0.129 -0.352
-0.515 0.164 -0.351
-0.513 0.187 -0.358
-0.517 0.252 -0.358
-0.502 0.271 -0.377
-0.520 0.429 -0.370
-0.513 0.531 -0.379
-0.536 0.517 -0.505
-0.499 0.384 -0.494
-0.456 0.039 -0.419
-0.477 0.255 -0.468
-0.561 0.665 -0.533
-0.477 0.679 -0.381
-0.494 0.687 -0.401
-0.461 0.094 -0.444
-0.513 0.446 -0.497
-0.512 0.513 -0.473
-0.511 0.571 -0.394
-0.508 0.084 -0.355
-0.499 0.684 -0.430
-0.473 0.177 -0.460
-0.481 0.210 -0.432
-0.484 0.314 -0.478
-0.496 0.414 -0.415
-0.562 0.595 -0.508
-0.532 0.597 -0.478
-0.536 0.692 -0.499
-0.504 0.629 -0.394
-0.472 0.092 -0.390
-0.471 0.140 -0.429
-0.484 0.215 -0.392
-0.482 0.158 -0.384
-0.487 0.285 -0.417
-0.490 0.362 -0.456
-0.500 0.428 -0.461
-0.506 0.565 -0.436
-0.492 0.327 -0.400
-0.501 0.493 -0.419
-0.516 0.652 -0.457
-0.042 0.684 -0.298
-0.045 0.649 -0.307
-0.049 0.614 -0.304
-0.055 0.565 -0.305
-0.070 0.493 -0.293
-0.061 0.398 -0.291
-0.068 0.261 -0.247
-0.063 0.179 -0.242
-0.024 0.038 -0.229
0.037 0.038 -0.236
0.012 0.064 -0.234
0.035 0.087 -0.244
0.037 0.142 -0.257
0.034 0.249 -0.276
0.036 0.305 -0.287
0.027 0.384 -0.297
0.029 0.487 -0.319
-0.011 0.596 -0.342
-0.046 0.458 -0.311
-0.022 0.624 -0.343
-0.004 0.440 -0.313
-0.063 0.053 -0.233
-0.008 0.099 -0.244
-0.063 0.144 -0.240
-0.015 0.268 -0.285
-0.002 0.304 -0.291
-0.015 0.408 -0.308
-0.014 0.358 -0.299
-0.014 0.504 -0.326
-0.057 0.512 -0.312
-0.039 0.557 -0.329
-0.045 0.106 -0.248
-0.028 0.213 -0.271
0.016 0.214 -0.266
-0.016 0.150 -0.258
-0.049 0.297 -0.267
-0.411 0.681 -0.378
-0.414 0.652 -0.353
-0.422 0.629 -0.351
-0.450 0.537 -0.322
-0.477 0.483 -0.303
-0.476 0.402 -0.291
-0.475 0.357 -0.283
-0.456 0.165 -0.236
-0.462 0.140 -0.245
-0.516 0.110 -0.343
-0.519 0.211 -0.353
-0.512 0.232 -0.364
-0.518 0.285 -0.359
-0.517 0.314 -0.366
-0.517 0.336 -0.367
-0.520 0.357 -0.365
-0.521 0.375 -0.364
-0.518 0.395 -0.369
-0.513 0.457 -0.385
-0.515 0.488 -0.383
-0.515 0.500 -0.364
-0.506 0.573 -0.374
-0.491 0.606 -0.368
-0.440 0.681 -0.379
-0.505 0.479 -0.349
-0.426 0.667 -0.377
-0.468 0.061 -0.251
-0.477 0.110 -0.272
-0.503 0.188 -0.314
-0.468 0.513 -0.334
-0.475 0.562 -0.345
-0.486 0.060 -0.283
-0.502 0.284 -0.313
-0.479 0.239 -0.275
-0.506 0.327 -0.325
-0.444 0.580 -0.347
-0.485 0.439 -0.304
-0.499 0.378 -0.317
-0.504 0.101 -0.312
-0.507 0.235 -0.322
-0.514 0.422 -0.346
-0.494 0.149 -0.297
-0.445 0.630 -0.368
0.046 0.066 -0.264
0.039 0.115 -0.251
0.037 0.164 -0.259
0.037 0.190 -0.266
0.037 0.216 -0.271
0.035 0.276 -0.280
0.032 0.352 -0.292
0.034 0.409 -0.306
0.030 0.445 -0.311
0.020 0.472 -0.315
0.018 0.509 -0.322
0.019 0.537 -0.328
0.021 0.564 -0.333
-0.014 0.659 -0.349
-0.029 0.671 -0.323
-0.480 0.629 -0.367
-0.070 0.799 -0.440
-0.039 0.804 -0.363
0.005 0.766 -0.398
-0.101 0.814 -0.437
-0.155 0.846 -0.387
-0.100 0.828 -0.378
-0.066 0.830 -0.353
-0.054 0.809 -0.378
-0.020 0.787 -0.379
-0.083 0.810 -0.412
-0.001 0.012 -0.340
-0.007 0.036 -0.358
0.064 0.535 -0.471
-0.031 0.779 -0.500
0.037 0.029 -0.282
0.002 0.131 -0.382
-0.005 0.705 -0.350
0.006 0.016 -0.327
0.094 0.713 -0.515
0.025 0.748 -0.371
0.036 0.692 -0.365
0.016 0.283 -0.417
0.010 0.206 -0.400
0.042 0.440 -0.454
0.010 0.099 -0.342
0.016 0.150 -0.342
-0.005 0.770 -0.429
0.021 0.264 -0.369
0.022 0.315 -0.385
0.037 0.283 -0.326
0.041 0.343 -0.307
0.041 0.455 -0.347
0.019 0.600 -0.340
0.067 0.619 -0.448
0.087 0.649 -0.483
0.053 0.726 -0.454
0.020 0.754 -0.484
-0.035 0.783 -0.451
0.033 0.347 -0.351
0.040 0.231 -0.312
0.039 0.404 -0.336
0.041 0.501 -0.381
0.014 0.062 -0.320
0.019 0.201 -0.354
0.031 0.401 -0.395
0.053 0.574 -0.427
0.040 0.522 -0.344
0.024 0.352 -0.429
0.039 0.127 -0.291
0.044 0.557 -0.371
0.046 0.503 -0.434
0.022 0.643 -0.349
0.036 0.452 -0.409
0.040 0.721 -0.397
0.056 0.662 -0.420
0.040 0.184 -0.303
0.044 0.618 -0.370
-0.436 0.718 -0.526
-0.363 0.761 -0.497
-0.415 0.727 -0.523
-0.450 0.713 -0.527
-0.471 0.730 -0.387
-0.447 0.779 -0.411
-0.354 0.834 -0.380
-0.367 0.795 -0.447
-0.399 0.807 -0.403
-0.473 0.747 -0.422
-0.459 0.760 -0.457
-0.448 0.732 -0.499
-0.494 0.716 -0.446
-0.277 0.781 -0.294
-0.255 0.750 -0.293
-0.163 0.762 -0.283
-0.119 0.763 -0.279
-0.378 0.784 -0.314
-0.288 0.847 -0.403
-0.353 0.773 -0.312
-0.370 0.846 -0.340
-0.323 0.836 -0.398
-0.331 0.805 -0.308
-0.098 0.829 -0.361
-0.319 0.842 -0.339
-0.194 0.767 -0.287
-0.099 0.826 -0.310
-0.248 0.884 -0.368
-0.150 0.808 -0.293
-0.165 0.836 -0.320
-0.230 0.774 -0.292
-0.290 0.825 -0.309
-0.257 0.855 -0.330
-0.219 0.817 -0.306
-0.195 0.876 -0.361
-0.137 0.843 -0.373
-0.285 0.850 -0.362
-0.419 0.078 -0.163
-0.453 0.089 -0.224
-0.317 0.751 -0.303
-0.221 0.086 -0.198
-0.407 0.710 -0.313
-0.179 0.047 -0.200
-0.087 0.098 -0.225
-0.058 0.653 -0.274
-0.137 0.724 -0.278
-0.478 0.179 -0.268
-0.381 0.082 -0.153
-0.301 0.723 -0.299
-0.103 0.161 -0.223
-0.083 0.351 -0.265
-0.430 0.596 -0.334
-0.249 0.054 -0.192
-0.078 0.452 -0.281
-0.086 0.499 -0.255
-0.191 0.700 -0.286
-0.112 0.291 -0.224
-0.160 0.248 -0.215
-0.084 0.227 -0.234
-0.310 0.071 -0.197
-0.415 0.496 -0.258
-0.091 0.401 -0.253
-0.455 0.117 -0.231
-0.406 0.422 -0.237
-0.165 0.637 -0.282
-0.156 0.186 -0.210
-0.170 0.129 -0.206
-0.112 0.052 -0.217
-0.149 0.083 -0.208
-0.075 0.608 -0.262
-0.438 0.373 -0.244
-0.431 0.628 -0.310
-0.419 0.594 -0.285
-0.453 0.272 -0.243
-0.449 0.551 -0.294
-0.396 0.552 -0.271
-0.179 0.296 -0.224
-0.131 0.670 -0.274
-0.362 0.726 -0.314
-0.343 0.650 -0.312
-0.323 0.680 -0.309
-0.251 0.123 -0.201
-0.074 0.696 -0.263
-0.462 0.314 -0.260
-0.426 0.325 -0.226
-0.404 0.289 -0.205
-0.371 0.327 -0.221
-0.121 0.335 -0.227
-0.168 0.367 -0.238
-0.257 0.707 -0.292
-0.077 0.547 -0.262
-0.189 0.530 -0.277
-0.133 0.500 -0.254
-0.133 0.576 -0.266
-0.419 0.152 -0.181
-0.330 0.208 -0.223
-0.379 0.199 -0.182
-0.368 0.137 -0.174
-0.321 0.144 -0.211
-0.251 0.189 -0.211
-0.460 0.208 -0.242
-0.447 0.447 -0.267
-0.392 0.368 -0.223
-0.338 0.346 -0.253
-0.370 0.423 -0.247
-0.328 0.500 -0.289
-0.332 0.448 -0.278
-0.376 0.491 -0.261
-0.386 0.620 -0.289
-0.219 0.233 -0.217
-0.424 0.220 -0.201
-0.100 0.457 -0.245
-0.123 0.406 -0.235
-0.376 0.252 -0.198
-0.331 0.273 -0.239
-0.269 0.538 -0.282
-0.263 0.485 -0.272
-0.342 0.558 -0.299
-0.278 0.253 -0.224
-0.244 0.658 -0.292
-0.323 0.594 -0.304
-0.212 0.371 -0.247
-0.306 0.383 -0.261
-0.269 0.414 -0.258
-0.220 0.434 -0.262
-0.274 0.327 -0.238
-0.216 0.605 -0.289
-0.281 0.610 -0.292
-0.174 0.455 -0.260
-0.231 0.313 -0.234
-0.402 0.727 -0.326
-0.405 0.661 -0.299
