-0.516 0.047 -0.366
-0.516 0.087 -0.363
-0.514 0.127 -0.374
-0.516 0.162 -0.373
-0.513 0.185 -0.379
-0.518 0.249 -0.378
-0.505 0.269 -0.397
-0.522 0.427 -0.385
-0.516 0.529 -0.392
-0.543 0.517 -0.518
-0.504 0.385 -0.511
-0.457 0.038 -0.444
-0.480 0.255 -0.488
-0.571 0.665 -0.543
-0.480 0.676 -0.393
-0.497 0.685 -0.413
-0.462 0.094 -0.468
-0.519 0.446 -0.512
-0.518 0.513 -0.488
-0.514 0.569 -0.407
-0.509 0.082 -0.379
-0.504 0.683 -0.441
-0.475 0.177 -0.482
-0.483 0.209 -0.453
-0.488 0.314 -0.497
-0.499 0.412 -0.431
-0.570 0.594 -0.519
-0.539 0.597 -0.489
-0.544 0.692 -0.510
-0.508 0.627 -0.407
-0.473 0.091 -0.414
-0.472 0.140 -0.452
-0.485 0.213 -0.413
-0.483 0.157 -0.406
-0.490 0.284 -0.436
-0.494 0.361 -0.474
-0.504 0.428 -0.477
-0.511 0.564 -0.450
-0.495 0.326 -0.418
-0.505 0.492 -0.433
-0.522 0.651 -0.468
-0.042 0.680 -0.312
-0.044 0.645 -0.322
-0.048 0.610 -0.320
-0.054 0.561 -0.322
-0.069 0.489 -0.312
-0.061 0.394 -0.312
-0.068 0.256 -0.271
-0.063 0.174 -0.267
-0.025 0.032 -0.258
0.036 0.032 -0.265
0.011 0.058 -0.262
0.035 0.082 -0.272
0.037 0.137 -0.283
0.034 0.244 -0.299
0.036 0.300 -0.308
0.028 0.379 -0.317
0.030 0.483 -0.336
-0.009 0.592 -0.358
-0.045 0.454 -0.330
-0.020 0.620 -0.358
-0.003 0.436 -0.332
-0.064 0.048 -0.261
-0.008 0.094 -0.271
-0.064 0.138 -0.266
-0.014 0.263 -0.308
-0.001 0.299 -0.314
-0.014 0.404 -0.328
-0.013 0.353 -0.320
-0.012 0.500 -0.344
-0.056 0.508 -0.330
-0.038 0.553 -0.346
-0.046 0.101 -0.275
-0.029 0.208 -0.296
0.016 0.209 -0.290
-0.016 0.145 -0.284
-0.048 0.293 -0.290
-0.414 0.679 -0.392
-0.416 0.649 -0.367
-0.424 0.627 -0.365
-0.451 0.534 -0.337
-0.477 0.480 -0.319
-0.477 0.399 -0.308
-0.475 0.353 -0.301
-0.456 0.160 -0.258
-0.461 0.135 -0.267
-0.516 0.107 -0.365
-0.520 0.209 -0.373
-0.513 0.230 -0.384
-0.520 0.282 -0.377
-0.519 0.312 -0.384
-0.519 0.334 -0.385
-0.522 0.355 -0.382
-0.523 0.373 -0.381
-0.521 0.393 -0.386
-0.516 0.455 -0.400
-0.518 0.486 -0.398
-0.518 0.498 -0.379
-0.509 0.571 -0.387
-0.493 0.604 -0.381
-0.443 0.679 -0.392
-0.507 0.476 -0.364
-0.429 0.665 -0.391
-0.468 0.057 -0.275
-0.477 0.106 -0.295
-0.503 0.185 -0.335
-0.469 0.510 -0.349
-0.477 0.559 -0.359
-0.485 0.056 -0.307
-0.503 0.280 -0.332
-0.479 0.235 -0.295
-0.508 0.324 -0.343
-0.446 0.577 -0.362
-0.485 0.435 -0.320
-0.500 0.374 -0.334
-0.504 0.098 -0.335
-0.508 0.232 -0.342
-0.516 0.419 -0.362
-0.494 0.145 -0.319
-0.448 0.627 -0.382
0.045 0.061 -0.292
0.038 0.110 -0.278
0.037 0.159 -0.284
0.037 0.185 -0.290
0.037 0.211 -0.295
0.035 0.271 -0.303
0.032 0.348 -0.313
0.035 0.404 -0.325
0.031 0.441 -0.329
0.021 0.468 -0.333
0.019 0.505 -0.339
0.020 0.533 -0.344
0.023 0.561 -0.349
-0.011 0.656 -0.363
-0.027 0.667 -0.337
-0.483 0.626 -0.380
-0.066 0.799 -0.451
-0.038 0.800 -0.372
0.008 0.764 -0.408
-0.098 0.814 -0.448
-0.155 0.846 -0.397
-0.099 0.826 -0.388
-0.065 0.827 -0.363
-0.053 0.806 -0.388
-0.018 0.784 -0.389
-0.080 0.810 -0.423
-0.001 0.009 -0.370
-0.007 0.034 -0.388
0.070 0.535 -0.486
-0.025 0.781 -0.511
0.036 0.024 -0.311
0.003 0.129 -0.409
-0.002 0.702 -0.363
0.005 0.013 -0.357
0.104 0.713 -0.525
0.027 0.746 -0.381
0.039 0.689 -0.377
0.019 0.282 -0.440
0.012 0.205 -0.424
0.047 0.440 -0.472
0.010 0.096 -0.370
0.017 0.147 -0.368
-0.001 0.769 -0.439
0.023 0.261 -0.392
0.024 0.313 -0.407
0.039 0.279 -0.348
0.042 0.338 -0.328
0.042 0.452 -0.365
0.021 0.596 -0.354
0.073 0.618 -0.461
0.095 0.649 -0.494
0.060 0.726 -0.465
0.027 0.755 -0.495
-0.030 0.783 -0.461
0.034 0.344 -0.371
0.041 0.227 -0.336
0.041 0.400 -0.355
0.044 0.499 -0.397
0.014 0.058 -0.348
0.021 0.198 -0.379
0.034 0.399 -0.414
0.057 0.572 -0.441
0.042 0.519 -0.360
0.028 0.351 -0.450
0.039 0.123 -0.318
0.047 0.554 -0.386
0.051 0.502 -0.450
0.024 0.640 -0.362
0.039 0.451 -0.427
0.044 0.719 -0.408
0.061 0.660 -0.432
0.040 0.180 -0.328
0.047 0.615 -0.383
-0.443 0.718 -0.537
-0.368 0.761 -0.508
-0.421 0.728 -0.534
-0.457 0.713 -0.538
-0.474 0.728 -0.398
-0.450 0.778 -0.420
-0.355 0.832 -0.390
-0.371 0.795 -0.458
-0.401 0.806 -0.413
-0.477 0.746 -0.432
-0.464 0.760 -0.467
-0.455 0.732 -0.510
-0.499 0.715 -0.457
-0.277 0.777 -0.306
-0.255 0.745 -0.306
-0.163 0.757 -0.296
-0.119 0.758 -0.292
-0.378 0.780 -0.326
-0.288 0.847 -0.413
-0.353 0.769 -0.324
-0.370 0.844 -0.349
-0.324 0.836 -0.408
-0.331 0.801 -0.319
-0.097 0.827 -0.371
-0.319 0.840 -0.349
-0.194 0.762 -0.300
-0.099 0.822 -0.320
-0.248 0.882 -0.377
-0.150 0.804 -0.304
-0.165 0.833 -0.330
-0.230 0.770 -0.305
-0.290 0.821 -0.320
-0.257 0.852 -0.340
-0.219 0.813 -0.317
-0.195 0.875 -0.370
-0.137 0.842 -0.383
-0.285 0.848 -0.372
-0.419 0.072 -0.187
-0.453 0.084 -0.247
-0.317 0.747 -0.316
-0.221 0.080 -0.223
-0.407 0.706 -0.326
-0.179 0.041 -0.227
-0.087 0.093 -0.252
-0.058 0.648 -0.289
-0.137 0.720 -0.292
-0.477 0.175 -0.290
-0.380 0.076 -0.177
-0.301 0.719 -0.312
-0.103 0.156 -0.248
-0.083 0.346 -0.287
-0.431 0.593 -0.349
-0.249 0.048 -0.217
-0.077 0.447 -0.301
-0.086 0.494 -0.274
-0.191 0.696 -0.301
-0.112 0.286 -0.247
-0.160 0.243 -0.238
-0.084 0.222 -0.258
-0.310 0.066 -0.221
-0.415 0.492 -0.275
-0.090 0.396 -0.274
-0.455 0.112 -0.254
-0.405 0.417 -0.255
-0.164 0.633 -0.299
-0.156 0.180 -0.234
-0.170 0.123 -0.231
-0.112 0.046 -0.245
-0.150 0.078 -0.235
-0.074 0.603 -0.279
-0.438 0.368 -0.263
-0.431 0.625 -0.324
-0.419 0.590 -0.300
-0.454 0.268 -0.263
-0.449 0.547 -0.309
-0.396 0.548 -0.287
-0.179 0.291 -0.246
-0.131 0.665 -0.290
-0.362 0.722 -0.327
-0.344 0.647 -0.327
-0.323 0.676 -0.323
-0.251 0.118 -0.225
-0.074 0.691 -0.278
-0.461 0.310 -0.280
-0.425 0.320 -0.246
-0.404 0.284 -0.225
-0.371 0.322 -0.240
-0.121 0.330 -0.249
-0.168 0.361 -0.259
-0.257 0.703 -0.307
-0.077 0.542 -0.280
-0.189 0.525 -0.295
-0.133 0.495 -0.273
-0.133 0.571 -0.284
-0.419 0.146 -0.203
-0.330 0.202 -0.245
-0.378 0.194 -0.203
-0.368 0.131 -0.196
-0.321 0.139 -0.234
-0.251 0.183 -0.234
-0.459 0.204 -0.263
-0.447 0.443 -0.284
-0.391 0.363 -0.242
-0.338 0.342 -0.273
-0.370 0.418 -0.265
-0.328 0.496 -0.307
-0.332 0.444 -0.297
-0.376 0.487 -0.279
-0.386 0.616 -0.305
-0.219 0.228 -0.240
-0.424 0.214 -0.222
-0.100 0.452 -0.265
-0.123 0.400 -0.256
-0.375 0.247 -0.219
-0.331 0.268 -0.260
-0.269 0.534 -0.300
-0.263 0.480 -0.291
-0.342 0.554 -0.316
-0.278 0.247 -0.246
-0.244 0.654 -0.307
-0.323 0.590 -0.320
-0.212 0.366 -0.268
-0.306 0.378 -0.281
-0.269 0.409 -0.277
-0.220 0.429 -0.281
-0.274 0.322 -0.259
-0.216 0.601 -0.306
-0.281 0.606 -0.308
-0.174 0.450 -0.280
-0.231 0.307 -0.255
-0.402 0.724 -0.339
-0.405 0.657 -0.313
