-0.516 0.044 -0.392
-0.516 0.084 -0.388
-0.514 0.124 -0.398
-0.517 0.159 -0.395
-0.515 0.182 -0.402
-0.521 0.247 -0.399
-0.508 0.266 -0.417
-0.525 0.425 -0.401
-0.519 0.527 -0.406
-0.550 0.517 -0.532
-0.511 0.385 -0.528
-0.458 0.038 -0.471
-0.485 0.255 -0.510
-0.581 0.665 -0.553
-0.483 0.674 -0.406
-0.501 0.683 -0.424
-0.465 0.094 -0.493
-0.526 0.446 -0.528
-0.524 0.513 -0.502
-0.518 0.567 -0.420
-0.509 0.079 -0.404
-0.509 0.682 -0.452
-0.479 0.177 -0.505
-0.487 0.208 -0.475
-0.494 0.314 -0.516
-0.504 0.411 -0.448
-0.578 0.594 -0.530
-0.546 0.596 -0.501
-0.552 0.692 -0.519
-0.511 0.625 -0.419
-0.473 0.089 -0.439
-0.475 0.139 -0.476
-0.488 0.212 -0.435
-0.484 0.155 -0.430
-0.494 0.283 -0.457
-0.500 0.361 -0.492
-0.510 0.427 -0.493
-0.516 0.563 -0.463
-0.499 0.324 -0.437
-0.510 0.490 -0.449
-0.529 0.651 -0.480
-0.041 0.675 -0.328
-0.043 0.640 -0.339
-0.048 0.605 -0.338
-0.052 0.557 -0.340
-0.068 0.484 -0.332
-0.060 0.389 -0.334
-0.069 0.250 -0.298
-0.063 0.168 -0.293
-0.026 0.026 -0.289
0.035 0.025 -0.295
0.010 0.051 -0.292
0.034 0.075 -0.301
0.037 0.131 -0.310
0.035 0.239 -0.323
0.037 0.295 -0.331
0.028 0.374 -0.338
0.031 0.478 -0.354
-0.007 0.588 -0.374
-0.044 0.450 -0.351
-0.017 0.616 -0.375
-0.002 0.431 -0.352
-0.065 0.042 -0.292
-0.009 0.088 -0.301
-0.064 0.132 -0.293
-0.014 0.258 -0.332
-0.001 0.294 -0.337
-0.013 0.399 -0.350
-0.013 0.348 -0.343
-0.011 0.496 -0.363
-0.054 0.504 -0.350
-0.036 0.549 -0.364
-0.046 0.095 -0.304
-0.029 0.203 -0.322
0.016 0.203 -0.316
-0.016 0.139 -0.312
-0.049 0.287 -0.315
-0.417 0.677 -0.406
-0.418 0.646 -0.382
-0.426 0.624 -0.381
-0.453 0.530 -0.354
-0.478 0.476 -0.335
-0.478 0.394 -0.327
-0.476 0.349 -0.320
-0.456 0.155 -0.281
-0.462 0.131 -0.291
-0.516 0.104 -0.389
-0.521 0.206 -0.395
-0.515 0.227 -0.405
-0.522 0.279 -0.397
-0.522 0.309 -0.403
-0.522 0.331 -0.403
-0.525 0.352 -0.400
-0.526 0.370 -0.398
-0.524 0.391 -0.403
-0.519 0.453 -0.416
-0.521 0.483 -0.413
-0.521 0.495 -0.394
-0.512 0.568 -0.401
-0.496 0.601 -0.394
-0.445 0.676 -0.406
-0.509 0.473 -0.379
-0.431 0.663 -0.405
-0.468 0.052 -0.300
-0.477 0.102 -0.319
-0.502 0.181 -0.358
-0.471 0.507 -0.365
-0.479 0.556 -0.374
-0.485 0.052 -0.332
-0.504 0.277 -0.353
-0.477 0.231 -0.319
-0.510 0.320 -0.362
-0.448 0.574 -0.377
-0.487 0.431 -0.337
-0.502 0.371 -0.352
-0.504 0.094 -0.360
-0.508 0.228 -0.364
-0.518 0.416 -0.379
-0.494 0.141 -0.343
-0.450 0.625 -0.396
0.044 0.055 -0.322
0.038 0.104 -0.307
0.036 0.153 -0.311
0.037 0.179 -0.317
0.037 0.206 -0.320
0.035 0.266 -0.327
0.033 0.343 -0.335
0.035 0.399 -0.345
0.032 0.437 -0.349
0.022 0.464 -0.351
0.020 0.501 -0.357
0.022 0.529 -0.361
0.025 0.556 -0.365
-0.008 0.652 -0.378
-0.025 0.663 -0.353
-0.485 0.624 -0.393
-0.061 0.802 -0.462
-0.042 0.785 -0.382
0.010 0.759 -0.419
-0.093 0.818 -0.459
-0.155 0.846 -0.407
-0.101 0.819 -0.398
-0.064 0.823 -0.375
-0.055 0.796 -0.397
-0.020 0.774 -0.400
-0.078 0.809 -0.433
-0.001 0.006 -0.402
-0.006 0.031 -0.419
0.076 0.534 -0.501
-0.016 0.786 -0.521
0.035 0.019 -0.342
0.005 0.127 -0.437
0.001 0.697 -0.376
0.005 0.009 -0.389
0.113 0.713 -0.535
0.031 0.742 -0.393
0.042 0.685 -0.389
0.022 0.280 -0.464
0.014 0.203 -0.450
0.052 0.438 -0.491
0.010 0.093 -0.399
0.018 0.143 -0.396
0.002 0.764 -0.450
0.025 0.258 -0.416
0.027 0.310 -0.430
0.040 0.275 -0.372
0.043 0.334 -0.350
0.044 0.448 -0.384
0.023 0.592 -0.370
0.079 0.616 -0.474
0.103 0.648 -0.506
0.065 0.724 -0.476
0.034 0.756 -0.505
-0.025 0.784 -0.472
0.036 0.340 -0.393
0.041 0.222 -0.360
0.042 0.396 -0.375
0.047 0.496 -0.415
0.014 0.054 -0.378
0.022 0.195 -0.405
0.037 0.397 -0.435
0.063 0.570 -0.456
0.044 0.515 -0.377
0.032 0.349 -0.472
0.039 0.118 -0.346
0.050 0.551 -0.402
0.056 0.500 -0.467
0.027 0.635 -0.376
0.043 0.449 -0.446
0.048 0.716 -0.419
0.067 0.658 -0.445
0.041 0.175 -0.354
0.050 0.612 -0.397
-0.450 0.719 -0.548
-0.373 0.762 -0.520
-0.428 0.728 -0.545
-0.464 0.714 -0.549
-0.477 0.726 -0.409
-0.454 0.776 -0.430
-0.356 0.831 -0.399
-0.374 0.795 -0.468
-0.403 0.804 -0.422
-0.481 0.744 -0.442
-0.469 0.760 -0.477
-0.461 0.732 -0.521
-0.505 0.715 -0.467
-0.277 0.772 -0.319
-0.254 0.741 -0.320
-0.163 0.752 -0.309
-0.118 0.753 -0.305
-0.377 0.776 -0.338
-0.288 0.847 -0.423
-0.352 0.765 -0.337
-0.370 0.841 -0.358
-0.325 0.835 -0.418
-0.330 0.797 -0.331
-0.097 0.823 -0.382
-0.319 0.837 -0.359
-0.194 0.757 -0.313
-0.098 0.819 -0.331
-0.247 0.880 -0.386
-0.149 0.800 -0.315
-0.165 0.830 -0.340
-0.230 0.765 -0.318
-0.290 0.817 -0.331
-0.257 0.848 -0.350
-0.218 0.809 -0.328
-0.194 0.873 -0.378
-0.138 0.838 -0.393
-0.285 0.846 -0.382
-0.419 0.065 -0.212
-0.453 0.079 -0.272
-0.317 0.743 -0.329
-0.221 0.074 -0.250
-0.407 0.702 -0.340
-0.180 0.035 -0.256
-0.088 0.087 -0.281
-0.057 0.643 -0.306
-0.137 0.715 -0.307
-0.477 0.170 -0.313
-0.380 0.070 -0.202
-0.300 0.714 -0.327
-0.103 0.149 -0.275
-0.082 0.341 -0.311
-0.433 0.590 -0.365
-0.249 0.042 -0.245
-0.077 0.442 -0.322
-0.086 0.488 -0.294
-0.190 0.691 -0.317
-0.112 0.280 -0.272
-0.159 0.236 -0.263
-0.085 0.216 -0.285
-0.310 0.060 -0.247
-0.414 0.487 -0.293
-0.090 0.391 -0.296
-0.455 0.107 -0.278
-0.405 0.412 -0.274
-0.164 0.628 -0.316
-0.156 0.174 -0.260
-0.170 0.117 -0.258
-0.113 0.040 -0.275
-0.150 0.071 -0.263
-0.074 0.598 -0.297
-0.436 0.363 -0.284
-0.431 0.621 -0.339
-0.418 0.586 -0.317
-0.451 0.262 -0.286
-0.449 0.543 -0.325
-0.396 0.543 -0.304
-0.178 0.285 -0.270
-0.131 0.660 -0.307
-0.362 0.718 -0.341
-0.343 0.642 -0.343
-0.323 0.672 -0.339
-0.251 0.112 -0.251
-0.074 0.686 -0.294
-0.459 0.305 -0.303
-0.425 0.315 -0.267
-0.404 0.278 -0.246
-0.371 0.316 -0.261
-0.120 0.324 -0.273
-0.168 0.356 -0.282
-0.256 0.698 -0.322
-0.076 0.537 -0.299
-0.188 0.520 -0.315
-0.132 0.490 -0.294
-0.132 0.566 -0.303
-0.419 0.140 -0.226
-0.330 0.197 -0.268
-0.378 0.187 -0.226
-0.367 0.125 -0.221
-0.321 0.133 -0.259
-0.251 0.177 -0.259
-0.459 0.199 -0.286
-0.447 0.438 -0.302
-0.391 0.357 -0.262
-0.338 0.337 -0.294
-0.369 0.413 -0.284
-0.328 0.491 -0.326
-0.332 0.439 -0.317
-0.376 0.482 -0.298
-0.386 0.611 -0.321
-0.219 0.222 -0.264
-0.424 0.209 -0.244
-0.099 0.446 -0.286
-0.122 0.394 -0.278
-0.375 0.241 -0.240
-0.331 0.263 -0.282
-0.269 0.529 -0.319
-0.262 0.475 -0.311
-0.342 0.549 -0.334
-0.278 0.242 -0.269
-0.244 0.649 -0.324
-0.323 0.585 -0.338
-0.212 0.360 -0.290
-0.306 0.373 -0.301
-0.269 0.404 -0.298
-0.220 0.424 -0.302
-0.274 0.316 -0.281
-0.216 0.596 -0.324
-0.280 0.601 -0.326
-0.173 0.444 -0.301
-0.230 0.302 -0.278
-0.402 0.720 -0.352
-0.404 0.653 -0.328
