-0.424 0.029 -0.221
-0.425 0.068 -0.214
-0.417 0.108 -0.218
-0.419 0.143 -0.215
-0.413 0.166 -0.216
-0.416 0.231 -0.211
-0.393 0.250 -0.212
-0.414 0.408 -0.203
-0.410 0.509 -0.198
-0.311 0.509 -0.282
-0.300 0.374 -0.265
-0.329 0.021 -0.241
-0.309 0.242 -0.257
-0.323 0.664 -0.294
-0.402 0.659 -0.165
-0.395 0.666 -0.191
-0.316 0.078 -0.256
-0.305 0.436 -0.268
-0.326 0.500 -0.245
-0.398 0.550 -0.201
-0.410 0.063 -0.222
-0.371 0.666 -0.205
-0.313 0.163 -0.263
-0.339 0.194 -0.244
-0.305 0.301 -0.257
-0.363 0.395 -0.213
-0.325 0.590 -0.294
-0.333 0.584 -0.252
-0.343 0.677 -0.266
-0.400 0.607 -0.195
-0.360 0.072 -0.224
-0.333 0.124 -0.245
-0.369 0.195 -0.217
-0.372 0.138 -0.218
-0.354 0.267 -0.226
-0.325 0.347 -0.240
-0.328 0.414 -0.240
-0.357 0.548 -0.216
-0.371 0.307 -0.212
-0.367 0.474 -0.211
-0.348 0.634 -0.226
-0.049 0.655 -0.080
-0.059 0.622 -0.090
-0.068 0.587 -0.090
-0.077 0.539 -0.094
-0.091 0.466 -0.087
-0.091 0.373 -0.108
-0.086 0.230 -0.093
-0.085 0.148 -0.106
-0.052 0.008 -0.139
-0.001 0.011 -0.174
-0.021 0.036 -0.156
-0.005 0.061 -0.173
-0.007 0.118 -0.176
-0.013 0.226 -0.173
-0.015 0.283 -0.175
-0.023 0.362 -0.166
-0.027 0.467 -0.170
-0.064 0.576 -0.145
-0.083 0.435 -0.121
-0.071 0.604 -0.135
-0.052 0.419 -0.151
-0.088 0.023 -0.122
-0.041 0.072 -0.149
-0.086 0.113 -0.111
-0.057 0.244 -0.150
-0.048 0.281 -0.155
-0.061 0.386 -0.146
-0.058 0.335 -0.146
-0.062 0.483 -0.145
-0.088 0.488 -0.107
-0.079 0.535 -0.123
-0.076 0.078 -0.133
-0.066 0.188 -0.141
-0.025 0.189 -0.160
-0.052 0.124 -0.148
-0.076 0.269 -0.112
-0.357 0.662 -0.117
-0.376 0.630 -0.104
-0.380 0.607 -0.109
-0.410 0.511 -0.113
-0.437 0.455 -0.122
-0.438 0.373 -0.120
-0.437 0.327 -0.117
-0.434 0.131 -0.088
-0.434 0.107 -0.100
-0.424 0.088 -0.214
-0.421 0.190 -0.213
-0.409 0.212 -0.214
-0.417 0.263 -0.209
-0.413 0.293 -0.210
-0.412 0.315 -0.208
-0.415 0.336 -0.207
-0.417 0.354 -0.205
-0.412 0.374 -0.204
-0.399 0.436 -0.205
-0.404 0.466 -0.203
-0.420 0.477 -0.192
-0.413 0.551 -0.187
-0.412 0.584 -0.170
-0.376 0.662 -0.138
-0.423 0.455 -0.174
-0.367 0.648 -0.128
-0.432 0.029 -0.117
-0.434 0.080 -0.135
-0.433 0.162 -0.175
-0.412 0.489 -0.135
-0.414 0.538 -0.146
-0.432 0.031 -0.154
-0.436 0.258 -0.164
-0.437 0.209 -0.125
-0.434 0.302 -0.172
-0.393 0.557 -0.124
-0.438 0.411 -0.132
-0.436 0.351 -0.157
-0.433 0.076 -0.184
-0.433 0.210 -0.180
-0.428 0.398 -0.184
-0.434 0.122 -0.161
-0.384 0.609 -0.137
-0.008 0.044 -0.198
-0.005 0.090 -0.176
-0.007 0.140 -0.174
-0.009 0.166 -0.176
-0.011 0.193 -0.176
-0.014 0.253 -0.173
-0.019 0.330 -0.170
-0.021 0.388 -0.174
-0.025 0.425 -0.171
-0.032 0.452 -0.163
-0.036 0.489 -0.162
-0.036 0.517 -0.163
-0.036 0.545 -0.164
-0.066 0.640 -0.140
-0.058 0.647 -0.110
-0.409 0.607 -0.161
-0.132 0.816 -0.200
-0.056 0.815 -0.161
-0.066 0.763 -0.194
-0.150 0.827 -0.186
-0.157 0.847 -0.146
-0.113 0.832 -0.145
-0.073 0.824 -0.132
-0.076 0.821 -0.166
-0.055 0.795 -0.181
-0.120 0.824 -0.176
-0.092 -0.000 -0.241
-0.106 0.026 -0.247
-0.127 0.536 -0.277
-0.159 0.793 -0.241
-0.027 0.010 -0.214
-0.113 0.123 -0.250
-0.057 0.687 -0.141
-0.079 0.002 -0.234
-0.145 0.712 -0.276
-0.046 0.735 -0.176
-0.041 0.676 -0.181
-0.122 0.279 -0.254
-0.117 0.201 -0.253
-0.129 0.439 -0.266
-0.082 0.086 -0.232
-0.075 0.136 -0.227
-0.091 0.774 -0.213
-0.085 0.253 -0.228
-0.093 0.306 -0.232
-0.042 0.267 -0.207
-0.022 0.323 -0.188
-0.043 0.439 -0.201
-0.040 0.581 -0.163
-0.101 0.614 -0.256
-0.116 0.649 -0.289
-0.096 0.718 -0.245
-0.133 0.757 -0.245
-0.122 0.796 -0.217
-0.058 0.333 -0.213
-0.034 0.213 -0.206
-0.039 0.387 -0.200
-0.066 0.489 -0.215
-0.065 0.046 -0.226
-0.079 0.188 -0.227
-0.091 0.392 -0.229
-0.094 0.567 -0.239
-0.036 0.506 -0.191
-0.124 0.348 -0.254
-0.026 0.108 -0.208
-0.051 0.543 -0.206
-0.107 0.498 -0.248
-0.041 0.625 -0.166
-0.096 0.445 -0.234
-0.060 0.709 -0.203
-0.079 0.652 -0.229
-0.031 0.166 -0.207
-0.045 0.604 -0.199
-0.280 0.736 -0.268
-0.268 0.794 -0.237
-0.273 0.750 -0.261
-0.286 0.727 -0.271
-0.396 0.713 -0.168
-0.380 0.769 -0.192
-0.341 0.827 -0.147
-0.312 0.810 -0.209
-0.364 0.810 -0.187
-0.375 0.729 -0.198
-0.353 0.746 -0.225
-0.310 0.738 -0.252
-0.358 0.698 -0.214
-0.273 0.754 -0.059
-0.251 0.722 -0.056
-0.158 0.733 -0.057
-0.114 0.733 -0.058
-0.373 0.757 -0.078
-0.286 0.848 -0.162
-0.349 0.746 -0.074
-0.366 0.816 -0.111
-0.312 0.837 -0.160
-0.326 0.778 -0.074
-0.105 0.826 -0.130
-0.314 0.819 -0.103
-0.190 0.738 -0.058
-0.097 0.801 -0.086
-0.247 0.873 -0.114
-0.146 0.780 -0.065
-0.163 0.815 -0.083
-0.226 0.747 -0.059
-0.286 0.799 -0.073
-0.255 0.833 -0.087
-0.215 0.791 -0.072
-0.195 0.865 -0.109
-0.141 0.841 -0.133
-0.280 0.835 -0.121
-0.424 0.035 -0.017
-0.432 0.054 -0.084
-0.313 0.725 -0.063
-0.228 0.047 -0.041
-0.404 0.684 -0.071
-0.189 0.010 -0.060
-0.104 0.065 -0.097
-0.058 0.622 -0.055
-0.133 0.695 -0.051
-0.436 0.148 -0.125
-0.390 0.039 0.004
-0.297 0.697 -0.057
-0.116 0.126 -0.078
-0.101 0.321 -0.084
-0.394 0.572 -0.105
-0.256 0.015 -0.040
-0.095 0.423 -0.080
-0.087 0.465 -0.045
-0.187 0.672 -0.051
-0.116 0.253 -0.048
-0.162 0.209 -0.035
-0.098 0.193 -0.081
-0.316 0.034 -0.035
-0.416 0.463 -0.049
-0.098 0.368 -0.060
-0.433 0.082 -0.088
-0.410 0.386 -0.035
-0.163 0.608 -0.043
-0.161 0.147 -0.044
-0.176 0.091 -0.049
-0.127 0.017 -0.090
-0.160 0.046 -0.066
-0.072 0.576 -0.042
-0.430 0.338 -0.063
-0.415 0.601 -0.087
-0.415 0.565 -0.063
-0.434 0.238 -0.081
-0.430 0.522 -0.091
-0.399 0.522 -0.044
-0.180 0.259 -0.029
-0.128 0.640 -0.041
-0.359 0.700 -0.068
-0.341 0.624 -0.063
-0.321 0.653 -0.060
-0.256 0.085 -0.033
-0.069 0.665 -0.038
-0.436 0.281 -0.095
-0.424 0.289 -0.047
-0.410 0.251 -0.023
-0.377 0.291 -0.022
-0.122 0.297 -0.038
-0.168 0.331 -0.029
-0.253 0.681 -0.051
-0.077 0.515 -0.048
-0.188 0.500 -0.038
-0.130 0.466 -0.030
-0.130 0.544 -0.034
-0.424 0.111 -0.023
-0.333 0.174 -0.039
-0.387 0.158 -0.007
-0.375 0.096 -0.006
-0.325 0.109 -0.038
-0.255 0.151 -0.030
-0.435 0.174 -0.090
-0.432 0.415 -0.079
-0.398 0.331 -0.025
-0.338 0.315 -0.044
-0.373 0.389 -0.032
-0.326 0.473 -0.052
-0.330 0.420 -0.050
-0.379 0.460 -0.036
-0.386 0.592 -0.049
-0.222 0.196 -0.032
-0.425 0.181 -0.036
-0.099 0.421 -0.038
-0.121 0.368 -0.031
-0.383 0.213 -0.013
-0.332 0.241 -0.042
-0.268 0.510 -0.035
-0.263 0.455 -0.032
-0.339 0.531 -0.056
-0.280 0.217 -0.030
-0.242 0.631 -0.046
-0.321 0.567 -0.056
-0.213 0.337 -0.031
-0.306 0.352 -0.041
-0.270 0.383 -0.030
-0.220 0.403 -0.033
-0.276 0.293 -0.029
-0.215 0.577 -0.042
-0.279 0.583 -0.041
-0.174 0.422 -0.033
-0.232 0.278 -0.029
-0.398 0.701 -0.082
-0.403 0.634 -0.061
