-0.516 0.041 -0.419
-0.517 0.081 -0.414
-0.515 0.121 -0.423
-0.518 0.156 -0.420
-0.517 0.179 -0.425
-0.523 0.244 -0.420
-0.511 0.264 -0.439
-0.528 0.422 -0.419
-0.523 0.524 -0.421
-0.559 0.517 -0.546
-0.518 0.385 -0.547
-0.460 0.037 -0.500
-0.491 0.256 -0.532
-0.591 0.665 -0.563
-0.486 0.671 -0.418
-0.505 0.681 -0.436
-0.468 0.094 -0.521
-0.533 0.446 -0.545
-0.531 0.512 -0.517
-0.522 0.565 -0.434
-0.510 0.076 -0.430
-0.514 0.681 -0.463
-0.484 0.177 -0.530
-0.492 0.208 -0.499
-0.500 0.314 -0.537
-0.509 0.409 -0.467
-0.586 0.594 -0.541
-0.553 0.596 -0.513
-0.560 0.692 -0.529
-0.515 0.622 -0.432
-0.476 0.088 -0.466
-0.479 0.139 -0.502
-0.492 0.210 -0.459
-0.487 0.153 -0.455
-0.499 0.282 -0.479
-0.506 0.361 -0.512
-0.516 0.427 -0.511
-0.522 0.562 -0.478
-0.503 0.322 -0.458
-0.515 0.489 -0.465
-0.535 0.650 -0.491
-0.040 0.670 -0.345
-0.042 0.635 -0.356
-0.046 0.600 -0.357
-0.051 0.552 -0.360
-0.067 0.479 -0.353
-0.059 0.384 -0.358
-0.069 0.244 -0.325
-0.064 0.162 -0.322
-0.027 0.020 -0.321
0.034 0.019 -0.327
0.009 0.045 -0.323
0.033 0.069 -0.331
0.036 0.125 -0.339
0.035 0.233 -0.349
0.037 0.290 -0.356
0.029 0.369 -0.360
0.033 0.473 -0.374
-0.005 0.584 -0.391
-0.043 0.445 -0.372
-0.015 0.612 -0.392
-0.000 0.427 -0.374
-0.066 0.036 -0.324
-0.010 0.082 -0.331
-0.064 0.126 -0.323
-0.014 0.253 -0.359
-0.001 0.289 -0.362
-0.012 0.394 -0.372
-0.012 0.343 -0.367
-0.009 0.491 -0.383
-0.053 0.499 -0.371
-0.034 0.545 -0.383
-0.047 0.090 -0.334
-0.028 0.197 -0.350
0.016 0.198 -0.343
-0.017 0.134 -0.341
-0.049 0.281 -0.342
-0.420 0.674 -0.421
-0.421 0.643 -0.398
-0.428 0.620 -0.397
-0.454 0.526 -0.371
-0.479 0.472 -0.353
-0.478 0.390 -0.346
-0.475 0.344 -0.342
-0.456 0.150 -0.306
-0.462 0.126 -0.316
-0.517 0.101 -0.415
-0.523 0.203 -0.418
-0.518 0.225 -0.428
-0.525 0.276 -0.418
-0.525 0.306 -0.423
-0.525 0.329 -0.423
-0.528 0.349 -0.419
-0.528 0.367 -0.417
-0.527 0.388 -0.421
-0.523 0.450 -0.433
-0.525 0.481 -0.429
-0.524 0.492 -0.409
-0.515 0.565 -0.415
-0.498 0.598 -0.409
-0.448 0.673 -0.420
-0.512 0.470 -0.396
-0.434 0.660 -0.420
-0.468 0.047 -0.327
-0.478 0.097 -0.345
-0.503 0.177 -0.382
-0.473 0.503 -0.383
-0.481 0.552 -0.390
-0.485 0.047 -0.360
-0.505 0.273 -0.374
-0.476 0.226 -0.343
-0.511 0.316 -0.382
-0.450 0.570 -0.394
-0.488 0.427 -0.355
-0.503 0.367 -0.372
-0.505 0.090 -0.386
-0.509 0.224 -0.387
-0.520 0.413 -0.396
-0.495 0.137 -0.368
-0.453 0.622 -0.411
0.044 0.049 -0.352
0.037 0.098 -0.336
0.036 0.147 -0.339
0.036 0.173 -0.344
0.037 0.200 -0.347
0.035 0.260 -0.352
0.033 0.337 -0.358
0.036 0.394 -0.367
0.033 0.432 -0.369
0.023 0.459 -0.371
0.022 0.496 -0.376
0.024 0.524 -0.380
0.027 0.552 -0.382
-0.006 0.648 -0.394
-0.023 0.658 -0.370
-0.488 0.621 -0.407
-0.057 0.802 -0.473
-0.042 0.779 -0.393
0.013 0.755 -0.430
-0.089 0.819 -0.469
-0.155 0.846 -0.417
-0.100 0.816 -0.409
-0.064 0.818 -0.386
-0.054 0.791 -0.408
-0.019 0.769 -0.411
-0.075 0.808 -0.444
-0.001 0.003 -0.435
-0.005 0.028 -0.451
0.083 0.533 -0.517
-0.008 0.790 -0.531
0.035 0.014 -0.374
0.006 0.124 -0.466
0.003 0.693 -0.391
0.006 0.006 -0.421
0.123 0.713 -0.545
0.034 0.738 -0.404
0.045 0.681 -0.402
0.025 0.279 -0.489
0.017 0.201 -0.477
0.058 0.437 -0.511
0.011 0.089 -0.429
0.019 0.140 -0.424
0.006 0.762 -0.461
0.027 0.255 -0.442
0.029 0.308 -0.454
0.041 0.271 -0.396
0.044 0.329 -0.373
0.047 0.444 -0.404
0.025 0.587 -0.386
0.085 0.614 -0.487
0.110 0.647 -0.518
0.071 0.722 -0.487
0.041 0.757 -0.515
-0.020 0.784 -0.483
0.038 0.337 -0.416
0.042 0.218 -0.387
0.044 0.392 -0.397
0.050 0.492 -0.433
0.014 0.050 -0.410
0.023 0.191 -0.432
0.040 0.394 -0.456
0.068 0.568 -0.472
0.046 0.510 -0.395
0.036 0.348 -0.494
0.039 0.113 -0.375
0.053 0.547 -0.419
0.061 0.498 -0.485
0.030 0.631 -0.392
0.047 0.446 -0.466
0.052 0.713 -0.431
0.072 0.655 -0.458
0.041 0.171 -0.382
0.053 0.608 -0.412
-0.457 0.720 -0.559
-0.378 0.762 -0.531
-0.434 0.729 -0.556
-0.471 0.715 -0.560
-0.480 0.723 -0.420
-0.457 0.774 -0.439
-0.356 0.829 -0.409
-0.377 0.795 -0.479
-0.405 0.803 -0.432
-0.485 0.743 -0.452
-0.474 0.759 -0.487
-0.467 0.733 -0.531
-0.510 0.714 -0.477
-0.277 0.766 -0.332
-0.254 0.735 -0.335
-0.163 0.747 -0.322
-0.119 0.747 -0.317
-0.377 0.772 -0.351
-0.288 0.847 -0.433
-0.352 0.760 -0.350
-0.370 0.838 -0.367
-0.326 0.834 -0.428
-0.330 0.792 -0.343
-0.097 0.820 -0.393
-0.319 0.833 -0.370
-0.194 0.752 -0.326
-0.098 0.813 -0.342
-0.247 0.878 -0.394
-0.149 0.794 -0.327
-0.165 0.825 -0.351
-0.230 0.760 -0.331
-0.289 0.812 -0.342
-0.257 0.844 -0.360
-0.218 0.804 -0.340
-0.194 0.870 -0.386
-0.138 0.836 -0.403
-0.285 0.844 -0.392
-0.419 0.059 -0.239
-0.453 0.074 -0.299
-0.317 0.738 -0.343
-0.222 0.068 -0.279
-0.407 0.698 -0.355
-0.180 0.029 -0.287
-0.089 0.081 -0.312
-0.057 0.637 -0.324
-0.137 0.709 -0.320
-0.478 0.166 -0.338
-0.380 0.063 -0.230
-0.300 0.709 -0.342
-0.104 0.143 -0.303
-0.082 0.335 -0.335
-0.434 0.586 -0.382
-0.249 0.035 -0.274
-0.076 0.437 -0.344
-0.085 0.483 -0.315
-0.190 0.686 -0.331
-0.112 0.273 -0.298
-0.159 0.230 -0.289
-0.085 0.209 -0.313
-0.310 0.054 -0.275
-0.414 0.481 -0.312
-0.090 0.385 -0.320
-0.455 0.102 -0.304
-0.404 0.406 -0.295
-0.164 0.622 -0.336
-0.156 0.167 -0.288
-0.170 0.111 -0.286
-0.114 0.034 -0.307
-0.150 0.065 -0.294
-0.074 0.592 -0.316
-0.436 0.357 -0.305
-0.432 0.616 -0.355
-0.418 0.581 -0.334
-0.450 0.257 -0.311
-0.450 0.538 -0.343
-0.396 0.538 -0.323
-0.178 0.279 -0.295
-0.130 0.654 -0.326
-0.362 0.713 -0.356
-0.343 0.638 -0.360
-0.323 0.667 -0.355
-0.251 0.105 -0.279
-0.073 0.680 -0.312
-0.457 0.300 -0.326
-0.424 0.310 -0.289
-0.403 0.272 -0.269
-0.370 0.311 -0.283
-0.120 0.317 -0.298
-0.168 0.350 -0.306
-0.256 0.693 -0.338
-0.076 0.531 -0.319
-0.188 0.515 -0.335
-0.132 0.484 -0.315
-0.132 0.560 -0.324
-0.419 0.133 -0.252
-0.330 0.191 -0.293
-0.378 0.181 -0.251
-0.367 0.118 -0.247
-0.321 0.127 -0.285
-0.251 0.171 -0.284
-0.458 0.194 -0.311
-0.447 0.433 -0.321
-0.390 0.351 -0.283
-0.337 0.331 -0.316
-0.369 0.407 -0.305
-0.328 0.486 -0.346
-0.332 0.434 -0.337
-0.375 0.476 -0.317
-0.386 0.606 -0.338
-0.219 0.216 -0.290
-0.423 0.203 -0.269
-0.099 0.440 -0.309
-0.122 0.388 -0.302
-0.375 0.235 -0.264
-0.331 0.257 -0.305
-0.268 0.524 -0.339
-0.262 0.470 -0.332
-0.342 0.545 -0.353
-0.278 0.236 -0.294
-0.244 0.644 -0.342
-0.323 0.581 -0.356
-0.212 0.354 -0.314
-0.306 0.368 -0.324
-0.269 0.399 -0.321
-0.219 0.419 -0.325
-0.274 0.311 -0.305
-0.216 0.591 -0.343
-0.280 0.596 -0.344
-0.173 0.439 -0.323
-0.230 0.296 -0.303
-0.402 0.716 -0.367
-0.404 0.648 -0.344
