-0.518 0.039 -0.448
-0.519 0.078 -0.442
-0.518 0.118 -0.450
-0.521 0.153 -0.445
-0.520 0.176 -0.450
-0.526 0.241 -0.444
-0.514 0.262 -0.462
-0.531 0.419 -0.437
-0.526 0.521 -0.437
-0.567 0.517 -0.560
-0.526 0.386 -0.566
-0.465 0.037 -0.530
-0.497 0.256 -0.556
-0.601 0.665 -0.573
-0.489 0.668 -0.432
-0.508 0.678 -0.448
-0.474 0.094 -0.549
-0.541 0.447 -0.562
-0.538 0.512 -0.532
-0.526 0.562 -0.449
-0.512 0.074 -0.458
-0.519 0.679 -0.475
-0.490 0.177 -0.556
-0.497 0.207 -0.524
-0.507 0.315 -0.559
-0.513 0.408 -0.486
-0.595 0.594 -0.552
-0.560 0.595 -0.526
-0.568 0.692 -0.540
-0.519 0.620 -0.446
-0.479 0.087 -0.495
-0.484 0.138 -0.529
-0.496 0.208 -0.484
-0.491 0.152 -0.482
-0.504 0.281 -0.502
-0.513 0.360 -0.533
-0.523 0.426 -0.529
-0.528 0.561 -0.492
-0.508 0.321 -0.480
-0.520 0.487 -0.482
-0.541 0.649 -0.503
-0.039 0.665 -0.363
-0.041 0.631 -0.375
-0.046 0.595 -0.376
-0.050 0.547 -0.380
-0.067 0.474 -0.376
-0.058 0.379 -0.382
-0.070 0.239 -0.355
-0.064 0.157 -0.352
-0.028 0.014 -0.355
0.034 0.013 -0.360
0.009 0.039 -0.356
0.033 0.064 -0.363
0.036 0.119 -0.369
0.035 0.228 -0.377
0.037 0.284 -0.381
0.030 0.364 -0.384
0.034 0.469 -0.394
-0.003 0.580 -0.410
-0.042 0.441 -0.395
-0.013 0.608 -0.410
0.001 0.422 -0.396
-0.066 0.031 -0.358
-0.010 0.076 -0.363
-0.064 0.121 -0.353
-0.013 0.248 -0.386
0.000 0.284 -0.389
-0.011 0.390 -0.395
-0.011 0.339 -0.392
-0.007 0.487 -0.404
-0.052 0.494 -0.392
-0.033 0.541 -0.404
-0.047 0.084 -0.366
-0.028 0.192 -0.379
0.016 0.192 -0.372
-0.017 0.128 -0.371
-0.049 0.276 -0.369
-0.423 0.671 -0.436
-0.423 0.639 -0.414
-0.431 0.617 -0.413
-0.455 0.522 -0.389
-0.480 0.467 -0.372
-0.479 0.385 -0.367
-0.476 0.339 -0.364
-0.456 0.145 -0.333
-0.462 0.120 -0.344
-0.519 0.098 -0.442
-0.526 0.200 -0.442
-0.521 0.222 -0.451
-0.528 0.274 -0.440
-0.528 0.303 -0.444
-0.528 0.326 -0.444
-0.531 0.346 -0.440
-0.531 0.364 -0.436
-0.530 0.385 -0.440
-0.527 0.448 -0.450
-0.528 0.478 -0.445
-0.526 0.489 -0.426
-0.518 0.562 -0.430
-0.501 0.595 -0.423
-0.451 0.670 -0.434
-0.514 0.466 -0.413
-0.437 0.657 -0.435
-0.468 0.042 -0.357
-0.479 0.093 -0.373
-0.504 0.173 -0.408
-0.475 0.499 -0.401
-0.483 0.549 -0.407
-0.486 0.043 -0.389
-0.506 0.269 -0.397
-0.477 0.221 -0.368
-0.512 0.313 -0.404
-0.452 0.567 -0.411
-0.489 0.423 -0.375
-0.504 0.363 -0.392
-0.506 0.087 -0.414
-0.511 0.221 -0.411
-0.523 0.409 -0.415
-0.496 0.133 -0.394
-0.456 0.618 -0.427
0.044 0.044 -0.385
0.037 0.092 -0.367
0.036 0.142 -0.369
0.036 0.168 -0.373
0.037 0.195 -0.375
0.036 0.255 -0.379
0.034 0.332 -0.382
0.037 0.390 -0.389
0.035 0.427 -0.391
0.024 0.454 -0.392
0.023 0.492 -0.396
0.025 0.520 -0.399
0.028 0.547 -0.401
-0.004 0.644 -0.411
-0.022 0.654 -0.387
-0.491 0.617 -0.422
-0.053 0.803 -0.483
-0.040 0.776 -0.405
0.016 0.753 -0.441
-0.086 0.820 -0.480
-0.155 0.846 -0.427
-0.099 0.814 -0.420
-0.063 0.815 -0.396
-0.052 0.789 -0.419
-0.016 0.766 -0.423
-0.073 0.808 -0.455
0.001 0.000 -0.469
-0.004 0.026 -0.484
0.090 0.533 -0.534
-0.001 0.792 -0.541
0.035 0.010 -0.407
0.009 0.123 -0.497
0.005 0.689 -0.407
0.006 0.003 -0.455
0.133 0.713 -0.555
0.036 0.734 -0.416
0.048 0.677 -0.416
0.029 0.277 -0.515
0.020 0.200 -0.506
0.064 0.437 -0.531
0.013 0.087 -0.461
0.020 0.137 -0.455
0.010 0.762 -0.472
0.029 0.253 -0.468
0.033 0.305 -0.479
0.042 0.267 -0.423
0.045 0.324 -0.397
0.049 0.440 -0.424
0.027 0.583 -0.404
0.091 0.613 -0.502
0.118 0.646 -0.530
0.078 0.721 -0.498
0.049 0.757 -0.526
-0.015 0.785 -0.493
0.040 0.333 -0.440
0.043 0.214 -0.414
0.046 0.388 -0.419
0.054 0.490 -0.452
0.015 0.047 -0.442
0.025 0.188 -0.461
0.044 0.392 -0.479
0.073 0.566 -0.488
0.048 0.506 -0.414
0.041 0.347 -0.518
0.040 0.108 -0.406
0.056 0.544 -0.436
0.067 0.497 -0.503
0.032 0.627 -0.407
0.052 0.444 -0.486
0.056 0.710 -0.443
0.076 0.653 -0.471
0.042 0.166 -0.411
0.056 0.604 -0.428
-0.464 0.721 -0.570
-0.383 0.763 -0.543
-0.441 0.730 -0.567
-0.478 0.715 -0.571
-0.483 0.720 -0.431
-0.460 0.772 -0.449
-0.357 0.827 -0.419
-0.380 0.795 -0.490
-0.407 0.801 -0.441
-0.489 0.741 -0.463
-0.479 0.759 -0.497
-0.474 0.733 -0.542
-0.516 0.713 -0.488
-0.277 0.761 -0.346
-0.254 0.730 -0.350
-0.163 0.741 -0.337
-0.120 0.741 -0.328
-0.378 0.767 -0.364
-0.289 0.847 -0.443
-0.352 0.755 -0.364
-0.370 0.834 -0.377
-0.327 0.833 -0.438
-0.330 0.786 -0.355
-0.096 0.817 -0.403
-0.319 0.829 -0.380
-0.194 0.746 -0.341
-0.099 0.807 -0.353
-0.247 0.876 -0.402
-0.150 0.788 -0.339
-0.165 0.820 -0.362
-0.230 0.754 -0.346
-0.289 0.806 -0.354
-0.257 0.840 -0.370
-0.219 0.799 -0.353
-0.194 0.867 -0.395
-0.137 0.835 -0.414
-0.286 0.841 -0.402
-0.418 0.051 -0.269
-0.454 0.068 -0.328
-0.317 0.733 -0.359
-0.222 0.061 -0.310
-0.408 0.693 -0.370
-0.180 0.022 -0.319
-0.089 0.075 -0.344
-0.057 0.632 -0.343
-0.138 0.703 -0.335
-0.478 0.161 -0.364
-0.379 0.055 -0.259
-0.300 0.704 -0.358
-0.104 0.137 -0.334
-0.082 0.330 -0.361
-0.436 0.582 -0.399
-0.249 0.029 -0.306
-0.075 0.432 -0.368
-0.085 0.477 -0.338
-0.190 0.680 -0.349
-0.112 0.267 -0.326
-0.159 0.224 -0.317
-0.085 0.204 -0.342
-0.310 0.047 -0.306
-0.414 0.476 -0.333
-0.089 0.379 -0.345
-0.456 0.096 -0.332
-0.404 0.400 -0.317
-0.164 0.617 -0.356
-0.156 0.161 -0.317
-0.170 0.104 -0.317
-0.114 0.028 -0.340
-0.151 0.059 -0.326
-0.074 0.586 -0.336
-0.436 0.352 -0.327
-0.432 0.611 -0.372
-0.418 0.575 -0.352
-0.450 0.251 -0.335
-0.450 0.533 -0.361
-0.396 0.532 -0.342
-0.178 0.273 -0.322
-0.130 0.649 -0.346
-0.362 0.709 -0.371
-0.344 0.633 -0.378
-0.323 0.662 -0.373
-0.251 0.099 -0.308
-0.073 0.674 -0.330
-0.457 0.294 -0.350
-0.424 0.303 -0.312
-0.403 0.266 -0.293
-0.370 0.304 -0.307
-0.120 0.311 -0.324
-0.167 0.344 -0.332
-0.256 0.688 -0.355
-0.076 0.526 -0.341
-0.188 0.510 -0.357
-0.132 0.478 -0.338
-0.132 0.555 -0.345
-0.418 0.126 -0.280
-0.330 0.185 -0.320
-0.377 0.174 -0.278
-0.367 0.111 -0.276
-0.321 0.121 -0.314
-0.251 0.165 -0.312
-0.459 0.188 -0.336
-0.447 0.428 -0.341
-0.390 0.345 -0.307
-0.337 0.326 -0.340
-0.369 0.401 -0.328
-0.328 0.481 -0.367
-0.332 0.429 -0.360
-0.375 0.471 -0.338
-0.386 0.601 -0.356
-0.219 0.210 -0.318
-0.423 0.196 -0.295
-0.099 0.434 -0.333
-0.122 0.382 -0.327
-0.374 0.228 -0.289
-0.331 0.252 -0.331
-0.269 0.519 -0.360
-0.262 0.464 -0.354
-0.342 0.540 -0.372
-0.278 0.230 -0.321
-0.244 0.639 -0.360
-0.323 0.576 -0.376
-0.211 0.348 -0.339
-0.306 0.362 -0.347
-0.269 0.393 -0.344
-0.219 0.413 -0.349
-0.274 0.305 -0.330
-0.216 0.586 -0.363
-0.280 0.591 -0.364
-0.173 0.433 -0.347
-0.230 0.290 -0.329
-0.402 0.711 -0.381
-0.404 0.643 -0.360
