-0.522 0.036 -0.478
-0.522 0.076 -0.471
-0.521 0.116 -0.477
-0.524 0.151 -0.472
-0.523 0.174 -0.477
-0.529 0.238 -0.468
-0.518 0.260 -0.486
-0.535 0.416 -0.456
-0.529 0.518 -0.453
-0.575 0.518 -0.575
-0.534 0.387 -0.586
-0.471 0.037 -0.562
-0.505 0.256 -0.581
-0.611 0.665 -0.583
-0.492 0.665 -0.445
-0.512 0.676 -0.461
-0.480 0.094 -0.579
-0.549 0.447 -0.580
-0.545 0.512 -0.549
-0.530 0.560 -0.464
-0.516 0.072 -0.487
-0.524 0.677 -0.487
-0.497 0.178 -0.583
-0.503 0.207 -0.550
-0.515 0.315 -0.582
-0.518 0.406 -0.506
-0.603 0.593 -0.564
-0.567 0.595 -0.539
-0.576 0.691 -0.550
-0.522 0.617 -0.459
-0.484 0.086 -0.525
-0.490 0.138 -0.557
-0.500 0.207 -0.510
-0.495 0.150 -0.509
-0.509 0.280 -0.525
-0.519 0.360 -0.554
-0.530 0.426 -0.548
-0.533 0.559 -0.507
-0.512 0.319 -0.502
-0.525 0.485 -0.499
-0.548 0.648 -0.515
-0.039 0.660 -0.381
-0.040 0.626 -0.394
-0.045 0.591 -0.396
-0.049 0.543 -0.401
-0.066 0.469 -0.399
-0.058 0.375 -0.408
-0.070 0.234 -0.384
-0.064 0.152 -0.384
-0.028 0.009 -0.390
0.034 0.008 -0.395
0.009 0.034 -0.390
0.033 0.059 -0.396
0.036 0.115 -0.401
0.036 0.223 -0.405
0.038 0.280 -0.408
0.030 0.360 -0.408
0.035 0.464 -0.415
-0.001 0.576 -0.429
-0.041 0.437 -0.419
-0.011 0.604 -0.428
0.002 0.418 -0.419
-0.066 0.026 -0.393
-0.010 0.071 -0.396
-0.064 0.116 -0.387
-0.013 0.244 -0.415
0.001 0.280 -0.416
-0.010 0.385 -0.420
-0.010 0.335 -0.418
-0.006 0.483 -0.425
-0.051 0.490 -0.415
-0.031 0.537 -0.425
-0.047 0.079 -0.400
-0.028 0.188 -0.409
0.017 0.187 -0.401
-0.017 0.124 -0.404
-0.048 0.271 -0.397
-0.426 0.668 -0.452
-0.425 0.636 -0.431
-0.433 0.613 -0.430
-0.457 0.518 -0.408
-0.481 0.462 -0.391
-0.480 0.380 -0.388
-0.477 0.334 -0.386
-0.457 0.139 -0.362
-0.463 0.115 -0.373
-0.522 0.096 -0.471
-0.529 0.197 -0.468
-0.524 0.220 -0.476
-0.531 0.271 -0.464
-0.531 0.301 -0.467
-0.531 0.323 -0.465
-0.534 0.344 -0.461
-0.534 0.362 -0.457
-0.533 0.382 -0.460
-0.530 0.445 -0.469
-0.532 0.476 -0.463
-0.529 0.486 -0.443
-0.521 0.559 -0.445
-0.504 0.591 -0.439
-0.454 0.667 -0.449
-0.516 0.463 -0.432
-0.441 0.654 -0.451
-0.469 0.037 -0.388
-0.480 0.088 -0.402
-0.507 0.170 -0.434
-0.477 0.496 -0.419
-0.485 0.545 -0.424
-0.488 0.039 -0.420
-0.508 0.265 -0.421
-0.479 0.217 -0.394
-0.515 0.309 -0.426
-0.454 0.563 -0.429
-0.490 0.418 -0.395
-0.506 0.359 -0.414
-0.509 0.083 -0.443
-0.513 0.217 -0.436
-0.525 0.406 -0.435
-0.498 0.129 -0.422
-0.458 0.615 -0.443
0.044 0.040 -0.419
0.037 0.087 -0.400
0.036 0.137 -0.400
0.037 0.163 -0.403
0.037 0.190 -0.404
0.036 0.251 -0.406
0.034 0.328 -0.407
0.038 0.385 -0.413
0.036 0.423 -0.413
0.025 0.450 -0.414
0.024 0.487 -0.417
0.027 0.516 -0.419
0.030 0.543 -0.420
-0.002 0.640 -0.428
-0.021 0.649 -0.405
-0.493 0.614 -0.437
-0.049 0.803 -0.494
-0.038 0.773 -0.416
0.020 0.751 -0.453
-0.082 0.821 -0.490
-0.155 0.846 -0.437
-0.097 0.813 -0.431
-0.062 0.812 -0.406
-0.050 0.787 -0.431
-0.013 0.764 -0.434
-0.070 0.807 -0.465
0.002 -0.001 -0.505
-0.002 0.025 -0.520
0.097 0.532 -0.551
0.005 0.793 -0.551
0.036 0.006 -0.442
0.012 0.122 -0.529
0.007 0.685 -0.422
0.008 0.001 -0.491
0.143 0.713 -0.565
0.039 0.730 -0.427
0.050 0.673 -0.430
0.033 0.277 -0.542
0.023 0.199 -0.536
0.070 0.436 -0.552
0.014 0.085 -0.494
0.022 0.134 -0.486
0.015 0.761 -0.483
0.032 0.251 -0.496
0.036 0.304 -0.505
0.044 0.264 -0.449
0.046 0.320 -0.422
0.051 0.437 -0.446
0.029 0.579 -0.422
0.097 0.612 -0.516
0.125 0.646 -0.542
0.084 0.721 -0.509
0.056 0.758 -0.536
-0.010 0.785 -0.504
0.043 0.330 -0.465
0.045 0.210 -0.443
0.048 0.384 -0.442
0.057 0.487 -0.472
0.016 0.044 -0.476
0.028 0.186 -0.491
0.048 0.390 -0.502
0.078 0.565 -0.504
0.050 0.503 -0.434
0.046 0.346 -0.543
0.040 0.105 -0.437
0.059 0.541 -0.454
0.072 0.496 -0.522
0.033 0.623 -0.424
0.056 0.443 -0.508
0.059 0.707 -0.455
0.081 0.651 -0.485
0.043 0.163 -0.441
0.058 0.601 -0.444
-0.471 0.722 -0.581
-0.388 0.764 -0.554
-0.447 0.731 -0.578
-0.485 0.716 -0.581
-0.486 0.716 -0.443
-0.463 0.769 -0.459
-0.358 0.825 -0.429
-0.384 0.795 -0.500
-0.410 0.799 -0.451
-0.494 0.739 -0.473
-0.484 0.759 -0.506
-0.480 0.733 -0.552
-0.521 0.712 -0.499
-0.277 0.755 -0.361
-0.254 0.724 -0.366
-0.163 0.735 -0.353
-0.120 0.735 -0.344
-0.378 0.762 -0.378
-0.289 0.847 -0.453
-0.353 0.751 -0.378
-0.370 0.830 -0.386
-0.328 0.833 -0.449
-0.330 0.781 -0.369
-0.095 0.815 -0.414
-0.319 0.826 -0.391
-0.194 0.740 -0.357
-0.099 0.802 -0.364
-0.248 0.873 -0.411
-0.150 0.782 -0.353
-0.165 0.816 -0.374
-0.230 0.749 -0.361
-0.289 0.801 -0.367
-0.257 0.836 -0.381
-0.219 0.793 -0.367
-0.194 0.865 -0.404
-0.137 0.833 -0.424
-0.286 0.839 -0.412
-0.418 0.044 -0.301
-0.454 0.062 -0.358
-0.317 0.728 -0.374
-0.221 0.055 -0.343
-0.408 0.688 -0.386
-0.180 0.016 -0.354
-0.089 0.070 -0.378
-0.057 0.626 -0.362
-0.138 0.697 -0.352
-0.480 0.156 -0.391
-0.379 0.048 -0.292
-0.301 0.699 -0.375
-0.103 0.132 -0.366
-0.081 0.325 -0.389
-0.438 0.578 -0.417
-0.249 0.022 -0.340
-0.075 0.427 -0.393
-0.085 0.472 -0.362
-0.190 0.675 -0.368
-0.111 0.261 -0.355
-0.159 0.218 -0.347
-0.084 0.198 -0.371
-0.309 0.041 -0.339
-0.414 0.470 -0.354
-0.089 0.374 -0.371
-0.456 0.091 -0.362
-0.404 0.394 -0.340
-0.164 0.612 -0.376
-0.156 0.155 -0.348
-0.170 0.098 -0.349
-0.114 0.023 -0.375
-0.150 0.053 -0.359
-0.074 0.581 -0.357
-0.436 0.346 -0.351
-0.433 0.607 -0.389
-0.418 0.570 -0.370
-0.450 0.246 -0.361
-0.451 0.528 -0.379
-0.396 0.527 -0.362
-0.178 0.267 -0.351
-0.130 0.644 -0.365
-0.362 0.704 -0.387
-0.344 0.629 -0.396
-0.324 0.658 -0.390
-0.251 0.093 -0.340
-0.073 0.668 -0.348
-0.458 0.289 -0.374
-0.424 0.297 -0.337
-0.402 0.259 -0.320
-0.369 0.298 -0.333
-0.120 0.305 -0.352
-0.167 0.338 -0.359
-0.256 0.683 -0.373
-0.076 0.520 -0.363
-0.188 0.505 -0.380
-0.132 0.473 -0.362
-0.132 0.549 -0.367
-0.418 0.120 -0.310
-0.330 0.179 -0.349
-0.377 0.167 -0.307
-0.366 0.104 -0.307
-0.320 0.115 -0.345
-0.250 0.159 -0.343
-0.459 0.183 -0.364
-0.448 0.423 -0.363
-0.389 0.339 -0.331
-0.337 0.320 -0.366
-0.368 0.396 -0.351
-0.328 0.476 -0.389
-0.332 0.423 -0.383
-0.375 0.465 -0.360
-0.386 0.596 -0.375
-0.218 0.204 -0.347
-0.422 0.190 -0.323
-0.099 0.428 -0.358
-0.122 0.376 -0.353
-0.374 0.221 -0.317
-0.331 0.246 -0.359
-0.269 0.514 -0.382
-0.262 0.459 -0.377
-0.342 0.535 -0.393
-0.277 0.224 -0.349
-0.244 0.634 -0.380
-0.324 0.571 -0.396
-0.211 0.343 -0.365
-0.306 0.357 -0.373
-0.269 0.388 -0.369
-0.220 0.408 -0.374
-0.274 0.299 -0.357
-0.216 0.581 -0.384
-0.281 0.586 -0.384
-0.173 0.428 -0.372
-0.230 0.284 -0.357
-0.403 0.707 -0.397
-0.405 0.638 -0.377
