-0.526 0.034 -0.509
-0.526 0.074 -0.501
-0.526 0.114 -0.506
-0.528 0.149 -0.500
-0.527 0.172 -0.503
-0.533 0.236 -0.493
-0.523 0.258 -0.511
-0.538 0.414 -0.476
-0.532 0.515 -0.470
-0.583 0.518 -0.590
-0.542 0.388 -0.607
-0.478 0.037 -0.594
-0.512 0.258 -0.606
-0.620 0.665 -0.593
-0.495 0.662 -0.460
-0.515 0.673 -0.474
-0.488 0.095 -0.610
-0.557 0.448 -0.598
-0.552 0.512 -0.565
-0.533 0.557 -0.480
-0.521 0.070 -0.517
-0.529 0.676 -0.499
-0.505 0.179 -0.611
-0.509 0.207 -0.577
-0.522 0.316 -0.605
-0.523 0.405 -0.526
-0.611 0.593 -0.576
-0.574 0.594 -0.552
-0.584 0.691 -0.560
-0.526 0.615 -0.474
-0.490 0.085 -0.556
-0.497 0.138 -0.586
-0.506 0.206 -0.537
-0.500 0.149 -0.538
-0.515 0.279 -0.550
-0.526 0.360 -0.576
-0.536 0.426 -0.568
-0.539 0.558 -0.523
-0.517 0.318 -0.525
-0.530 0.484 -0.517
-0.554 0.647 -0.528
-0.038 0.655 -0.399
-0.039 0.622 -0.413
-0.044 0.587 -0.416
-0.048 0.539 -0.424
-0.065 0.465 -0.424
-0.057 0.371 -0.435
-0.069 0.229 -0.415
-0.063 0.147 -0.417
-0.027 0.004 -0.427
0.034 0.004 -0.431
0.009 0.030 -0.426
0.033 0.054 -0.431
0.037 0.111 -0.434
0.036 0.219 -0.434
0.039 0.276 -0.435
0.031 0.356 -0.433
0.036 0.461 -0.437
0.001 0.573 -0.449
-0.039 0.433 -0.444
-0.010 0.601 -0.448
0.003 0.414 -0.443
-0.066 0.022 -0.429
-0.009 0.067 -0.431
-0.064 0.111 -0.421
-0.012 0.240 -0.445
0.002 0.276 -0.444
-0.009 0.382 -0.445
-0.009 0.331 -0.445
-0.005 0.480 -0.448
-0.050 0.487 -0.438
-0.030 0.533 -0.446
-0.047 0.076 -0.435
-0.027 0.184 -0.440
0.017 0.183 -0.432
-0.016 0.120 -0.437
-0.048 0.267 -0.427
-0.429 0.666 -0.467
-0.428 0.633 -0.447
-0.435 0.610 -0.447
-0.458 0.514 -0.428
-0.482 0.458 -0.412
-0.481 0.376 -0.411
-0.478 0.330 -0.410
-0.457 0.134 -0.392
-0.464 0.110 -0.404
-0.527 0.094 -0.500
-0.533 0.195 -0.494
-0.529 0.218 -0.502
-0.534 0.269 -0.488
-0.535 0.299 -0.490
-0.535 0.321 -0.488
-0.537 0.341 -0.482
-0.538 0.359 -0.478
-0.536 0.380 -0.481
-0.534 0.443 -0.488
-0.535 0.473 -0.481
-0.532 0.483 -0.461
-0.524 0.556 -0.461
-0.506 0.588 -0.454
-0.458 0.665 -0.464
-0.518 0.460 -0.451
-0.444 0.652 -0.466
-0.471 0.033 -0.421
-0.482 0.084 -0.433
-0.509 0.167 -0.462
-0.479 0.492 -0.439
-0.487 0.542 -0.442
-0.491 0.036 -0.451
-0.510 0.261 -0.446
-0.480 0.212 -0.421
-0.517 0.306 -0.450
-0.456 0.560 -0.447
-0.491 0.414 -0.416
-0.508 0.355 -0.436
-0.512 0.081 -0.473
-0.516 0.214 -0.462
-0.527 0.403 -0.455
-0.500 0.126 -0.451
-0.461 0.612 -0.460
0.045 0.036 -0.454
0.038 0.083 -0.433
0.037 0.133 -0.432
0.038 0.159 -0.434
0.038 0.186 -0.435
0.037 0.247 -0.435
0.035 0.324 -0.434
0.039 0.381 -0.437
0.037 0.419 -0.436
0.026 0.446 -0.437
0.026 0.484 -0.439
0.028 0.512 -0.439
0.031 0.540 -0.440
-0.000 0.637 -0.446
-0.020 0.645 -0.423
-0.496 0.611 -0.452
-0.045 0.804 -0.504
-0.037 0.770 -0.428
0.023 0.748 -0.464
-0.079 0.822 -0.500
-0.155 0.846 -0.447
-0.096 0.811 -0.442
-0.062 0.809 -0.417
-0.048 0.785 -0.442
-0.011 0.762 -0.446
-0.067 0.807 -0.476
0.005 -0.002 -0.542
0.002 0.025 -0.556
0.104 0.533 -0.568
0.012 0.796 -0.561
0.037 0.003 -0.478
0.015 0.122 -0.562
0.009 0.681 -0.438
0.010 -0.000 -0.528
0.153 0.713 -0.575
0.041 0.726 -0.440
0.052 0.670 -0.445
0.038 0.277 -0.569
0.028 0.199 -0.566
0.077 0.437 -0.573
0.017 0.084 -0.528
0.025 0.133 -0.518
0.020 0.760 -0.494
0.036 0.250 -0.525
0.040 0.303 -0.532
0.046 0.261 -0.477
0.047 0.316 -0.449
0.053 0.434 -0.468
0.030 0.575 -0.440
0.103 0.611 -0.530
0.133 0.646 -0.554
0.091 0.720 -0.520
0.063 0.758 -0.546
-0.005 0.785 -0.514
0.045 0.328 -0.491
0.046 0.207 -0.472
0.049 0.381 -0.466
0.060 0.485 -0.492
0.019 0.043 -0.512
0.031 0.185 -0.521
0.052 0.389 -0.525
0.083 0.564 -0.521
0.052 0.499 -0.454
0.051 0.347 -0.568
0.042 0.102 -0.470
0.061 0.538 -0.473
0.078 0.495 -0.542
0.035 0.619 -0.441
0.061 0.442 -0.529
0.063 0.705 -0.468
0.085 0.650 -0.499
0.044 0.160 -0.472
0.061 0.598 -0.461
-0.478 0.723 -0.592
-0.394 0.765 -0.565
-0.454 0.732 -0.589
-0.493 0.717 -0.592
-0.489 0.713 -0.454
-0.466 0.767 -0.469
-0.359 0.823 -0.439
-0.387 0.796 -0.511
-0.412 0.797 -0.461
-0.498 0.737 -0.483
-0.489 0.758 -0.516
-0.486 0.734 -0.563
-0.527 0.711 -0.509
-0.277 0.750 -0.376
-0.254 0.719 -0.383
-0.163 0.729 -0.370
-0.120 0.729 -0.361
-0.378 0.758 -0.391
-0.289 0.847 -0.463
-0.353 0.746 -0.393
-0.370 0.826 -0.396
-0.329 0.832 -0.459
-0.330 0.776 -0.382
-0.095 0.812 -0.425
-0.319 0.822 -0.402
-0.194 0.735 -0.374
-0.099 0.797 -0.376
-0.248 0.871 -0.419
-0.150 0.777 -0.367
-0.165 0.811 -0.387
-0.230 0.743 -0.377
-0.289 0.796 -0.379
-0.257 0.831 -0.392
-0.219 0.788 -0.381
-0.195 0.862 -0.414
-0.137 0.832 -0.435
-0.286 0.837 -0.423
-0.417 0.037 -0.335
-0.455 0.057 -0.391
-0.317 0.723 -0.390
-0.221 0.050 -0.379
-0.409 0.684 -0.401
-0.180 0.011 -0.391
-0.088 0.065 -0.414
-0.057 0.621 -0.382
-0.138 0.691 -0.370
-0.481 0.152 -0.420
-0.378 0.041 -0.326
-0.301 0.694 -0.392
-0.103 0.127 -0.400
-0.081 0.321 -0.417
-0.440 0.575 -0.435
-0.248 0.017 -0.376
-0.074 0.423 -0.418
-0.085 0.467 -0.387
-0.190 0.670 -0.387
-0.111 0.256 -0.385
-0.158 0.212 -0.378
-0.084 0.194 -0.403
-0.309 0.035 -0.374
-0.413 0.464 -0.376
-0.089 0.369 -0.398
-0.457 0.085 -0.394
-0.403 0.388 -0.364
-0.164 0.607 -0.397
-0.155 0.150 -0.381
-0.169 0.093 -0.384
-0.113 0.018 -0.412
-0.150 0.048 -0.395
-0.074 0.575 -0.379
-0.436 0.340 -0.376
-0.433 0.602 -0.406
-0.418 0.565 -0.389
-0.451 0.241 -0.388
-0.451 0.524 -0.399
-0.395 0.522 -0.383
-0.178 0.261 -0.381
-0.130 0.638 -0.385
-0.363 0.700 -0.403
-0.345 0.625 -0.415
-0.324 0.653 -0.408
-0.251 0.087 -0.375
-0.074 0.662 -0.367
-0.459 0.284 -0.400
-0.424 0.291 -0.364
-0.401 0.253 -0.348
-0.369 0.292 -0.361
-0.120 0.300 -0.382
-0.167 0.333 -0.387
-0.256 0.678 -0.391
-0.076 0.515 -0.387
-0.188 0.500 -0.404
-0.132 0.467 -0.387
-0.132 0.544 -0.390
-0.417 0.113 -0.342
-0.329 0.174 -0.381
-0.376 0.160 -0.338
-0.366 0.097 -0.340
-0.320 0.109 -0.378
-0.250 0.153 -0.375
-0.460 0.178 -0.392
-0.448 0.417 -0.385
-0.389 0.333 -0.358
-0.337 0.315 -0.394
-0.368 0.390 -0.376
-0.329 0.472 -0.413
-0.332 0.419 -0.408
-0.375 0.460 -0.384
-0.387 0.591 -0.394
-0.218 0.198 -0.379
-0.422 0.183 -0.353
-0.099 0.423 -0.384
-0.122 0.371 -0.381
-0.373 0.215 -0.347
-0.330 0.241 -0.388
-0.269 0.509 -0.405
-0.263 0.454 -0.402
-0.343 0.531 -0.415
-0.277 0.218 -0.380
-0.244 0.629 -0.400
-0.324 0.567 -0.416
-0.211 0.338 -0.394
-0.306 0.352 -0.400
-0.269 0.383 -0.396
-0.220 0.403 -0.400
-0.274 0.294 -0.386
-0.216 0.576 -0.405
-0.281 0.582 -0.405
-0.173 0.423 -0.398
-0.230 0.279 -0.386
-0.403 0.703 -0.412
-0.405 0.633 -0.395
