-0.532 0.033 -0.540
-0.531 0.072 -0.531
-0.531 0.113 -0.536
-0.533 0.147 -0.528
-0.532 0.171 -0.531
-0.537 0.235 -0.518
-0.528 0.257 -0.536
-0.541 0.411 -0.496
-0.535 0.513 -0.488
-0.590 0.519 -0.605
-0.550 0.389 -0.627
-0.487 0.039 -0.628
-0.521 0.259 -0.632
-0.630 0.665 -0.603
-0.498 0.659 -0.474
-0.519 0.671 -0.487
-0.497 0.097 -0.641
-0.565 0.449 -0.616
-0.559 0.512 -0.582
-0.537 0.555 -0.496
-0.526 0.070 -0.548
-0.534 0.674 -0.512
-0.514 0.181 -0.639
-0.517 0.208 -0.604
-0.530 0.318 -0.629
-0.528 0.405 -0.548
-0.619 0.593 -0.588
-0.581 0.594 -0.565
-0.592 0.691 -0.570
-0.529 0.612 -0.489
-0.497 0.085 -0.587
-0.505 0.140 -0.616
-0.512 0.206 -0.564
-0.507 0.149 -0.567
-0.521 0.279 -0.575
-0.533 0.361 -0.598
-0.543 0.427 -0.588
-0.544 0.557 -0.539
-0.522 0.317 -0.549
-0.535 0.483 -0.536
-0.560 0.646 -0.540
-0.037 0.651 -0.418
-0.038 0.618 -0.433
-0.043 0.583 -0.438
-0.047 0.535 -0.446
-0.064 0.462 -0.449
-0.056 0.368 -0.462
-0.068 0.226 -0.447
-0.062 0.144 -0.451
-0.027 0.001 -0.465
0.035 0.001 -0.469
0.010 0.027 -0.463
0.034 0.051 -0.467
0.038 0.107 -0.467
0.037 0.216 -0.465
0.040 0.273 -0.464
0.032 0.352 -0.459
0.037 0.457 -0.460
0.003 0.570 -0.469
-0.038 0.430 -0.469
-0.007 0.598 -0.467
0.004 0.411 -0.469
-0.065 0.018 -0.467
-0.008 0.064 -0.467
-0.063 0.108 -0.456
-0.011 0.237 -0.475
0.003 0.273 -0.474
-0.008 0.379 -0.472
-0.008 0.328 -0.472
-0.003 0.477 -0.471
-0.048 0.484 -0.463
-0.028 0.531 -0.469
-0.046 0.073 -0.471
-0.026 0.181 -0.473
0.018 0.180 -0.464
-0.015 0.117 -0.471
-0.047 0.264 -0.457
-0.432 0.664 -0.483
-0.431 0.630 -0.464
-0.438 0.608 -0.465
-0.460 0.511 -0.448
-0.482 0.454 -0.433
-0.482 0.372 -0.435
-0.479 0.326 -0.435
-0.458 0.129 -0.424
-0.465 0.106 -0.436
-0.532 0.093 -0.530
-0.537 0.194 -0.521
-0.533 0.217 -0.528
-0.538 0.267 -0.512
-0.539 0.297 -0.514
-0.539 0.319 -0.511
-0.541 0.339 -0.505
-0.541 0.357 -0.500
-0.540 0.378 -0.502
-0.537 0.441 -0.507
-0.538 0.471 -0.500
-0.534 0.481 -0.479
-0.526 0.554 -0.478
-0.509 0.585 -0.471
-0.461 0.662 -0.479
-0.521 0.457 -0.471
-0.447 0.650 -0.482
-0.473 0.029 -0.455
-0.484 0.081 -0.465
-0.513 0.165 -0.491
-0.480 0.489 -0.459
-0.489 0.539 -0.460
-0.494 0.033 -0.485
-0.513 0.259 -0.472
-0.482 0.209 -0.449
-0.519 0.303 -0.474
-0.459 0.557 -0.465
-0.492 0.410 -0.438
-0.510 0.352 -0.459
-0.516 0.079 -0.504
-0.519 0.212 -0.489
-0.530 0.400 -0.476
-0.503 0.123 -0.482
-0.464 0.610 -0.476
0.046 0.034 -0.489
0.038 0.080 -0.468
0.038 0.129 -0.465
0.038 0.156 -0.466
0.039 0.183 -0.466
0.038 0.244 -0.464
0.036 0.321 -0.461
0.040 0.378 -0.462
0.038 0.416 -0.460
0.027 0.443 -0.461
0.027 0.480 -0.461
0.029 0.509 -0.461
0.033 0.536 -0.460
0.002 0.634 -0.464
-0.018 0.642 -0.441
-0.499 0.608 -0.468
-0.041 0.805 -0.515
-0.035 0.767 -0.440
0.027 0.746 -0.476
-0.075 0.823 -0.511
-0.154 0.846 -0.457
-0.095 0.810 -0.453
-0.061 0.806 -0.428
-0.046 0.782 -0.453
-0.008 0.759 -0.457
-0.064 0.807 -0.487
0.009 -0.001 -0.580
0.006 0.026 -0.593
0.111 0.533 -0.585
0.019 0.798 -0.571
0.039 0.002 -0.516
0.020 0.123 -0.596
0.011 0.678 -0.454
0.014 -0.000 -0.566
0.163 0.713 -0.585
0.044 0.722 -0.452
0.054 0.666 -0.460
0.044 0.278 -0.598
0.033 0.200 -0.597
0.083 0.438 -0.595
0.021 0.084 -0.563
0.028 0.133 -0.552
0.025 0.759 -0.505
0.040 0.250 -0.554
0.044 0.303 -0.559
0.048 0.259 -0.506
0.048 0.314 -0.475
0.055 0.432 -0.491
0.032 0.572 -0.460
0.109 0.610 -0.545
0.140 0.646 -0.566
0.097 0.719 -0.531
0.070 0.759 -0.556
-0.000 0.786 -0.525
0.048 0.327 -0.518
0.048 0.205 -0.503
0.051 0.379 -0.491
0.063 0.483 -0.513
0.021 0.042 -0.548
0.034 0.185 -0.553
0.057 0.389 -0.550
0.088 0.563 -0.539
0.054 0.497 -0.475
0.057 0.347 -0.594
0.044 0.100 -0.504
0.064 0.536 -0.492
0.083 0.495 -0.561
0.037 0.616 -0.459
0.066 0.442 -0.552
0.067 0.702 -0.480
0.090 0.648 -0.513
0.046 0.158 -0.504
0.063 0.595 -0.478
-0.485 0.724 -0.602
-0.399 0.766 -0.576
-0.461 0.733 -0.600
-0.500 0.718 -0.603
-0.493 0.710 -0.466
-0.469 0.765 -0.479
-0.360 0.821 -0.449
-0.391 0.796 -0.521
-0.414 0.796 -0.471
-0.502 0.736 -0.494
-0.494 0.758 -0.526
-0.493 0.735 -0.573
-0.532 0.710 -0.520
-0.277 0.745 -0.392
-0.254 0.714 -0.400
-0.163 0.724 -0.387
-0.120 0.723 -0.377
-0.378 0.753 -0.405
-0.289 0.847 -0.473
-0.353 0.742 -0.407
-0.370 0.822 -0.406
-0.329 0.831 -0.469
-0.330 0.771 -0.396
-0.094 0.810 -0.437
-0.320 0.818 -0.413
-0.194 0.729 -0.391
-0.099 0.793 -0.389
-0.248 0.868 -0.428
-0.151 0.771 -0.382
-0.165 0.807 -0.399
-0.230 0.738 -0.394
-0.289 0.791 -0.392
-0.257 0.827 -0.403
-0.219 0.783 -0.395
-0.195 0.859 -0.423
-0.136 0.831 -0.445
-0.286 0.834 -0.433
-0.416 0.031 -0.371
-0.456 0.053 -0.425
-0.317 0.718 -0.406
-0.220 0.045 -0.417
-0.409 0.680 -0.417
-0.179 0.007 -0.430
-0.088 0.061 -0.451
-0.057 0.616 -0.403
-0.138 0.686 -0.389
-0.483 0.148 -0.450
-0.376 0.034 -0.363
-0.301 0.690 -0.410
-0.103 0.123 -0.435
-0.080 0.317 -0.447
-0.441 0.572 -0.454
-0.248 0.012 -0.415
-0.073 0.419 -0.445
-0.085 0.462 -0.413
-0.191 0.665 -0.407
-0.111 0.252 -0.417
-0.158 0.208 -0.412
-0.083 0.190 -0.436
-0.308 0.030 -0.412
-0.413 0.459 -0.399
-0.089 0.365 -0.427
-0.458 0.081 -0.427
-0.403 0.383 -0.390
-0.164 0.603 -0.418
-0.155 0.145 -0.416
-0.169 0.089 -0.420
-0.113 0.014 -0.450
-0.149 0.044 -0.433
-0.074 0.571 -0.401
-0.436 0.335 -0.402
-0.434 0.598 -0.424
-0.418 0.560 -0.409
-0.451 0.236 -0.417
-0.451 0.519 -0.419
-0.395 0.517 -0.405
-0.177 0.257 -0.413
-0.130 0.634 -0.406
-0.363 0.695 -0.419
-0.345 0.621 -0.434
-0.324 0.649 -0.427
-0.250 0.082 -0.412
-0.074 0.657 -0.386
-0.459 0.280 -0.427
-0.423 0.286 -0.392
-0.401 0.247 -0.378
-0.368 0.286 -0.391
-0.119 0.296 -0.413
-0.167 0.328 -0.418
-0.257 0.673 -0.410
-0.076 0.511 -0.411
-0.189 0.496 -0.429
-0.132 0.463 -0.413
-0.132 0.540 -0.413
-0.416 0.107 -0.375
-0.329 0.169 -0.414
-0.375 0.154 -0.372
-0.364 0.091 -0.375
-0.320 0.104 -0.414
-0.250 0.148 -0.411
-0.461 0.173 -0.423
-0.448 0.413 -0.409
-0.388 0.327 -0.386
-0.337 0.310 -0.423
-0.368 0.385 -0.403
-0.329 0.468 -0.437
-0.332 0.415 -0.434
-0.375 0.455 -0.408
-0.387 0.587 -0.413
-0.218 0.193 -0.413
-0.421 0.178 -0.384
-0.099 0.419 -0.411
-0.122 0.367 -0.410
-0.372 0.209 -0.379
-0.330 0.236 -0.420
-0.269 0.505 -0.429
-0.263 0.450 -0.428
-0.343 0.527 -0.437
-0.277 0.213 -0.413
-0.244 0.625 -0.420
-0.325 0.563 -0.438
-0.211 0.334 -0.423
-0.306 0.348 -0.428
-0.269 0.378 -0.424
-0.220 0.399 -0.428
-0.273 0.289 -0.417
-0.216 0.572 -0.428
-0.281 0.578 -0.426
-0.173 0.419 -0.425
-0.230 0.274 -0.418
-0.404 0.699 -0.427
-0.405 0.629 -0.412
