-0.538 0.033 -0.573
-0.537 0.072 -0.562
-0.536 0.113 -0.566
-0.538 0.147 -0.557
-0.537 0.171 -0.560
-0.542 0.234 -0.545
-0.533 0.257 -0.562
-0.544 0.410 -0.517
-0.538 0.511 -0.506
-0.598 0.520 -0.620
-0.558 0.392 -0.649
-0.497 0.041 -0.662
-0.530 0.262 -0.658
-0.640 0.665 -0.613
-0.501 0.656 -0.489
-0.523 0.669 -0.500
-0.508 0.100 -0.673
-0.573 0.451 -0.635
-0.566 0.513 -0.599
-0.540 0.553 -0.513
-0.533 0.070 -0.580
-0.539 0.673 -0.524
-0.524 0.184 -0.668
-0.525 0.210 -0.632
-0.539 0.320 -0.653
-0.533 0.405 -0.569
-0.627 0.593 -0.599
-0.588 0.594 -0.578
-0.600 0.691 -0.580
-0.533 0.610 -0.504
-0.505 0.086 -0.619
-0.514 0.142 -0.647
-0.518 0.206 -0.593
-0.514 0.149 -0.597
-0.527 0.280 -0.600
-0.540 0.362 -0.621
-0.549 0.428 -0.608
-0.550 0.557 -0.555
-0.527 0.317 -0.574
-0.539 0.483 -0.555
-0.566 0.646 -0.552
-0.037 0.647 -0.437
-0.037 0.615 -0.454
-0.042 0.580 -0.459
-0.046 0.532 -0.470
-0.063 0.459 -0.475
-0.054 0.366 -0.491
-0.068 0.223 -0.480
-0.061 0.141 -0.487
-0.026 -0.001 -0.504
0.036 -0.001 -0.507
0.011 0.024 -0.501
0.035 0.049 -0.503
0.039 0.105 -0.502
0.038 0.214 -0.496
0.041 0.270 -0.493
0.033 0.350 -0.486
0.039 0.455 -0.483
0.005 0.568 -0.490
-0.036 0.428 -0.495
-0.005 0.596 -0.487
0.006 0.409 -0.494
-0.064 0.017 -0.507
-0.007 0.062 -0.504
-0.062 0.106 -0.493
-0.009 0.235 -0.507
0.004 0.271 -0.504
-0.006 0.377 -0.499
-0.007 0.326 -0.501
-0.001 0.475 -0.495
-0.047 0.481 -0.488
-0.026 0.529 -0.492
-0.044 0.071 -0.508
-0.025 0.179 -0.506
0.019 0.178 -0.497
-0.014 0.115 -0.507
-0.046 0.262 -0.489
-0.435 0.663 -0.499
-0.433 0.628 -0.481
-0.440 0.605 -0.483
-0.461 0.508 -0.469
-0.483 0.450 -0.455
-0.483 0.368 -0.459
-0.480 0.322 -0.462
-0.459 0.126 -0.457
-0.466 0.103 -0.469
-0.537 0.092 -0.560
-0.542 0.193 -0.548
-0.538 0.216 -0.555
-0.542 0.266 -0.538
-0.543 0.296 -0.538
-0.543 0.318 -0.535
-0.544 0.338 -0.528
-0.544 0.356 -0.523
-0.543 0.377 -0.524
-0.541 0.440 -0.528
-0.542 0.470 -0.519
-0.537 0.478 -0.499
-0.529 0.551 -0.495
-0.512 0.583 -0.488
-0.464 0.661 -0.494
-0.523 0.454 -0.491
-0.450 0.648 -0.498
-0.475 0.026 -0.490
-0.487 0.079 -0.499
-0.516 0.163 -0.520
-0.482 0.486 -0.480
-0.491 0.536 -0.479
-0.498 0.031 -0.519
-0.515 0.256 -0.499
-0.483 0.206 -0.479
-0.522 0.301 -0.499
-0.461 0.555 -0.484
-0.493 0.407 -0.461
-0.511 0.349 -0.484
-0.520 0.077 -0.535
-0.523 0.210 -0.517
-0.532 0.398 -0.498
-0.506 0.121 -0.513
-0.467 0.608 -0.493
0.048 0.033 -0.526
0.040 0.078 -0.503
0.039 0.127 -0.499
0.040 0.154 -0.499
0.040 0.181 -0.498
0.039 0.241 -0.494
0.037 0.318 -0.489
0.042 0.376 -0.488
0.039 0.413 -0.485
0.029 0.440 -0.485
0.029 0.478 -0.484
0.031 0.506 -0.483
0.034 0.534 -0.481
0.005 0.631 -0.483
-0.017 0.638 -0.460
-0.501 0.605 -0.485
-0.036 0.805 -0.525
-0.033 0.764 -0.452
0.030 0.744 -0.488
-0.071 0.824 -0.520
-0.154 0.846 -0.467
-0.093 0.808 -0.464
-0.060 0.804 -0.438
-0.044 0.780 -0.465
-0.005 0.757 -0.469
-0.061 0.806 -0.498
0.013 0.000 -0.619
0.011 0.028 -0.632
0.118 0.534 -0.603
0.026 0.800 -0.580
0.041 0.001 -0.553
0.025 0.125 -0.631
0.013 0.675 -0.471
0.018 0.001 -0.605
0.172 0.713 -0.595
0.047 0.719 -0.465
0.057 0.663 -0.476
0.050 0.280 -0.627
0.038 0.202 -0.629
0.090 0.439 -0.617
0.025 0.085 -0.599
0.032 0.133 -0.586
0.029 0.759 -0.516
0.044 0.250 -0.584
0.049 0.303 -0.587
0.051 0.258 -0.535
0.050 0.312 -0.503
0.058 0.430 -0.515
0.034 0.569 -0.479
0.115 0.610 -0.560
0.148 0.646 -0.578
0.104 0.719 -0.542
0.078 0.760 -0.566
0.005 0.786 -0.535
0.051 0.326 -0.545
0.051 0.204 -0.534
0.054 0.378 -0.516
0.067 0.482 -0.535
0.025 0.043 -0.585
0.038 0.185 -0.585
0.061 0.389 -0.575
0.094 0.562 -0.556
0.056 0.494 -0.496
0.063 0.349 -0.620
0.046 0.099 -0.539
0.067 0.534 -0.512
0.089 0.496 -0.582
0.039 0.613 -0.477
0.071 0.442 -0.574
0.070 0.700 -0.493
0.095 0.647 -0.527
0.049 0.157 -0.537
0.066 0.593 -0.496
-0.492 0.725 -0.613
-0.404 0.767 -0.587
-0.467 0.735 -0.611
-0.507 0.719 -0.613
-0.496 0.707 -0.479
-0.473 0.763 -0.489
-0.361 0.819 -0.459
-0.394 0.796 -0.531
-0.416 0.794 -0.481
-0.506 0.734 -0.505
-0.499 0.758 -0.536
-0.499 0.735 -0.584
-0.538 0.709 -0.531
-0.276 0.740 -0.408
-0.254 0.710 -0.418
-0.163 0.719 -0.404
-0.120 0.718 -0.394
-0.378 0.749 -0.419
-0.289 0.847 -0.483
-0.353 0.737 -0.422
-0.369 0.818 -0.416
-0.330 0.830 -0.479
-0.330 0.767 -0.410
-0.093 0.808 -0.448
-0.320 0.814 -0.424
-0.194 0.725 -0.408
-0.099 0.788 -0.401
-0.248 0.865 -0.437
-0.151 0.766 -0.396
-0.166 0.803 -0.412
-0.230 0.734 -0.410
-0.289 0.786 -0.406
-0.257 0.823 -0.415
-0.219 0.779 -0.410
-0.195 0.856 -0.433
-0.136 0.830 -0.456
-0.287 0.832 -0.444
-0.414 0.026 -0.408
-0.457 0.049 -0.460
-0.317 0.714 -0.423
-0.220 0.041 -0.457
-0.409 0.676 -0.433
-0.178 0.004 -0.471
-0.087 0.059 -0.489
-0.056 0.612 -0.424
-0.138 0.681 -0.408
-0.485 0.145 -0.482
-0.375 0.029 -0.402
-0.301 0.686 -0.428
-0.102 0.120 -0.472
-0.079 0.315 -0.478
-0.443 0.569 -0.473
-0.247 0.008 -0.456
-0.073 0.417 -0.473
-0.085 0.458 -0.439
-0.191 0.661 -0.426
-0.111 0.248 -0.450
-0.158 0.204 -0.447
-0.083 0.187 -0.471
-0.308 0.026 -0.453
-0.413 0.455 -0.423
-0.088 0.362 -0.457
-0.459 0.077 -0.461
-0.402 0.378 -0.417
-0.164 0.600 -0.441
-0.154 0.142 -0.453
-0.168 0.085 -0.459
-0.112 0.012 -0.490
-0.149 0.041 -0.473
-0.074 0.566 -0.424
-0.435 0.331 -0.430
-0.434 0.594 -0.443
-0.418 0.556 -0.430
-0.451 0.232 -0.447
-0.452 0.515 -0.440
-0.395 0.512 -0.428
-0.177 0.253 -0.447
-0.130 0.630 -0.427
-0.363 0.692 -0.436
-0.346 0.618 -0.454
-0.325 0.646 -0.446
-0.249 0.079 -0.451
-0.074 0.652 -0.407
-0.460 0.276 -0.456
-0.422 0.281 -0.422
-0.399 0.242 -0.410
-0.368 0.282 -0.422
-0.119 0.292 -0.445
-0.167 0.325 -0.449
-0.257 0.669 -0.429
-0.076 0.507 -0.436
-0.189 0.493 -0.454
-0.132 0.459 -0.440
-0.132 0.536 -0.438
-0.415 0.102 -0.411
-0.329 0.165 -0.450
-0.373 0.149 -0.407
-0.363 0.086 -0.413
-0.319 0.101 -0.452
-0.249 0.145 -0.448
-0.461 0.169 -0.454
-0.448 0.408 -0.434
-0.387 0.322 -0.415
-0.337 0.307 -0.453
-0.367 0.381 -0.431
-0.329 0.465 -0.462
-0.332 0.412 -0.461
-0.375 0.451 -0.433
-0.387 0.583 -0.434
-0.217 0.190 -0.448
-0.420 0.173 -0.417
-0.099 0.415 -0.439
-0.121 0.363 -0.440
-0.371 0.204 -0.413
-0.330 0.232 -0.453
-0.269 0.502 -0.453
-0.263 0.447 -0.454
-0.343 0.524 -0.460
-0.276 0.210 -0.448
-0.244 0.622 -0.441
-0.325 0.560 -0.460
-0.211 0.330 -0.455
-0.306 0.344 -0.458
-0.269 0.375 -0.453
-0.219 0.396 -0.456
-0.273 0.285 -0.449
-0.216 0.569 -0.450
-0.281 0.574 -0.448
-0.173 0.416 -0.453
-0.229 0.271 -0.451
-0.404 0.695 -0.443
-0.405 0.624 -0.431
