-0.544 0.034 -0.605
-0.542 0.072 -0.594
-0.542 0.113 -0.596
-0.543 0.147 -0.587
-0.543 0.171 -0.589
-0.546 0.234 -0.572
-0.538 0.257 -0.589
-0.547 0.409 -0.539
-0.541 0.509 -0.525
-0.606 0.522 -0.636
-0.567 0.394 -0.670
-0.508 0.044 -0.696
-0.540 0.265 -0.684
-0.650 0.665 -0.623
-0.504 0.654 -0.504
-0.526 0.667 -0.514
-0.519 0.103 -0.705
-0.581 0.453 -0.654
-0.573 0.514 -0.616
-0.543 0.552 -0.530
-0.539 0.070 -0.612
-0.544 0.672 -0.537
-0.534 0.187 -0.697
-0.534 0.212 -0.660
-0.548 0.323 -0.677
-0.538 0.405 -0.592
-0.635 0.593 -0.611
-0.595 0.594 -0.592
-0.609 0.691 -0.590
-0.536 0.608 -0.519
-0.514 0.088 -0.652
-0.524 0.144 -0.677
-0.525 0.207 -0.621
-0.521 0.151 -0.628
-0.534 0.281 -0.627
-0.547 0.364 -0.644
-0.556 0.429 -0.629
-0.555 0.557 -0.572
-0.533 0.318 -0.599
-0.544 0.483 -0.574
-0.573 0.645 -0.565
-0.036 0.644 -0.457
-0.036 0.612 -0.475
-0.041 0.578 -0.482
-0.045 0.530 -0.494
-0.062 0.458 -0.502
-0.053 0.365 -0.521
-0.067 0.222 -0.515
-0.060 0.140 -0.523
-0.024 -0.002 -0.545
0.038 -0.002 -0.546
0.012 0.023 -0.540
0.037 0.048 -0.540
0.041 0.104 -0.537
0.039 0.212 -0.527
0.042 0.269 -0.523
0.034 0.348 -0.514
0.040 0.453 -0.507
0.007 0.566 -0.511
-0.035 0.427 -0.523
-0.003 0.594 -0.508
0.008 0.408 -0.521
-0.063 0.016 -0.548
-0.006 0.061 -0.542
-0.061 0.104 -0.530
-0.008 0.234 -0.541
0.006 0.270 -0.536
-0.004 0.376 -0.527
-0.005 0.325 -0.531
0.001 0.473 -0.520
-0.045 0.480 -0.514
-0.024 0.527 -0.515
-0.043 0.070 -0.547
-0.023 0.178 -0.541
0.021 0.177 -0.531
-0.012 0.114 -0.543
-0.045 0.260 -0.523
-0.439 0.662 -0.515
-0.436 0.626 -0.499
-0.443 0.604 -0.501
-0.462 0.505 -0.490
-0.484 0.447 -0.478
-0.483 0.366 -0.485
-0.480 0.319 -0.489
-0.459 0.123 -0.491
-0.467 0.100 -0.504
-0.542 0.092 -0.592
-0.547 0.193 -0.576
-0.543 0.216 -0.583
-0.546 0.265 -0.564
-0.547 0.296 -0.563
-0.546 0.317 -0.559
-0.548 0.337 -0.552
-0.548 0.355 -0.546
-0.546 0.376 -0.547
-0.544 0.439 -0.548
-0.545 0.468 -0.539
-0.539 0.476 -0.518
-0.532 0.549 -0.513
-0.514 0.581 -0.505
-0.467 0.659 -0.510
-0.525 0.452 -0.512
-0.453 0.647 -0.515
-0.477 0.025 -0.526
-0.489 0.077 -0.533
-0.519 0.162 -0.551
-0.484 0.484 -0.502
-0.493 0.534 -0.499
-0.501 0.030 -0.554
-0.517 0.255 -0.526
-0.485 0.204 -0.510
-0.524 0.299 -0.525
-0.463 0.553 -0.504
-0.494 0.404 -0.485
-0.513 0.347 -0.509
-0.524 0.077 -0.568
-0.526 0.209 -0.545
-0.534 0.396 -0.521
-0.509 0.120 -0.545
-0.470 0.607 -0.511
0.050 0.032 -0.564
0.041 0.077 -0.540
0.040 0.126 -0.534
0.041 0.153 -0.534
0.042 0.179 -0.531
0.040 0.240 -0.525
0.038 0.316 -0.517
0.043 0.374 -0.514
0.040 0.411 -0.510
0.030 0.438 -0.509
0.030 0.476 -0.507
0.033 0.504 -0.505
0.036 0.531 -0.502
0.007 0.629 -0.502
-0.015 0.636 -0.480
-0.504 0.603 -0.502
-0.032 0.806 -0.535
-0.030 0.761 -0.464
0.034 0.742 -0.500
-0.068 0.825 -0.530
-0.154 0.845 -0.477
-0.092 0.807 -0.476
-0.059 0.801 -0.449
-0.042 0.778 -0.477
-0.002 0.755 -0.481
-0.058 0.806 -0.508
0.018 0.003 -0.659
0.016 0.031 -0.671
0.125 0.535 -0.620
0.033 0.802 -0.589
0.044 0.002 -0.592
0.032 0.128 -0.666
0.016 0.673 -0.488
0.022 0.003 -0.644
0.182 0.713 -0.605
0.050 0.715 -0.478
0.060 0.660 -0.491
0.056 0.283 -0.656
0.045 0.205 -0.661
0.097 0.441 -0.639
0.030 0.087 -0.635
0.037 0.135 -0.621
0.034 0.758 -0.527
0.049 0.252 -0.614
0.054 0.305 -0.616
0.053 0.258 -0.565
0.051 0.310 -0.531
0.060 0.429 -0.539
0.036 0.567 -0.499
0.121 0.610 -0.575
0.155 0.646 -0.590
0.111 0.718 -0.553
0.085 0.760 -0.576
0.010 0.787 -0.545
0.055 0.326 -0.573
0.053 0.204 -0.565
0.056 0.377 -0.542
0.071 0.482 -0.557
0.029 0.045 -0.623
0.043 0.187 -0.618
0.066 0.390 -0.600
0.099 0.562 -0.574
0.058 0.493 -0.518
0.070 0.352 -0.646
0.048 0.099 -0.574
0.070 0.533 -0.532
0.095 0.496 -0.602
0.041 0.610 -0.495
0.076 0.443 -0.597
0.075 0.697 -0.507
0.100 0.646 -0.542
0.052 0.157 -0.570
0.069 0.591 -0.514
-0.499 0.726 -0.624
-0.409 0.768 -0.598
-0.474 0.736 -0.622
-0.514 0.720 -0.624
-0.500 0.705 -0.491
-0.476 0.761 -0.499
-0.362 0.817 -0.469
-0.397 0.797 -0.542
-0.418 0.792 -0.491
-0.511 0.732 -0.515
-0.504 0.758 -0.546
-0.506 0.736 -0.594
-0.544 0.708 -0.542
-0.276 0.736 -0.425
-0.254 0.706 -0.435
-0.163 0.715 -0.422
-0.121 0.713 -0.411
-0.378 0.745 -0.434
-0.289 0.847 -0.493
-0.353 0.734 -0.438
-0.369 0.814 -0.426
-0.331 0.830 -0.489
-0.330 0.762 -0.424
-0.092 0.806 -0.459
-0.320 0.811 -0.435
-0.194 0.721 -0.426
-0.099 0.783 -0.414
-0.248 0.863 -0.446
-0.151 0.761 -0.412
-0.166 0.799 -0.425
-0.230 0.729 -0.428
-0.289 0.782 -0.419
-0.257 0.819 -0.427
-0.219 0.775 -0.425
-0.195 0.853 -0.443
-0.136 0.829 -0.467
-0.287 0.830 -0.455
-0.413 0.022 -0.447
-0.457 0.046 -0.497
-0.317 0.710 -0.440
-0.219 0.040 -0.502
-0.410 0.672 -0.450
-0.178 0.003 -0.516
-0.086 0.058 -0.529
-0.056 0.609 -0.446
-0.138 0.677 -0.428
-0.486 0.143 -0.514
-0.373 0.024 -0.442
-0.301 0.682 -0.446
-0.101 0.118 -0.509
-0.079 0.313 -0.510
-0.445 0.567 -0.493
-0.246 0.006 -0.499
-0.071 0.415 -0.502
-0.085 0.456 -0.467
-0.191 0.657 -0.446
-0.110 0.246 -0.485
-0.157 0.202 -0.483
-0.082 0.185 -0.506
-0.307 0.024 -0.494
-0.412 0.451 -0.448
-0.088 0.360 -0.488
-0.459 0.075 -0.497
-0.401 0.374 -0.445
-0.164 0.597 -0.463
-0.154 0.139 -0.491
-0.168 0.083 -0.499
-0.111 0.011 -0.533
-0.148 0.040 -0.515
-0.074 0.563 -0.448
-0.435 0.327 -0.459
-0.435 0.591 -0.462
-0.418 0.552 -0.451
-0.451 0.229 -0.478
-0.452 0.512 -0.462
-0.395 0.509 -0.451
-0.177 0.251 -0.482
-0.130 0.627 -0.449
-0.364 0.688 -0.453
-0.346 0.615 -0.474
-0.325 0.643 -0.465
-0.249 0.076 -0.493
-0.074 0.648 -0.428
-0.460 0.274 -0.485
-0.422 0.277 -0.453
-0.398 0.238 -0.443
-0.367 0.278 -0.454
-0.119 0.290 -0.478
-0.167 0.322 -0.481
-0.257 0.666 -0.448
-0.076 0.504 -0.462
-0.189 0.491 -0.481
-0.131 0.457 -0.468
-0.132 0.533 -0.463
-0.413 0.098 -0.448
-0.328 0.162 -0.487
-0.372 0.145 -0.444
-0.362 0.082 -0.451
-0.319 0.098 -0.491
-0.249 0.142 -0.487
-0.462 0.167 -0.487
-0.447 0.405 -0.459
-0.386 0.318 -0.445
-0.337 0.304 -0.485
-0.367 0.377 -0.459
-0.329 0.463 -0.488
-0.332 0.409 -0.489
-0.375 0.447 -0.459
-0.387 0.579 -0.455
-0.217 0.187 -0.486
-0.419 0.169 -0.451
-0.098 0.412 -0.469
-0.121 0.360 -0.471
-0.370 0.200 -0.447
-0.330 0.230 -0.488
-0.269 0.499 -0.479
-0.263 0.445 -0.482
-0.344 0.521 -0.484
-0.276 0.207 -0.484
-0.245 0.619 -0.462
-0.325 0.558 -0.482
-0.211 0.328 -0.487
-0.306 0.342 -0.489
-0.268 0.373 -0.483
-0.219 0.393 -0.486
-0.273 0.283 -0.482
-0.217 0.566 -0.474
-0.282 0.572 -0.471
-0.173 0.413 -0.483
-0.229 0.268 -0.485
-0.405 0.692 -0.459
-0.405 0.621 -0.450
