-0.550 0.035 -0.639
-0.548 0.073 -0.626
-0.547 0.114 -0.627
-0.548 0.148 -0.617
-0.548 0.172 -0.618
-0.550 0.234 -0.599
-0.543 0.258 -0.616
-0.550 0.408 -0.561
-0.543 0.508 -0.544
-0.614 0.523 -0.652
-0.576 0.398 -0.691
-0.519 0.048 -0.731
-0.550 0.268 -0.711
-0.660 0.666 -0.633
-0.508 0.652 -0.519
-0.530 0.665 -0.528
-0.531 0.108 -0.738
-0.589 0.456 -0.673
-0.580 0.515 -0.634
-0.547 0.551 -0.548
-0.546 0.072 -0.644
-0.549 0.671 -0.550
-0.545 0.191 -0.726
-0.543 0.215 -0.689
-0.558 0.327 -0.702
-0.544 0.406 -0.614
-0.643 0.593 -0.624
-0.602 0.594 -0.605
-0.617 0.691 -0.600
-0.539 0.607 -0.536
-0.523 0.091 -0.686
-0.534 0.148 -0.709
-0.532 0.209 -0.651
-0.528 0.153 -0.659
-0.541 0.283 -0.653
-0.555 0.367 -0.667
-0.563 0.431 -0.650
-0.561 0.557 -0.589
-0.539 0.319 -0.625
-0.549 0.483 -0.595
-0.579 0.645 -0.578
-0.034 0.642 -0.478
-0.034 0.610 -0.497
-0.039 0.576 -0.505
-0.043 0.529 -0.519
-0.060 0.457 -0.530
-0.051 0.365 -0.551
-0.066 0.221 -0.550
-0.059 0.140 -0.561
-0.023 -0.001 -0.586
0.039 -0.002 -0.586
0.014 0.024 -0.579
0.038 0.048 -0.579
0.042 0.104 -0.574
0.041 0.212 -0.560
0.043 0.268 -0.554
0.036 0.347 -0.542
0.042 0.452 -0.532
0.010 0.565 -0.533
-0.033 0.427 -0.550
0.000 0.593 -0.529
0.009 0.407 -0.548
-0.061 0.017 -0.590
-0.004 0.061 -0.581
-0.059 0.105 -0.569
-0.006 0.235 -0.574
0.008 0.270 -0.568
-0.003 0.376 -0.555
-0.003 0.325 -0.562
0.003 0.473 -0.545
-0.043 0.480 -0.540
-0.021 0.527 -0.540
-0.041 0.071 -0.586
-0.021 0.179 -0.576
0.022 0.177 -0.565
-0.010 0.114 -0.580
-0.044 0.260 -0.557
-0.442 0.661 -0.531
-0.438 0.625 -0.517
-0.445 0.602 -0.520
-0.464 0.503 -0.513
-0.484 0.445 -0.502
-0.483 0.363 -0.512
-0.481 0.317 -0.517
-0.459 0.121 -0.526
-0.468 0.099 -0.539
-0.548 0.093 -0.623
-0.551 0.193 -0.605
-0.548 0.217 -0.611
-0.550 0.266 -0.590
-0.551 0.296 -0.589
-0.550 0.317 -0.584
-0.551 0.337 -0.577
-0.551 0.354 -0.570
-0.549 0.375 -0.570
-0.548 0.439 -0.570
-0.548 0.467 -0.559
-0.541 0.475 -0.539
-0.534 0.548 -0.531
-0.517 0.579 -0.523
-0.471 0.658 -0.526
-0.526 0.451 -0.534
-0.457 0.646 -0.531
-0.479 0.024 -0.563
-0.491 0.077 -0.568
-0.523 0.162 -0.582
-0.485 0.483 -0.524
-0.495 0.532 -0.519
-0.504 0.030 -0.589
-0.519 0.254 -0.555
-0.486 0.202 -0.541
-0.526 0.298 -0.552
-0.465 0.552 -0.525
-0.494 0.401 -0.510
-0.514 0.345 -0.534
-0.528 0.077 -0.601
-0.529 0.209 -0.575
-0.536 0.395 -0.544
-0.512 0.120 -0.578
-0.472 0.605 -0.529
0.052 0.033 -0.602
0.043 0.077 -0.577
0.042 0.126 -0.569
0.043 0.153 -0.568
0.043 0.179 -0.565
0.041 0.239 -0.557
0.040 0.316 -0.546
0.044 0.373 -0.541
0.042 0.410 -0.536
0.032 0.437 -0.535
0.032 0.475 -0.531
0.035 0.503 -0.528
0.038 0.530 -0.524
0.010 0.628 -0.521
-0.013 0.634 -0.500
-0.506 0.601 -0.519
-0.028 0.807 -0.545
-0.028 0.759 -0.477
0.038 0.740 -0.512
-0.064 0.826 -0.540
-0.154 0.845 -0.487
-0.091 0.806 -0.487
-0.058 0.798 -0.460
-0.040 0.777 -0.488
0.001 0.752 -0.493
-0.055 0.806 -0.519
0.024 0.008 -0.699
0.023 0.036 -0.710
0.133 0.537 -0.638
0.040 0.804 -0.598
0.047 0.004 -0.632
0.038 0.133 -0.702
0.019 0.671 -0.506
0.028 0.007 -0.685
0.192 0.713 -0.615
0.053 0.712 -0.491
0.062 0.658 -0.508
0.063 0.287 -0.685
0.051 0.209 -0.693
0.105 0.444 -0.661
0.035 0.090 -0.672
0.041 0.138 -0.656
0.039 0.758 -0.538
0.054 0.254 -0.645
0.059 0.307 -0.645
0.056 0.259 -0.596
0.053 0.310 -0.560
0.063 0.429 -0.563
0.038 0.565 -0.520
0.127 0.610 -0.591
0.163 0.646 -0.603
0.117 0.718 -0.564
0.092 0.761 -0.586
0.015 0.787 -0.555
0.058 0.327 -0.601
0.056 0.205 -0.598
0.059 0.376 -0.569
0.075 0.482 -0.579
0.034 0.048 -0.662
0.048 0.190 -0.651
0.071 0.392 -0.625
0.105 0.563 -0.592
0.060 0.492 -0.541
0.077 0.355 -0.672
0.051 0.100 -0.610
0.074 0.532 -0.552
0.101 0.498 -0.622
0.044 0.608 -0.514
0.082 0.444 -0.620
0.079 0.695 -0.520
0.105 0.645 -0.557
0.054 0.158 -0.604
0.072 0.590 -0.533
-0.506 0.727 -0.634
-0.415 0.770 -0.609
-0.480 0.737 -0.633
-0.521 0.721 -0.634
-0.503 0.702 -0.504
-0.480 0.759 -0.510
-0.363 0.815 -0.480
-0.401 0.797 -0.552
-0.421 0.791 -0.501
-0.515 0.731 -0.526
-0.510 0.757 -0.556
-0.512 0.736 -0.604
-0.549 0.707 -0.553
-0.276 0.732 -0.441
-0.254 0.703 -0.454
-0.163 0.711 -0.440
-0.121 0.709 -0.429
-0.378 0.741 -0.448
-0.290 0.847 -0.503
-0.353 0.730 -0.453
-0.369 0.810 -0.436
-0.332 0.829 -0.500
-0.330 0.758 -0.438
-0.091 0.804 -0.471
-0.320 0.807 -0.447
-0.194 0.717 -0.444
-0.099 0.779 -0.427
-0.248 0.860 -0.456
-0.151 0.757 -0.427
-0.166 0.795 -0.439
-0.230 0.726 -0.445
-0.289 0.777 -0.433
-0.257 0.815 -0.439
-0.219 0.771 -0.440
-0.195 0.850 -0.453
-0.135 0.828 -0.478
-0.287 0.827 -0.466
-0.411 0.019 -0.488
-0.458 0.045 -0.534
-0.318 0.707 -0.457
-0.219 0.039 -0.546
-0.410 0.669 -0.467
-0.177 0.003 -0.562
-0.084 0.058 -0.570
-0.056 0.606 -0.469
-0.138 0.674 -0.448
-0.488 0.142 -0.547
-0.371 0.022 -0.484
-0.301 0.679 -0.464
-0.100 0.118 -0.549
-0.078 0.313 -0.544
-0.447 0.565 -0.513
-0.246 0.006 -0.544
-0.070 0.414 -0.531
-0.085 0.454 -0.496
-0.191 0.655 -0.467
-0.110 0.245 -0.521
-0.157 0.200 -0.521
-0.081 0.184 -0.543
-0.306 0.023 -0.538
-0.412 0.448 -0.474
-0.088 0.359 -0.520
-0.460 0.073 -0.534
-0.400 0.371 -0.474
-0.164 0.595 -0.487
-0.153 0.138 -0.531
-0.167 0.082 -0.541
-0.110 0.012 -0.578
-0.147 0.040 -0.558
-0.074 0.561 -0.473
-0.434 0.324 -0.488
-0.435 0.588 -0.482
-0.418 0.549 -0.473
-0.451 0.227 -0.510
-0.452 0.509 -0.484
-0.395 0.506 -0.475
-0.176 0.249 -0.518
-0.130 0.624 -0.471
-0.364 0.685 -0.470
-0.346 0.613 -0.494
-0.325 0.641 -0.485
-0.248 0.076 -0.536
-0.073 0.645 -0.449
-0.460 0.272 -0.516
-0.421 0.274 -0.484
-0.397 0.234 -0.477
-0.366 0.275 -0.487
-0.118 0.288 -0.513
-0.166 0.321 -0.515
-0.257 0.663 -0.468
-0.075 0.502 -0.489
-0.188 0.489 -0.508
-0.131 0.455 -0.497
-0.132 0.531 -0.489
-0.411 0.095 -0.486
-0.328 0.161 -0.525
-0.370 0.142 -0.482
-0.360 0.080 -0.492
-0.318 0.097 -0.532
-0.248 0.141 -0.527
-0.462 0.165 -0.521
-0.447 0.402 -0.486
-0.385 0.315 -0.477
-0.336 0.303 -0.518
-0.366 0.375 -0.489
-0.329 0.461 -0.515
-0.332 0.408 -0.518
-0.374 0.445 -0.486
-0.387 0.576 -0.477
-0.216 0.186 -0.524
-0.418 0.166 -0.487
-0.098 0.411 -0.499
-0.121 0.359 -0.503
-0.368 0.197 -0.484
-0.329 0.229 -0.524
-0.269 0.498 -0.505
-0.262 0.443 -0.510
-0.344 0.520 -0.508
-0.275 0.206 -0.522
-0.245 0.616 -0.484
-0.326 0.556 -0.505
-0.210 0.327 -0.520
-0.306 0.341 -0.521
-0.268 0.371 -0.514
-0.219 0.392 -0.517
-0.272 0.281 -0.517
-0.217 0.565 -0.498
-0.282 0.570 -0.494
-0.173 0.412 -0.513
-0.228 0.267 -0.520
-0.405 0.689 -0.476
-0.405 0.617 -0.469
