-0.555 0.037 -0.672
-0.553 0.075 -0.659
-0.553 0.116 -0.659
-0.554 0.149 -0.647
-0.553 0.173 -0.647
-0.554 0.235 -0.627
-0.548 0.259 -0.643
-0.553 0.407 -0.584
-0.546 0.507 -0.564
-0.623 0.525 -0.667
-0.586 0.401 -0.713
-0.530 0.053 -0.766
-0.561 0.272 -0.738
-0.669 0.666 -0.643
-0.511 0.650 -0.535
-0.534 0.664 -0.542
-0.543 0.113 -0.770
-0.599 0.459 -0.692
-0.587 0.517 -0.651
-0.550 0.550 -0.565
-0.552 0.074 -0.677
-0.554 0.670 -0.563
-0.557 0.196 -0.755
-0.552 0.218 -0.717
-0.568 0.330 -0.726
-0.550 0.407 -0.637
-0.651 0.593 -0.636
-0.610 0.594 -0.619
-0.625 0.691 -0.610
-0.542 0.605 -0.553
-0.531 0.095 -0.719
-0.544 0.152 -0.739
-0.539 0.211 -0.680
-0.536 0.155 -0.690
-0.549 0.286 -0.680
-0.564 0.370 -0.691
-0.572 0.433 -0.671
-0.567 0.557 -0.605
-0.545 0.320 -0.650
-0.554 0.483 -0.615
-0.586 0.645 -0.591
-0.033 0.640 -0.499
-0.032 0.609 -0.519
-0.037 0.575 -0.529
-0.041 0.529 -0.544
-0.059 0.457 -0.558
-0.049 0.365 -0.582
-0.064 0.222 -0.586
-0.058 0.141 -0.598
-0.021 0.001 -0.628
0.040 -0.000 -0.626
0.015 0.025 -0.619
0.040 0.050 -0.617
0.044 0.105 -0.610
0.042 0.213 -0.593
0.045 0.269 -0.585
0.037 0.347 -0.571
0.043 0.451 -0.557
0.012 0.565 -0.555
-0.030 0.427 -0.579
0.003 0.593 -0.551
0.011 0.407 -0.576
-0.059 0.019 -0.632
-0.003 0.063 -0.620
-0.058 0.106 -0.607
-0.004 0.236 -0.608
0.010 0.271 -0.600
-0.001 0.376 -0.585
-0.001 0.326 -0.592
0.005 0.473 -0.571
-0.041 0.480 -0.567
-0.019 0.527 -0.564
-0.039 0.073 -0.626
-0.019 0.180 -0.612
0.024 0.178 -0.600
-0.009 0.116 -0.618
-0.042 0.261 -0.590
-0.446 0.661 -0.547
-0.441 0.625 -0.535
-0.447 0.602 -0.539
-0.464 0.502 -0.537
-0.483 0.443 -0.528
-0.481 0.363 -0.543
-0.478 0.317 -0.551
-0.459 0.121 -0.563
-0.468 0.099 -0.576
-0.553 0.095 -0.655
-0.556 0.194 -0.634
-0.553 0.218 -0.639
-0.554 0.266 -0.617
-0.555 0.296 -0.615
-0.554 0.318 -0.610
-0.554 0.337 -0.601
-0.554 0.354 -0.594
-0.553 0.375 -0.594
-0.551 0.438 -0.592
-0.551 0.467 -0.580
-0.543 0.474 -0.560
-0.536 0.546 -0.550
-0.518 0.577 -0.543
-0.474 0.657 -0.541
-0.527 0.450 -0.558
-0.460 0.646 -0.547
-0.480 0.024 -0.602
-0.493 0.077 -0.604
-0.526 0.162 -0.612
-0.486 0.482 -0.548
-0.496 0.531 -0.542
-0.507 0.031 -0.626
-0.521 0.253 -0.584
-0.486 0.202 -0.575
-0.527 0.297 -0.580
-0.466 0.551 -0.546
-0.492 0.400 -0.539
-0.515 0.344 -0.562
-0.532 0.078 -0.635
-0.531 0.209 -0.605
-0.538 0.394 -0.568
-0.514 0.120 -0.611
-0.475 0.605 -0.547
0.054 0.035 -0.640
0.044 0.078 -0.614
0.043 0.127 -0.605
0.044 0.153 -0.603
0.045 0.180 -0.599
0.043 0.240 -0.589
0.041 0.316 -0.576
0.046 0.373 -0.569
0.043 0.410 -0.563
0.034 0.437 -0.561
0.034 0.474 -0.556
0.036 0.502 -0.552
0.040 0.529 -0.547
0.013 0.627 -0.542
-0.011 0.633 -0.521
-0.509 0.600 -0.537
-0.024 0.808 -0.555
-0.026 0.756 -0.489
0.042 0.738 -0.524
-0.060 0.827 -0.550
-0.154 0.845 -0.497
-0.089 0.805 -0.498
-0.058 0.795 -0.472
-0.038 0.775 -0.500
0.004 0.750 -0.506
-0.052 0.806 -0.530
0.030 0.013 -0.739
0.029 0.042 -0.749
0.140 0.539 -0.656
0.046 0.806 -0.607
0.050 0.007 -0.671
0.045 0.138 -0.737
0.022 0.669 -0.524
0.033 0.012 -0.725
0.202 0.713 -0.625
0.056 0.708 -0.505
0.065 0.655 -0.525
0.070 0.291 -0.715
0.058 0.214 -0.726
0.112 0.447 -0.684
0.040 0.095 -0.709
0.046 0.142 -0.691
0.044 0.757 -0.549
0.059 0.257 -0.676
0.065 0.311 -0.674
0.059 0.260 -0.627
0.055 0.310 -0.589
0.066 0.429 -0.588
0.040 0.564 -0.542
0.133 0.610 -0.606
0.170 0.646 -0.616
0.124 0.717 -0.575
0.099 0.762 -0.596
0.020 0.788 -0.566
0.062 0.329 -0.629
0.059 0.207 -0.630
0.061 0.377 -0.596
0.079 0.483 -0.602
0.038 0.052 -0.700
0.053 0.193 -0.684
0.077 0.394 -0.651
0.110 0.563 -0.610
0.063 0.491 -0.564
0.084 0.359 -0.699
0.054 0.102 -0.646
0.077 0.532 -0.573
0.107 0.500 -0.643
0.046 0.607 -0.534
0.087 0.446 -0.644
0.083 0.693 -0.534
0.110 0.644 -0.572
0.057 0.160 -0.638
0.075 0.588 -0.552
-0.513 0.728 -0.645
-0.420 0.771 -0.620
-0.487 0.738 -0.643
-0.529 0.722 -0.645
-0.507 0.699 -0.517
-0.483 0.757 -0.520
-0.364 0.813 -0.490
-0.404 0.798 -0.562
-0.423 0.789 -0.511
-0.520 0.729 -0.537
-0.515 0.757 -0.565
-0.519 0.737 -0.614
-0.555 0.707 -0.564
-0.276 0.728 -0.458
-0.254 0.700 -0.472
-0.163 0.708 -0.459
-0.121 0.705 -0.448
-0.378 0.738 -0.462
-0.290 0.847 -0.513
-0.353 0.727 -0.468
-0.369 0.806 -0.447
-0.333 0.828 -0.510
-0.329 0.754 -0.453
-0.090 0.802 -0.482
-0.320 0.804 -0.459
-0.194 0.714 -0.462
-0.099 0.775 -0.440
-0.249 0.857 -0.465
-0.151 0.753 -0.443
-0.166 0.792 -0.452
-0.230 0.723 -0.463
-0.289 0.773 -0.447
-0.257 0.811 -0.451
-0.219 0.767 -0.455
-0.195 0.848 -0.464
-0.135 0.827 -0.489
-0.287 0.825 -0.477
-0.408 0.017 -0.530
-0.457 0.044 -0.573
-0.318 0.704 -0.474
-0.218 0.041 -0.593
-0.410 0.666 -0.484
-0.176 0.005 -0.608
-0.083 0.060 -0.611
-0.055 0.604 -0.492
-0.138 0.671 -0.469
-0.488 0.142 -0.582
-0.368 0.020 -0.528
-0.301 0.677 -0.483
-0.099 0.118 -0.588
-0.076 0.314 -0.577
-0.448 0.564 -0.534
-0.245 0.007 -0.590
-0.069 0.415 -0.561
-0.084 0.453 -0.525
-0.191 0.653 -0.488
-0.109 0.245 -0.557
-0.157 0.201 -0.561
-0.080 0.185 -0.580
-0.305 0.024 -0.583
-0.411 0.445 -0.501
-0.087 0.359 -0.552
-0.459 0.073 -0.572
-0.399 0.368 -0.503
-0.164 0.594 -0.511
-0.153 0.139 -0.571
-0.166 0.083 -0.583
-0.109 0.014 -0.621
-0.146 0.041 -0.602
-0.074 0.559 -0.499
-0.433 0.322 -0.519
-0.436 0.586 -0.502
-0.418 0.546 -0.496
-0.449 0.226 -0.546
-0.452 0.506 -0.508
-0.395 0.503 -0.500
-0.175 0.250 -0.560
-0.130 0.623 -0.495
-0.364 0.683 -0.487
-0.347 0.611 -0.515
-0.326 0.639 -0.505
-0.248 0.077 -0.584
-0.073 0.643 -0.472
-0.459 0.271 -0.550
-0.419 0.272 -0.517
-0.395 0.232 -0.511
-0.364 0.274 -0.520
-0.118 0.288 -0.548
-0.165 0.322 -0.554
-0.257 0.661 -0.488
-0.075 0.501 -0.517
-0.188 0.489 -0.536
-0.131 0.455 -0.527
-0.131 0.531 -0.516
-0.409 0.093 -0.525
-0.327 0.162 -0.565
-0.368 0.140 -0.520
-0.358 0.078 -0.533
-0.317 0.098 -0.574
-0.248 0.142 -0.574
-0.462 0.164 -0.555
-0.446 0.400 -0.514
-0.384 0.313 -0.508
-0.336 0.303 -0.550
-0.365 0.373 -0.518
-0.329 0.461 -0.542
-0.332 0.408 -0.546
-0.374 0.443 -0.512
-0.387 0.574 -0.499
-0.216 0.187 -0.569
-0.416 0.164 -0.524
-0.098 0.410 -0.530
-0.121 0.358 -0.538
-0.367 0.195 -0.520
-0.328 0.229 -0.560
-0.269 0.497 -0.531
-0.262 0.443 -0.539
-0.344 0.519 -0.532
-0.275 0.206 -0.560
-0.245 0.615 -0.506
-0.326 0.555 -0.528
-0.210 0.327 -0.554
-0.305 0.341 -0.552
-0.268 0.371 -0.545
-0.219 0.393 -0.549
-0.272 0.281 -0.551
-0.217 0.564 -0.522
-0.282 0.569 -0.517
-0.173 0.412 -0.545
-0.228 0.268 -0.557
-0.406 0.686 -0.492
-0.405 0.615 -0.489
