-0.560 0.040 -0.706
-0.557 0.077 -0.692
-0.557 0.118 -0.690
-0.557 0.151 -0.678
-0.557 0.175 -0.677
-0.558 0.236 -0.655
-0.553 0.261 -0.671
-0.555 0.407 -0.607
-0.548 0.506 -0.585
-0.632 0.526 -0.682
-0.597 0.404 -0.733
-0.542 0.059 -0.801
-0.573 0.277 -0.764
-0.679 0.666 -0.653
-0.515 0.649 -0.551
-0.538 0.662 -0.557
-0.555 0.118 -0.802
-0.609 0.461 -0.710
-0.595 0.518 -0.669
-0.553 0.549 -0.584
-0.557 0.077 -0.710
-0.559 0.669 -0.576
-0.570 0.201 -0.784
-0.563 0.222 -0.746
-0.580 0.334 -0.750
-0.556 0.409 -0.660
-0.659 0.593 -0.648
-0.617 0.595 -0.633
-0.633 0.691 -0.620
-0.546 0.604 -0.570
-0.540 0.099 -0.753
-0.555 0.157 -0.770
-0.546 0.214 -0.710
-0.543 0.159 -0.722
-0.557 0.289 -0.707
-0.573 0.373 -0.714
-0.580 0.436 -0.692
-0.573 0.557 -0.623
-0.551 0.322 -0.676
-0.559 0.484 -0.635
-0.592 0.645 -0.604
-0.032 0.639 -0.521
-0.031 0.609 -0.542
-0.036 0.576 -0.554
-0.040 0.530 -0.571
-0.057 0.459 -0.587
-0.047 0.367 -0.613
-0.063 0.224 -0.622
-0.057 0.143 -0.637
-0.020 0.004 -0.668
0.042 0.003 -0.665
0.016 0.028 -0.658
0.041 0.052 -0.655
0.045 0.108 -0.646
0.044 0.214 -0.626
0.046 0.270 -0.616
0.039 0.348 -0.600
0.045 0.451 -0.582
0.015 0.565 -0.578
-0.028 0.429 -0.607
0.006 0.593 -0.573
0.013 0.409 -0.604
-0.058 0.022 -0.673
-0.001 0.066 -0.659
-0.057 0.109 -0.647
-0.002 0.238 -0.641
0.011 0.274 -0.632
0.002 0.378 -0.614
0.001 0.328 -0.623
0.007 0.474 -0.597
-0.038 0.481 -0.595
-0.016 0.528 -0.590
-0.038 0.076 -0.665
-0.018 0.183 -0.648
0.025 0.180 -0.635
-0.007 0.119 -0.655
-0.040 0.263 -0.624
-0.449 0.661 -0.563
-0.443 0.624 -0.553
-0.450 0.602 -0.558
-0.465 0.502 -0.560
-0.483 0.442 -0.554
-0.480 0.362 -0.573
-0.477 0.317 -0.582
-0.457 0.121 -0.601
-0.467 0.099 -0.614
-0.557 0.097 -0.688
-0.559 0.196 -0.663
-0.557 0.220 -0.668
-0.557 0.267 -0.644
-0.558 0.297 -0.641
-0.557 0.318 -0.635
-0.557 0.337 -0.626
-0.556 0.354 -0.619
-0.555 0.375 -0.618
-0.554 0.439 -0.614
-0.553 0.467 -0.602
-0.544 0.473 -0.582
-0.539 0.545 -0.570
-0.521 0.576 -0.562
-0.478 0.657 -0.557
-0.528 0.449 -0.581
-0.463 0.646 -0.564
-0.480 0.026 -0.641
-0.493 0.078 -0.641
-0.528 0.163 -0.645
-0.487 0.481 -0.572
-0.497 0.530 -0.563
-0.508 0.033 -0.664
-0.521 0.254 -0.615
-0.485 0.202 -0.609
-0.528 0.298 -0.608
-0.468 0.551 -0.567
-0.492 0.400 -0.567
-0.515 0.344 -0.590
-0.534 0.080 -0.669
-0.532 0.210 -0.635
-0.539 0.394 -0.593
-0.516 0.122 -0.646
-0.478 0.605 -0.565
0.056 0.038 -0.678
0.045 0.081 -0.651
0.044 0.129 -0.640
0.045 0.155 -0.638
0.046 0.182 -0.633
0.044 0.241 -0.621
0.042 0.317 -0.606
0.047 0.373 -0.597
0.045 0.410 -0.590
0.035 0.438 -0.587
0.036 0.475 -0.581
0.038 0.502 -0.576
0.042 0.529 -0.570
0.016 0.627 -0.562
-0.009 0.633 -0.542
-0.512 0.599 -0.555
-0.019 0.809 -0.565
-0.024 0.754 -0.502
0.046 0.736 -0.536
-0.057 0.829 -0.559
-0.153 0.845 -0.507
-0.088 0.804 -0.510
-0.057 0.793 -0.483
-0.035 0.773 -0.512
0.007 0.748 -0.518
-0.049 0.806 -0.540
0.036 0.019 -0.779
0.036 0.048 -0.788
0.147 0.541 -0.674
0.053 0.808 -0.616
0.053 0.011 -0.710
0.051 0.144 -0.772
0.025 0.668 -0.543
0.038 0.018 -0.764
0.212 0.713 -0.634
0.059 0.705 -0.519
0.068 0.654 -0.542
0.077 0.296 -0.744
0.065 0.220 -0.758
0.119 0.451 -0.706
0.045 0.100 -0.746
0.051 0.146 -0.726
0.049 0.757 -0.560
0.064 0.261 -0.707
0.070 0.314 -0.703
0.062 0.263 -0.657
0.057 0.312 -0.619
0.068 0.430 -0.614
0.043 0.564 -0.564
0.140 0.611 -0.622
0.177 0.646 -0.629
0.131 0.717 -0.587
0.107 0.762 -0.606
0.026 0.788 -0.575
0.066 0.332 -0.658
0.062 0.209 -0.663
0.064 0.379 -0.623
0.083 0.484 -0.625
0.043 0.057 -0.738
0.058 0.198 -0.717
0.082 0.397 -0.677
0.116 0.565 -0.629
0.065 0.491 -0.587
0.091 0.363 -0.726
0.057 0.106 -0.682
0.080 0.532 -0.595
0.114 0.502 -0.664
0.048 0.606 -0.554
0.093 0.449 -0.668
0.087 0.691 -0.548
0.115 0.644 -0.588
0.060 0.163 -0.672
0.078 0.588 -0.572
-0.520 0.729 -0.655
-0.425 0.772 -0.631
-0.494 0.740 -0.654
-0.536 0.724 -0.655
-0.511 0.697 -0.530
-0.487 0.755 -0.531
-0.365 0.811 -0.501
-0.408 0.798 -0.573
-0.425 0.788 -0.521
-0.524 0.728 -0.548
-0.520 0.757 -0.575
-0.525 0.738 -0.625
-0.561 0.706 -0.575
-0.276 0.725 -0.475
-0.254 0.698 -0.491
-0.163 0.705 -0.478
-0.120 0.702 -0.467
-0.378 0.734 -0.477
-0.290 0.847 -0.523
-0.353 0.724 -0.484
-0.368 0.802 -0.457
-0.334 0.828 -0.520
-0.329 0.751 -0.468
-0.089 0.800 -0.494
-0.320 0.801 -0.471
-0.194 0.711 -0.481
-0.099 0.771 -0.454
-0.249 0.854 -0.475
-0.151 0.749 -0.459
-0.166 0.789 -0.466
-0.230 0.720 -0.480
-0.288 0.770 -0.462
-0.257 0.808 -0.463
-0.218 0.764 -0.470
-0.196 0.845 -0.474
-0.134 0.826 -0.500
-0.288 0.823 -0.488
-0.404 0.017 -0.574
-0.456 0.045 -0.613
-0.318 0.702 -0.492
-0.218 0.044 -0.639
-0.410 0.663 -0.502
-0.175 0.007 -0.650
-0.082 0.063 -0.652
-0.055 0.603 -0.516
-0.137 0.669 -0.490
-0.488 0.143 -0.617
-0.364 0.020 -0.573
-0.301 0.675 -0.502
-0.098 0.121 -0.629
-0.075 0.316 -0.611
-0.450 0.564 -0.555
-0.244 0.011 -0.635
-0.067 0.416 -0.592
-0.084 0.454 -0.555
-0.191 0.652 -0.510
-0.109 0.247 -0.594
-0.157 0.203 -0.602
-0.079 0.187 -0.618
-0.305 0.028 -0.633
-0.410 0.444 -0.528
-0.086 0.360 -0.585
-0.458 0.074 -0.611
-0.398 0.367 -0.533
-0.164 0.594 -0.535
-0.153 0.142 -0.614
-0.166 0.087 -0.629
-0.107 0.016 -0.661
-0.145 0.044 -0.645
-0.073 0.559 -0.525
-0.431 0.321 -0.551
-0.437 0.584 -0.522
-0.418 0.544 -0.519
-0.448 0.226 -0.580
-0.452 0.505 -0.532
-0.394 0.502 -0.525
-0.175 0.253 -0.600
-0.130 0.622 -0.518
-0.365 0.681 -0.505
-0.347 0.611 -0.536
-0.326 0.638 -0.525
-0.248 0.081 -0.635
-0.073 0.641 -0.495
-0.458 0.271 -0.582
-0.418 0.272 -0.551
-0.393 0.231 -0.547
-0.363 0.273 -0.555
-0.118 0.290 -0.585
-0.165 0.324 -0.591
-0.257 0.660 -0.508
-0.075 0.502 -0.545
-0.188 0.490 -0.564
-0.130 0.456 -0.561
-0.131 0.531 -0.543
-0.406 0.093 -0.566
-0.326 0.164 -0.605
-0.365 0.140 -0.560
-0.355 0.079 -0.576
-0.316 0.101 -0.618
-0.248 0.146 -0.623
-0.460 0.164 -0.591
-0.445 0.398 -0.542
-0.382 0.312 -0.541
-0.335 0.304 -0.585
-0.364 0.373 -0.548
-0.329 0.462 -0.569
-0.332 0.409 -0.576
-0.373 0.442 -0.540
-0.388 0.572 -0.522
-0.216 0.190 -0.613
-0.413 0.163 -0.561
-0.098 0.411 -0.562
-0.121 0.360 -0.572
-0.364 0.195 -0.558
-0.328 0.231 -0.598
-0.269 0.498 -0.558
-0.262 0.444 -0.568
-0.344 0.519 -0.557
-0.274 0.209 -0.604
-0.245 0.614 -0.528
-0.326 0.555 -0.552
-0.210 0.329 -0.590
-0.305 0.342 -0.585
-0.267 0.372 -0.578
-0.218 0.394 -0.583
-0.271 0.283 -0.588
-0.217 0.564 -0.547
-0.282 0.568 -0.541
-0.172 0.414 -0.579
-0.227 0.270 -0.596
-0.407 0.684 -0.508
-0.406 0.612 -0.509
