-0.422 0.029 -0.218
-0.424 0.068 -0.212
-0.416 0.108 -0.216
-0.419 0.143 -0.214
-0.413 0.166 -0.215
-0.418 0.231 -0.212
-0.395 0.251 -0.213
-0.418 0.408 -0.206
-0.415 0.510 -0.203
-0.320 0.509 -0.291
-0.306 0.375 -0.272
-0.327 0.022 -0.239
-0.311 0.243 -0.260
-0.333 0.664 -0.304
-0.405 0.661 -0.172
-0.400 0.668 -0.198
-0.315 0.079 -0.255
-0.312 0.437 -0.276
-0.333 0.501 -0.254
-0.404 0.551 -0.207
-0.409 0.064 -0.220
-0.376 0.667 -0.213
-0.314 0.164 -0.263
-0.340 0.195 -0.245
-0.309 0.302 -0.262
-0.367 0.396 -0.218
-0.335 0.590 -0.303
-0.341 0.585 -0.261
-0.351 0.677 -0.275
-0.405 0.609 -0.202
-0.359 0.073 -0.222
-0.333 0.125 -0.245
-0.370 0.196 -0.218
-0.372 0.139 -0.217
-0.356 0.268 -0.228
-0.330 0.348 -0.246
-0.334 0.415 -0.247
-0.363 0.549 -0.223
-0.373 0.309 -0.215
-0.372 0.475 -0.217
-0.354 0.635 -0.234
-0.048 0.658 -0.084
-0.058 0.624 -0.094
-0.067 0.590 -0.094
-0.076 0.542 -0.097
-0.090 0.468 -0.090
-0.090 0.375 -0.109
-0.086 0.232 -0.092
-0.085 0.150 -0.104
-0.052 0.010 -0.135
-0.001 0.012 -0.170
-0.021 0.037 -0.151
-0.005 0.062 -0.169
-0.006 0.118 -0.172
-0.012 0.227 -0.171
-0.013 0.284 -0.173
-0.020 0.363 -0.165
-0.024 0.468 -0.170
-0.061 0.578 -0.149
-0.081 0.437 -0.123
-0.068 0.606 -0.139
-0.049 0.420 -0.152
-0.088 0.025 -0.118
-0.041 0.073 -0.145
-0.086 0.115 -0.108
-0.056 0.246 -0.149
-0.046 0.282 -0.154
-0.059 0.387 -0.146
-0.056 0.337 -0.146
-0.059 0.485 -0.147
-0.086 0.490 -0.110
-0.077 0.537 -0.126
-0.075 0.080 -0.130
-0.065 0.189 -0.139
-0.024 0.190 -0.158
-0.052 0.125 -0.145
-0.075 0.271 -0.111
-0.359 0.664 -0.125
-0.378 0.632 -0.112
-0.382 0.609 -0.116
-0.412 0.513 -0.118
-0.439 0.457 -0.126
-0.439 0.374 -0.123
-0.439 0.328 -0.119
-0.434 0.133 -0.086
-0.433 0.109 -0.099
-0.423 0.089 -0.212
-0.422 0.190 -0.213
-0.410 0.212 -0.214
-0.419 0.264 -0.210
-0.415 0.293 -0.211
-0.414 0.316 -0.210
-0.418 0.336 -0.209
-0.420 0.354 -0.207
-0.416 0.375 -0.207
-0.404 0.437 -0.209
-0.408 0.467 -0.208
-0.424 0.478 -0.196
-0.417 0.552 -0.192
-0.416 0.585 -0.175
-0.379 0.663 -0.146
-0.426 0.456 -0.178
-0.369 0.650 -0.136
-0.431 0.031 -0.114
-0.433 0.082 -0.133
-0.433 0.163 -0.175
-0.415 0.490 -0.140
-0.417 0.539 -0.151
-0.431 0.032 -0.151
-0.436 0.259 -0.165
-0.438 0.210 -0.125
-0.435 0.302 -0.173
-0.395 0.558 -0.130
-0.440 0.412 -0.135
-0.438 0.352 -0.159
-0.431 0.077 -0.182
-0.433 0.211 -0.179
-0.431 0.399 -0.187
-0.434 0.122 -0.159
-0.386 0.610 -0.144
-0.007 0.044 -0.194
-0.004 0.091 -0.173
-0.006 0.140 -0.170
-0.008 0.167 -0.172
-0.009 0.194 -0.173
-0.012 0.254 -0.171
-0.016 0.331 -0.169
-0.018 0.388 -0.174
-0.021 0.426 -0.171
-0.029 0.453 -0.163
-0.033 0.490 -0.163
-0.033 0.519 -0.164
-0.032 0.546 -0.166
-0.063 0.642 -0.144
-0.056 0.649 -0.114
-0.412 0.608 -0.167
-0.129 0.816 -0.208
-0.054 0.817 -0.167
-0.062 0.764 -0.200
-0.148 0.826 -0.195
-0.157 0.847 -0.156
-0.113 0.833 -0.153
-0.073 0.826 -0.139
-0.074 0.823 -0.173
-0.052 0.796 -0.186
-0.118 0.825 -0.184
-0.091 0.000 -0.237
-0.105 0.027 -0.244
-0.117 0.536 -0.284
-0.154 0.792 -0.251
-0.026 0.010 -0.209
-0.110 0.124 -0.248
-0.055 0.689 -0.145
-0.078 0.003 -0.231
-0.135 0.712 -0.286
-0.043 0.737 -0.181
-0.037 0.678 -0.185
-0.118 0.280 -0.255
-0.113 0.202 -0.252
-0.121 0.440 -0.271
-0.081 0.087 -0.229
-0.073 0.137 -0.224
-0.086 0.774 -0.220
-0.081 0.254 -0.228
-0.089 0.306 -0.233
-0.039 0.267 -0.206
-0.019 0.324 -0.187
-0.039 0.440 -0.202
-0.036 0.582 -0.166
-0.092 0.615 -0.263
-0.105 0.649 -0.296
-0.089 0.719 -0.252
-0.127 0.757 -0.253
-0.117 0.795 -0.225
-0.054 0.334 -0.213
-0.031 0.214 -0.204
-0.035 0.388 -0.200
-0.060 0.490 -0.218
-0.064 0.047 -0.223
-0.077 0.189 -0.226
-0.085 0.393 -0.232
-0.086 0.568 -0.244
-0.031 0.506 -0.192
-0.118 0.349 -0.257
-0.025 0.109 -0.204
-0.045 0.544 -0.209
-0.099 0.499 -0.253
-0.037 0.627 -0.169
-0.090 0.446 -0.237
-0.054 0.710 -0.208
-0.071 0.653 -0.235
-0.029 0.167 -0.205
-0.039 0.605 -0.202
-0.287 0.734 -0.278
-0.271 0.792 -0.247
-0.278 0.748 -0.272
-0.292 0.726 -0.282
-0.400 0.715 -0.175
-0.383 0.770 -0.200
-0.341 0.828 -0.156
-0.314 0.809 -0.218
-0.365 0.811 -0.195
-0.379 0.730 -0.205
-0.357 0.747 -0.234
-0.315 0.737 -0.262
-0.363 0.699 -0.222
-0.273 0.757 -0.068
-0.251 0.725 -0.065
-0.159 0.735 -0.064
-0.114 0.736 -0.065
-0.374 0.759 -0.086
-0.286 0.848 -0.172
-0.349 0.749 -0.083
-0.367 0.819 -0.120
-0.312 0.837 -0.169
-0.327 0.781 -0.082
-0.105 0.827 -0.138
-0.315 0.821 -0.112
-0.190 0.741 -0.066
-0.098 0.804 -0.093
-0.248 0.874 -0.125
-0.146 0.783 -0.074
-0.164 0.816 -0.093
-0.226 0.749 -0.068
-0.287 0.801 -0.082
-0.255 0.835 -0.096
-0.216 0.793 -0.081
-0.196 0.866 -0.120
-0.141 0.841 -0.143
-0.280 0.836 -0.130
-0.424 0.038 -0.014
-0.431 0.056 -0.081
-0.314 0.727 -0.072
-0.228 0.051 -0.038
-0.405 0.686 -0.078
-0.189 0.012 -0.056
-0.104 0.067 -0.094
-0.059 0.625 -0.059
-0.134 0.698 -0.058
-0.436 0.150 -0.123
-0.390 0.043 0.007
-0.298 0.699 -0.065
-0.116 0.128 -0.075
-0.101 0.324 -0.085
-0.396 0.574 -0.111
-0.256 0.018 -0.036
-0.094 0.425 -0.083
-0.087 0.468 -0.048
-0.188 0.674 -0.059
-0.116 0.256 -0.048
-0.163 0.213 -0.035
-0.098 0.195 -0.079
-0.316 0.038 -0.032
-0.416 0.466 -0.053
-0.098 0.371 -0.061
-0.432 0.084 -0.086
-0.410 0.389 -0.038
-0.163 0.610 -0.050
-0.161 0.150 -0.043
-0.177 0.094 -0.046
-0.127 0.020 -0.086
-0.160 0.049 -0.062
-0.073 0.579 -0.046
-0.431 0.340 -0.065
-0.416 0.603 -0.093
-0.416 0.567 -0.068
-0.435 0.240 -0.082
-0.431 0.524 -0.096
-0.399 0.524 -0.049
-0.180 0.262 -0.029
-0.129 0.643 -0.047
-0.359 0.702 -0.077
-0.342 0.626 -0.071
-0.321 0.656 -0.068
-0.257 0.088 -0.031
-0.070 0.668 -0.043
-0.436 0.283 -0.096
-0.424 0.292 -0.048
-0.411 0.254 -0.023
-0.377 0.294 -0.024
-0.122 0.300 -0.039
-0.169 0.334 -0.031
-0.254 0.683 -0.059
-0.078 0.518 -0.052
-0.189 0.503 -0.042
-0.131 0.470 -0.034
-0.131 0.548 -0.038
-0.424 0.114 -0.022
-0.334 0.177 -0.037
-0.387 0.162 -0.006
-0.376 0.099 -0.004
-0.325 0.112 -0.036
-0.255 0.155 -0.028
-0.435 0.176 -0.089
-0.433 0.417 -0.082
-0.398 0.334 -0.027
-0.338 0.318 -0.046
-0.374 0.392 -0.035
-0.327 0.475 -0.057
-0.331 0.422 -0.054
-0.379 0.462 -0.041
-0.387 0.595 -0.055
-0.222 0.199 -0.031
-0.426 0.184 -0.035
-0.099 0.424 -0.041
-0.122 0.372 -0.033
-0.383 0.217 -0.013
-0.333 0.244 -0.042
-0.269 0.513 -0.040
-0.263 0.458 -0.036
-0.340 0.534 -0.062
-0.281 0.220 -0.030
-0.243 0.633 -0.053
-0.322 0.570 -0.062
-0.213 0.340 -0.033
-0.306 0.355 -0.044
-0.270 0.386 -0.033
-0.221 0.406 -0.036
-0.276 0.296 -0.030
-0.216 0.579 -0.049
-0.280 0.586 -0.048
-0.174 0.426 -0.036
-0.232 0.281 -0.030
-0.398 0.703 -0.090
-0.404 0.636 -0.068
