-0.565 0.044 -0.740
-0.561 0.080 -0.725
-0.562 0.121 -0.722
-0.561 0.154 -0.708
-0.561 0.178 -0.708
-0.561 0.238 -0.683
-0.558 0.264 -0.699
-0.557 0.408 -0.631
-0.550 0.506 -0.606
-0.640 0.528 -0.697
-0.608 0.408 -0.754
-0.554 0.066 -0.835
-0.584 0.282 -0.790
-0.689 0.666 -0.663
-0.518 0.648 -0.567
-0.542 0.661 -0.571
-0.568 0.125 -0.834
-0.618 0.464 -0.728
-0.603 0.520 -0.686
-0.556 0.549 -0.603
-0.562 0.081 -0.743
-0.564 0.668 -0.590
-0.582 0.206 -0.812
-0.572 0.227 -0.774
-0.591 0.339 -0.774
-0.561 0.411 -0.684
-0.666 0.593 -0.660
-0.624 0.595 -0.647
-0.641 0.690 -0.630
-0.549 0.604 -0.587
-0.549 0.104 -0.786
-0.566 0.162 -0.801
-0.553 0.218 -0.740
-0.551 0.163 -0.754
-0.564 0.292 -0.734
-0.582 0.376 -0.737
-0.588 0.439 -0.713
-0.579 0.558 -0.640
-0.557 0.325 -0.703
-0.564 0.486 -0.656
-0.598 0.644 -0.617
-0.030 0.639 -0.544
-0.029 0.610 -0.565
-0.034 0.577 -0.578
-0.038 0.532 -0.597
-0.055 0.461 -0.617
-0.045 0.371 -0.645
-0.062 0.228 -0.659
-0.056 0.148 -0.676
-0.019 0.008 -0.709
0.043 0.007 -0.704
0.017 0.032 -0.697
0.042 0.056 -0.692
0.046 0.111 -0.682
0.044 0.217 -0.659
0.047 0.273 -0.647
0.040 0.350 -0.629
0.047 0.453 -0.609
0.018 0.567 -0.601
-0.026 0.432 -0.637
0.008 0.594 -0.595
0.015 0.411 -0.632
-0.056 0.027 -0.714
-0.000 0.070 -0.698
-0.056 0.113 -0.687
0.000 0.242 -0.676
0.013 0.277 -0.664
0.003 0.381 -0.644
0.003 0.331 -0.654
0.010 0.476 -0.624
-0.036 0.484 -0.623
-0.014 0.530 -0.615
-0.036 0.080 -0.705
-0.016 0.187 -0.684
0.026 0.183 -0.669
-0.006 0.123 -0.693
-0.039 0.267 -0.660
-0.453 0.662 -0.579
-0.446 0.625 -0.572
-0.452 0.602 -0.578
-0.467 0.502 -0.585
-0.483 0.442 -0.580
-0.480 0.363 -0.602
-0.477 0.318 -0.612
-0.455 0.123 -0.640
-0.466 0.102 -0.653
-0.561 0.100 -0.720
-0.562 0.198 -0.692
-0.561 0.222 -0.697
-0.559 0.269 -0.672
-0.560 0.299 -0.668
-0.560 0.320 -0.662
-0.559 0.338 -0.652
-0.558 0.355 -0.644
-0.558 0.376 -0.643
-0.557 0.440 -0.637
-0.556 0.467 -0.624
-0.546 0.473 -0.605
-0.541 0.545 -0.590
-0.523 0.576 -0.582
-0.481 0.656 -0.573
-0.529 0.449 -0.605
-0.467 0.646 -0.581
-0.479 0.029 -0.683
-0.494 0.081 -0.679
-0.529 0.166 -0.678
-0.488 0.482 -0.596
-0.499 0.530 -0.585
-0.509 0.037 -0.703
-0.521 0.256 -0.646
-0.484 0.205 -0.644
-0.529 0.299 -0.637
-0.470 0.552 -0.589
-0.492 0.400 -0.594
-0.515 0.345 -0.618
-0.536 0.083 -0.704
-0.534 0.212 -0.666
-0.540 0.394 -0.618
-0.517 0.124 -0.681
-0.481 0.605 -0.584
0.058 0.043 -0.715
0.046 0.084 -0.687
0.045 0.132 -0.676
0.046 0.159 -0.672
0.047 0.185 -0.666
0.045 0.244 -0.653
0.043 0.319 -0.636
0.049 0.375 -0.625
0.046 0.412 -0.617
0.037 0.439 -0.614
0.037 0.476 -0.607
0.040 0.503 -0.601
0.044 0.530 -0.594
0.019 0.628 -0.583
-0.007 0.633 -0.564
-0.514 0.598 -0.574
-0.015 0.809 -0.574
-0.021 0.752 -0.514
0.050 0.735 -0.549
-0.053 0.830 -0.568
-0.153 0.845 -0.517
-0.086 0.803 -0.521
-0.056 0.790 -0.494
-0.033 0.771 -0.524
0.010 0.746 -0.531
-0.046 0.806 -0.551
0.041 0.026 -0.817
0.042 0.056 -0.825
0.154 0.544 -0.692
0.060 0.811 -0.624
0.056 0.016 -0.748
0.058 0.151 -0.806
0.028 0.668 -0.562
0.043 0.025 -0.802
0.222 0.713 -0.644
0.063 0.702 -0.533
0.071 0.653 -0.560
0.084 0.302 -0.773
0.072 0.226 -0.790
0.126 0.455 -0.729
0.050 0.106 -0.782
0.056 0.152 -0.760
0.054 0.756 -0.571
0.069 0.266 -0.738
0.075 0.319 -0.731
0.065 0.267 -0.688
0.059 0.314 -0.649
0.071 0.432 -0.639
0.045 0.565 -0.586
0.146 0.612 -0.638
0.184 0.647 -0.642
0.138 0.716 -0.598
0.114 0.763 -0.615
0.031 0.789 -0.585
0.069 0.335 -0.687
0.064 0.213 -0.695
0.066 0.381 -0.650
0.087 0.486 -0.648
0.047 0.063 -0.775
0.062 0.203 -0.750
0.087 0.401 -0.703
0.122 0.566 -0.648
0.067 0.493 -0.611
0.098 0.368 -0.752
0.059 0.110 -0.718
0.083 0.533 -0.617
0.120 0.505 -0.685
0.051 0.606 -0.575
0.098 0.452 -0.692
0.091 0.690 -0.562
0.120 0.644 -0.604
0.062 0.167 -0.706
0.081 0.588 -0.592
-0.527 0.731 -0.666
-0.430 0.774 -0.641
-0.500 0.741 -0.664
-0.543 0.725 -0.665
-0.514 0.694 -0.543
-0.490 0.753 -0.541
-0.366 0.809 -0.511
-0.411 0.799 -0.583
-0.428 0.786 -0.532
-0.529 0.726 -0.559
-0.525 0.757 -0.585
-0.531 0.738 -0.635
-0.567 0.705 -0.586
-0.276 0.723 -0.492
-0.254 0.696 -0.510
-0.163 0.703 -0.498
-0.120 0.699 -0.487
-0.378 0.731 -0.492
-0.290 0.847 -0.533
-0.353 0.721 -0.500
-0.368 0.798 -0.468
-0.335 0.827 -0.530
-0.329 0.747 -0.483
-0.088 0.799 -0.506
-0.320 0.798 -0.483
-0.194 0.709 -0.499
-0.100 0.767 -0.468
-0.249 0.852 -0.485
-0.151 0.746 -0.476
-0.166 0.786 -0.480
-0.229 0.718 -0.498
-0.288 0.766 -0.476
-0.257 0.805 -0.476
-0.218 0.761 -0.486
-0.196 0.842 -0.485
-0.134 0.825 -0.511
-0.288 0.821 -0.500
-0.400 0.019 -0.619
-0.453 0.048 -0.656
-0.318 0.700 -0.510
-0.217 0.049 -0.685
-0.410 0.661 -0.520
-0.175 0.012 -0.696
-0.081 0.067 -0.694
-0.054 0.604 -0.541
-0.137 0.668 -0.511
-0.487 0.145 -0.654
-0.360 0.023 -0.621
-0.301 0.674 -0.522
-0.098 0.126 -0.671
-0.073 0.319 -0.645
-0.452 0.564 -0.577
-0.244 0.016 -0.683
-0.066 0.419 -0.623
-0.084 0.456 -0.586
-0.191 0.651 -0.531
-0.109 0.250 -0.633
-0.156 0.208 -0.644
-0.079 0.191 -0.657
-0.305 0.034 -0.683
-0.409 0.443 -0.556
-0.086 0.363 -0.619
-0.456 0.076 -0.652
-0.396 0.367 -0.565
-0.164 0.595 -0.560
-0.153 0.146 -0.658
-0.166 0.092 -0.674
-0.106 0.021 -0.705
-0.145 0.049 -0.689
-0.073 0.560 -0.552
-0.430 0.322 -0.583
-0.437 0.583 -0.544
-0.418 0.543 -0.543
-0.447 0.227 -0.615
-0.452 0.504 -0.557
-0.394 0.501 -0.552
-0.175 0.257 -0.641
-0.129 0.622 -0.542
-0.365 0.679 -0.523
-0.348 0.611 -0.558
-0.326 0.638 -0.546
-0.247 0.087 -0.681
-0.072 0.641 -0.518
-0.457 0.272 -0.614
-0.416 0.272 -0.585
-0.390 0.232 -0.584
-0.361 0.275 -0.592
-0.118 0.293 -0.622
-0.165 0.328 -0.628
-0.257 0.659 -0.529
-0.074 0.503 -0.574
-0.188 0.492 -0.593
-0.130 0.458 -0.592
-0.131 0.532 -0.570
-0.403 0.094 -0.608
-0.325 0.168 -0.648
-0.362 0.141 -0.603
-0.352 0.081 -0.622
-0.315 0.105 -0.664
-0.247 0.152 -0.669
-0.458 0.166 -0.629
-0.444 0.398 -0.571
-0.381 0.312 -0.575
-0.335 0.307 -0.621
-0.363 0.373 -0.581
-0.329 0.463 -0.598
-0.331 0.411 -0.607
-0.372 0.442 -0.569
-0.388 0.572 -0.546
-0.215 0.195 -0.657
-0.410 0.164 -0.601
-0.098 0.413 -0.595
-0.120 0.363 -0.607
-0.362 0.197 -0.598
-0.327 0.234 -0.638
-0.269 0.499 -0.586
-0.262 0.446 -0.599
-0.344 0.520 -0.583
-0.274 0.213 -0.647
-0.245 0.615 -0.551
-0.326 0.556 -0.576
-0.209 0.333 -0.627
-0.304 0.345 -0.621
-0.267 0.375 -0.612
-0.218 0.398 -0.617
-0.270 0.287 -0.627
-0.217 0.565 -0.572
-0.282 0.569 -0.565
-0.172 0.418 -0.612
-0.227 0.274 -0.636
-0.407 0.682 -0.526
-0.406 0.611 -0.530
