-0.570 0.048 -0.773
-0.565 0.085 -0.758
-0.567 0.125 -0.754
-0.565 0.158 -0.739
-0.566 0.181 -0.738
-0.563 0.241 -0.712
-0.561 0.267 -0.728
-0.558 0.409 -0.654
-0.550 0.506 -0.626
-0.643 0.531 -0.712
-0.615 0.413 -0.774
-0.568 0.073 -0.869
-0.595 0.288 -0.815
-0.689 0.666 -0.673
-0.517 0.646 -0.581
-0.541 0.659 -0.585
-0.582 0.132 -0.864
-0.623 0.468 -0.747
-0.606 0.523 -0.703
-0.556 0.548 -0.621
-0.569 0.086 -0.775
-0.564 0.667 -0.602
-0.594 0.213 -0.839
-0.582 0.232 -0.802
-0.600 0.345 -0.797
-0.564 0.414 -0.707
-0.668 0.594 -0.671
-0.625 0.596 -0.660
-0.641 0.690 -0.640
-0.549 0.603 -0.603
-0.559 0.110 -0.819
-0.578 0.168 -0.831
-0.560 0.223 -0.769
-0.558 0.168 -0.785
-0.571 0.297 -0.760
-0.588 0.381 -0.760
-0.592 0.442 -0.734
-0.579 0.559 -0.657
-0.561 0.329 -0.729
-0.566 0.488 -0.677
-0.599 0.644 -0.629
-0.031 0.639 -0.564
-0.029 0.610 -0.587
-0.034 0.578 -0.601
-0.037 0.534 -0.623
-0.055 0.464 -0.646
-0.045 0.375 -0.678
-0.061 0.233 -0.697
-0.055 0.153 -0.716
-0.017 0.014 -0.751
0.044 0.012 -0.742
0.018 0.037 -0.737
0.043 0.061 -0.730
0.047 0.116 -0.718
0.045 0.221 -0.692
0.047 0.276 -0.679
0.040 0.353 -0.659
0.047 0.454 -0.634
0.018 0.568 -0.623
-0.025 0.436 -0.666
0.009 0.596 -0.616
0.016 0.414 -0.660
-0.055 0.034 -0.757
0.001 0.076 -0.737
-0.055 0.119 -0.728
0.001 0.247 -0.710
0.014 0.281 -0.697
0.004 0.384 -0.674
0.004 0.335 -0.686
0.010 0.479 -0.650
-0.035 0.487 -0.650
-0.013 0.533 -0.640
-0.035 0.086 -0.746
-0.014 0.192 -0.721
0.027 0.187 -0.704
-0.004 0.128 -0.731
-0.038 0.272 -0.695
-0.453 0.662 -0.596
-0.446 0.624 -0.590
-0.452 0.602 -0.597
-0.466 0.502 -0.608
-0.482 0.441 -0.605
-0.479 0.364 -0.630
-0.476 0.319 -0.643
-0.452 0.127 -0.683
-0.464 0.106 -0.696
-0.565 0.104 -0.752
-0.565 0.201 -0.722
-0.564 0.226 -0.726
-0.562 0.272 -0.700
-0.563 0.301 -0.695
-0.562 0.322 -0.688
-0.561 0.340 -0.678
-0.559 0.357 -0.669
-0.559 0.378 -0.667
-0.558 0.441 -0.659
-0.556 0.468 -0.645
-0.546 0.473 -0.626
-0.540 0.544 -0.609
-0.523 0.575 -0.600
-0.481 0.655 -0.589
-0.529 0.450 -0.628
-0.467 0.646 -0.597
-0.479 0.034 -0.725
-0.494 0.085 -0.719
-0.531 0.169 -0.710
-0.488 0.482 -0.620
-0.499 0.529 -0.606
-0.511 0.041 -0.742
-0.521 0.258 -0.678
-0.483 0.208 -0.682
-0.529 0.300 -0.666
-0.470 0.552 -0.610
-0.491 0.400 -0.621
-0.515 0.346 -0.646
-0.539 0.087 -0.739
-0.535 0.215 -0.698
-0.540 0.395 -0.643
-0.518 0.128 -0.716
-0.480 0.605 -0.602
0.060 0.048 -0.752
0.047 0.089 -0.724
0.046 0.137 -0.711
0.047 0.163 -0.707
0.047 0.189 -0.700
0.045 0.248 -0.686
0.043 0.322 -0.666
0.049 0.378 -0.653
0.046 0.414 -0.644
0.037 0.441 -0.640
0.037 0.478 -0.632
0.040 0.505 -0.625
0.044 0.531 -0.617
0.019 0.629 -0.602
-0.006 0.633 -0.584
-0.514 0.597 -0.591
-0.014 0.810 -0.584
-0.022 0.750 -0.526
0.049 0.733 -0.560
-0.052 0.830 -0.578
-0.153 0.845 -0.527
-0.086 0.802 -0.532
-0.056 0.789 -0.505
-0.033 0.770 -0.535
0.009 0.745 -0.542
-0.046 0.806 -0.561
0.048 0.035 -0.855
0.049 0.064 -0.863
0.158 0.548 -0.710
0.061 0.812 -0.633
0.059 0.023 -0.786
0.065 0.159 -0.840
0.028 0.668 -0.579
0.048 0.033 -0.840
0.222 0.713 -0.654
0.061 0.699 -0.546
0.070 0.651 -0.576
0.091 0.309 -0.801
0.078 0.233 -0.821
0.131 0.460 -0.751
0.055 0.113 -0.818
0.060 0.159 -0.794
0.054 0.756 -0.582
0.073 0.272 -0.768
0.080 0.325 -0.760
0.067 0.271 -0.719
0.059 0.318 -0.678
0.072 0.435 -0.664
0.045 0.565 -0.607
0.147 0.613 -0.654
0.185 0.648 -0.655
0.138 0.716 -0.609
0.114 0.763 -0.625
0.031 0.789 -0.595
0.072 0.339 -0.715
0.066 0.218 -0.727
0.067 0.384 -0.677
0.088 0.489 -0.671
0.052 0.070 -0.812
0.067 0.209 -0.783
0.090 0.406 -0.728
0.123 0.568 -0.666
0.067 0.494 -0.634
0.104 0.374 -0.778
0.061 0.116 -0.753
0.084 0.535 -0.638
0.122 0.509 -0.706
0.051 0.606 -0.593
0.101 0.456 -0.715
0.091 0.688 -0.576
0.121 0.644 -0.619
0.065 0.172 -0.739
0.081 0.588 -0.610
-0.528 0.733 -0.676
-0.432 0.776 -0.652
-0.501 0.743 -0.675
-0.544 0.726 -0.676
-0.513 0.692 -0.556
-0.490 0.751 -0.552
-0.365 0.807 -0.522
-0.412 0.799 -0.593
-0.427 0.784 -0.542
-0.528 0.724 -0.570
-0.526 0.756 -0.594
-0.532 0.739 -0.645
-0.567 0.704 -0.597
-0.276 0.720 -0.510
-0.254 0.695 -0.529
-0.163 0.702 -0.517
-0.120 0.697 -0.506
-0.378 0.728 -0.507
-0.290 0.847 -0.543
-0.353 0.719 -0.516
-0.367 0.794 -0.480
-0.335 0.826 -0.540
-0.329 0.744 -0.498
-0.088 0.798 -0.517
-0.319 0.795 -0.495
-0.194 0.708 -0.519
-0.100 0.763 -0.481
-0.249 0.849 -0.494
-0.151 0.743 -0.493
-0.166 0.783 -0.494
-0.229 0.716 -0.517
-0.288 0.763 -0.491
-0.257 0.801 -0.489
-0.218 0.759 -0.502
-0.196 0.840 -0.496
-0.134 0.825 -0.522
-0.288 0.819 -0.511
-0.397 0.022 -0.667
-0.450 0.052 -0.702
-0.318 0.698 -0.527
-0.216 0.056 -0.733
-0.410 0.659 -0.537
-0.174 0.019 -0.743
-0.080 0.073 -0.737
-0.054 0.603 -0.563
-0.137 0.667 -0.532
-0.486 0.148 -0.692
-0.357 0.026 -0.669
-0.301 0.672 -0.541
-0.097 0.131 -0.713
-0.073 0.324 -0.680
-0.451 0.564 -0.598
-0.243 0.023 -0.733
-0.065 0.423 -0.654
-0.084 0.458 -0.616
-0.190 0.651 -0.553
-0.109 0.255 -0.671
-0.156 0.213 -0.685
-0.078 0.196 -0.697
-0.304 0.040 -0.733
-0.408 0.443 -0.584
-0.085 0.367 -0.653
-0.453 0.080 -0.697
-0.394 0.367 -0.597
-0.164 0.596 -0.583
-0.152 0.152 -0.701
-0.165 0.098 -0.719
-0.105 0.028 -0.750
-0.144 0.056 -0.735
-0.073 0.560 -0.576
-0.428 0.322 -0.615
-0.436 0.581 -0.564
-0.417 0.542 -0.566
-0.445 0.229 -0.651
-0.451 0.503 -0.580
-0.393 0.501 -0.577
-0.174 0.262 -0.681
-0.129 0.622 -0.564
-0.365 0.678 -0.541
-0.348 0.611 -0.579
-0.326 0.638 -0.566
-0.246 0.093 -0.728
-0.073 0.639 -0.539
-0.456 0.273 -0.648
-0.413 0.273 -0.621
-0.388 0.233 -0.622
-0.359 0.277 -0.630
-0.118 0.297 -0.659
-0.165 0.332 -0.665
-0.257 0.658 -0.550
-0.075 0.505 -0.601
-0.188 0.495 -0.622
-0.130 0.461 -0.622
-0.131 0.534 -0.597
-0.400 0.096 -0.653
-0.324 0.173 -0.692
-0.359 0.144 -0.646
-0.349 0.085 -0.668
-0.315 0.111 -0.711
-0.247 0.158 -0.714
-0.455 0.169 -0.671
-0.442 0.398 -0.600
-0.378 0.313 -0.610
-0.334 0.311 -0.658
-0.362 0.375 -0.613
-0.329 0.466 -0.627
-0.331 0.414 -0.639
-0.371 0.443 -0.598
-0.387 0.571 -0.568
-0.215 0.201 -0.700
-0.408 0.167 -0.642
-0.098 0.416 -0.626
-0.121 0.366 -0.642
-0.359 0.199 -0.639
-0.327 0.239 -0.678
-0.269 0.501 -0.614
-0.262 0.449 -0.630
-0.344 0.522 -0.609
-0.273 0.219 -0.689
-0.245 0.615 -0.574
-0.326 0.558 -0.600
-0.209 0.338 -0.665
-0.304 0.349 -0.657
-0.267 0.379 -0.647
-0.218 0.401 -0.650
-0.270 0.291 -0.667
-0.217 0.567 -0.597
-0.282 0.570 -0.589
-0.172 0.421 -0.645
-0.227 0.279 -0.677
-0.407 0.680 -0.542
-0.405 0.609 -0.550
