-0.575 0.054 -0.808
-0.569 0.090 -0.791
-0.571 0.130 -0.786
-0.569 0.162 -0.770
-0.569 0.186 -0.768
-0.565 0.245 -0.741
-0.564 0.271 -0.756
-0.557 0.410 -0.678
-0.549 0.506 -0.645
-0.644 0.535 -0.729
-0.618 0.419 -0.796
-0.581 0.082 -0.902
-0.603 0.295 -0.840
-0.689 0.666 -0.683
-0.516 0.644 -0.596
-0.540 0.657 -0.598
-0.595 0.140 -0.895
-0.625 0.474 -0.766
-0.606 0.526 -0.721
-0.555 0.548 -0.639
-0.574 0.091 -0.809
-0.563 0.666 -0.614
-0.605 0.220 -0.867
-0.590 0.239 -0.829
-0.606 0.351 -0.820
-0.566 0.417 -0.730
-0.668 0.595 -0.684
-0.624 0.596 -0.674
-0.641 0.689 -0.650
-0.547 0.602 -0.618
-0.569 0.118 -0.852
-0.588 0.176 -0.861
-0.566 0.228 -0.799
-0.565 0.174 -0.816
-0.575 0.302 -0.787
-0.592 0.386 -0.783
-0.594 0.447 -0.755
-0.578 0.560 -0.674
-0.564 0.333 -0.755
-0.566 0.490 -0.697
-0.598 0.644 -0.642
-0.032 0.637 -0.582
-0.030 0.610 -0.606
-0.034 0.579 -0.622
-0.038 0.536 -0.646
-0.055 0.467 -0.673
-0.044 0.380 -0.709
-0.061 0.239 -0.734
-0.054 0.159 -0.755
-0.016 0.022 -0.793
0.044 0.018 -0.782
0.019 0.044 -0.777
0.043 0.067 -0.768
0.047 0.121 -0.754
0.045 0.226 -0.725
0.047 0.280 -0.710
0.039 0.356 -0.687
0.046 0.456 -0.658
0.018 0.570 -0.643
-0.025 0.440 -0.694
0.009 0.597 -0.636
0.016 0.418 -0.688
-0.053 0.042 -0.801
0.002 0.082 -0.776
-0.054 0.126 -0.769
0.003 0.253 -0.744
0.015 0.286 -0.730
0.005 0.389 -0.703
0.004 0.340 -0.717
0.010 0.482 -0.674
-0.035 0.491 -0.676
-0.013 0.536 -0.663
-0.033 0.094 -0.787
-0.013 0.198 -0.758
0.027 0.193 -0.739
-0.003 0.135 -0.769
-0.037 0.277 -0.730
-0.452 0.661 -0.611
-0.445 0.623 -0.607
-0.451 0.601 -0.615
-0.465 0.502 -0.630
-0.480 0.441 -0.629
-0.478 0.365 -0.658
-0.475 0.321 -0.673
-0.451 0.131 -0.725
-0.463 0.110 -0.737
-0.569 0.109 -0.785
-0.568 0.205 -0.752
-0.567 0.230 -0.755
-0.563 0.275 -0.728
-0.564 0.304 -0.722
-0.562 0.325 -0.714
-0.561 0.343 -0.703
-0.560 0.359 -0.695
-0.559 0.380 -0.692
-0.558 0.442 -0.681
-0.556 0.469 -0.667
-0.545 0.473 -0.647
-0.539 0.543 -0.627
-0.521 0.574 -0.617
-0.480 0.654 -0.604
-0.528 0.450 -0.651
-0.466 0.645 -0.613
-0.480 0.039 -0.768
-0.495 0.090 -0.759
-0.532 0.173 -0.744
-0.487 0.482 -0.642
-0.497 0.529 -0.626
-0.514 0.047 -0.782
-0.521 0.261 -0.709
-0.483 0.212 -0.717
-0.529 0.303 -0.695
-0.469 0.552 -0.629
-0.489 0.400 -0.647
-0.514 0.347 -0.673
-0.542 0.092 -0.775
-0.536 0.218 -0.730
-0.539 0.396 -0.667
-0.520 0.132 -0.752
-0.479 0.604 -0.619
0.061 0.055 -0.790
0.047 0.095 -0.761
0.046 0.142 -0.746
0.047 0.168 -0.741
0.047 0.194 -0.734
0.045 0.252 -0.718
0.043 0.326 -0.696
0.048 0.381 -0.681
0.045 0.417 -0.670
0.036 0.444 -0.666
0.037 0.480 -0.656
0.039 0.506 -0.647
0.043 0.532 -0.638
0.019 0.629 -0.620
-0.007 0.633 -0.601
-0.512 0.595 -0.608
-0.014 0.810 -0.594
-0.023 0.749 -0.538
0.049 0.732 -0.572
-0.052 0.831 -0.587
-0.153 0.845 -0.537
-0.086 0.802 -0.543
-0.057 0.787 -0.516
-0.034 0.770 -0.546
0.009 0.744 -0.554
-0.046 0.806 -0.571
0.054 0.045 -0.894
0.056 0.074 -0.900
0.158 0.552 -0.728
0.062 0.813 -0.642
0.062 0.030 -0.824
0.072 0.168 -0.874
0.027 0.667 -0.595
0.054 0.042 -0.879
0.222 0.713 -0.664
0.059 0.697 -0.560
0.069 0.650 -0.591
0.096 0.317 -0.829
0.085 0.242 -0.852
0.133 0.466 -0.772
0.061 0.122 -0.853
0.065 0.166 -0.829
0.054 0.756 -0.593
0.077 0.279 -0.798
0.083 0.331 -0.788
0.069 0.276 -0.749
0.059 0.322 -0.707
0.072 0.438 -0.689
0.044 0.565 -0.626
0.146 0.615 -0.669
0.185 0.649 -0.667
0.137 0.716 -0.620
0.115 0.764 -0.635
0.032 0.789 -0.605
0.073 0.344 -0.743
0.068 0.224 -0.759
0.067 0.388 -0.704
0.088 0.492 -0.692
0.056 0.079 -0.850
0.071 0.217 -0.815
0.092 0.411 -0.753
0.123 0.571 -0.684
0.067 0.496 -0.656
0.107 0.382 -0.803
0.063 0.122 -0.788
0.083 0.536 -0.658
0.123 0.513 -0.726
0.049 0.606 -0.611
0.102 0.461 -0.738
0.089 0.687 -0.589
0.120 0.644 -0.633
0.066 0.178 -0.773
0.080 0.589 -0.628
-0.529 0.735 -0.686
-0.432 0.778 -0.662
-0.502 0.745 -0.685
-0.545 0.728 -0.686
-0.511 0.689 -0.569
-0.489 0.748 -0.563
-0.365 0.805 -0.532
-0.412 0.800 -0.603
-0.427 0.783 -0.552
-0.527 0.722 -0.581
-0.525 0.755 -0.604
-0.532 0.740 -0.655
-0.566 0.702 -0.608
-0.275 0.719 -0.528
-0.254 0.694 -0.548
-0.163 0.700 -0.536
-0.120 0.695 -0.525
-0.377 0.725 -0.521
-0.290 0.847 -0.553
-0.352 0.716 -0.531
-0.366 0.790 -0.491
-0.335 0.826 -0.551
-0.328 0.741 -0.513
-0.089 0.797 -0.528
-0.318 0.791 -0.508
-0.193 0.707 -0.538
-0.101 0.760 -0.495
-0.249 0.846 -0.504
-0.151 0.741 -0.510
-0.166 0.781 -0.509
-0.229 0.715 -0.536
-0.287 0.759 -0.506
-0.256 0.798 -0.502
-0.218 0.758 -0.520
-0.196 0.838 -0.507
-0.134 0.824 -0.532
-0.287 0.817 -0.523
-0.394 0.026 -0.716
-0.450 0.058 -0.746
-0.317 0.696 -0.545
-0.215 0.064 -0.781
-0.409 0.656 -0.553
-0.173 0.028 -0.792
-0.079 0.081 -0.780
-0.055 0.602 -0.583
-0.137 0.666 -0.551
-0.486 0.152 -0.730
-0.355 0.031 -0.719
-0.301 0.671 -0.560
-0.097 0.138 -0.755
-0.072 0.329 -0.715
-0.450 0.563 -0.617
-0.242 0.031 -0.783
-0.065 0.426 -0.683
-0.084 0.460 -0.644
-0.190 0.651 -0.574
-0.109 0.260 -0.709
-0.156 0.219 -0.726
-0.078 0.202 -0.736
-0.303 0.049 -0.783
-0.405 0.442 -0.610
-0.085 0.371 -0.686
-0.453 0.085 -0.740
-0.392 0.367 -0.628
-0.164 0.596 -0.606
-0.152 0.158 -0.744
-0.165 0.105 -0.764
-0.103 0.036 -0.796
-0.143 0.063 -0.781
-0.074 0.559 -0.599
-0.426 0.323 -0.648
-0.435 0.579 -0.583
-0.415 0.540 -0.587
-0.444 0.232 -0.688
-0.449 0.501 -0.602
-0.391 0.500 -0.601
-0.174 0.268 -0.721
-0.130 0.622 -0.585
-0.364 0.676 -0.557
-0.347 0.611 -0.599
-0.326 0.637 -0.586
-0.246 0.101 -0.776
-0.073 0.636 -0.557
-0.455 0.276 -0.681
-0.411 0.274 -0.656
-0.385 0.235 -0.661
-0.357 0.280 -0.667
-0.118 0.302 -0.696
-0.164 0.337 -0.702
-0.256 0.658 -0.570
-0.075 0.506 -0.627
-0.188 0.498 -0.649
-0.130 0.463 -0.651
-0.131 0.535 -0.622
-0.397 0.100 -0.698
-0.324 0.179 -0.735
-0.357 0.148 -0.690
-0.347 0.090 -0.715
-0.314 0.118 -0.757
-0.246 0.165 -0.759
-0.454 0.172 -0.710
-0.440 0.398 -0.628
-0.376 0.315 -0.645
-0.334 0.315 -0.695
-0.360 0.376 -0.646
-0.329 0.469 -0.656
-0.331 0.417 -0.670
-0.370 0.444 -0.626
-0.386 0.569 -0.588
-0.214 0.208 -0.743
-0.405 0.169 -0.683
-0.098 0.418 -0.657
-0.121 0.370 -0.676
-0.357 0.202 -0.681
-0.326 0.244 -0.719
-0.269 0.504 -0.641
-0.262 0.452 -0.660
-0.343 0.523 -0.634
-0.273 0.225 -0.731
-0.245 0.616 -0.596
-0.326 0.559 -0.624
-0.209 0.343 -0.702
-0.304 0.354 -0.692
-0.267 0.383 -0.682
-0.218 0.406 -0.683
-0.270 0.296 -0.706
-0.217 0.568 -0.621
-0.281 0.571 -0.613
-0.172 0.425 -0.676
-0.226 0.285 -0.716
-0.406 0.678 -0.557
-0.404 0.607 -0.568
