-0.579 0.061 -0.843
-0.572 0.096 -0.826
-0.574 0.137 -0.819
-0.571 0.168 -0.803
-0.571 0.191 -0.800
-0.566 0.249 -0.771
-0.566 0.276 -0.784
-0.556 0.412 -0.701
-0.548 0.507 -0.665
-0.643 0.538 -0.746
-0.619 0.426 -0.818
-0.592 0.092 -0.936
-0.608 0.303 -0.866
-0.689 0.666 -0.693
-0.515 0.642 -0.610
-0.539 0.655 -0.611
-0.605 0.150 -0.925
-0.625 0.479 -0.786
-0.605 0.530 -0.740
-0.554 0.548 -0.657
-0.578 0.098 -0.843
-0.562 0.664 -0.627
-0.613 0.229 -0.894
-0.595 0.246 -0.858
-0.610 0.359 -0.845
-0.566 0.421 -0.753
-0.667 0.595 -0.698
-0.624 0.597 -0.688
-0.641 0.689 -0.660
-0.546 0.601 -0.633
-0.576 0.126 -0.886
-0.596 0.184 -0.891
-0.570 0.235 -0.829
-0.570 0.181 -0.848
-0.578 0.308 -0.814
-0.593 0.392 -0.807
-0.594 0.452 -0.777
-0.577 0.562 -0.691
-0.565 0.338 -0.782
-0.565 0.492 -0.717
-0.597 0.643 -0.655
-0.032 0.635 -0.598
-0.030 0.609 -0.623
-0.035 0.579 -0.641
-0.038 0.537 -0.667
-0.055 0.471 -0.698
-0.044 0.385 -0.738
-0.061 0.245 -0.770
-0.054 0.167 -0.795
-0.016 0.031 -0.837
0.044 0.026 -0.823
0.019 0.051 -0.818
0.043 0.074 -0.807
0.047 0.128 -0.791
0.044 0.231 -0.758
0.046 0.285 -0.740
0.038 0.360 -0.715
0.045 0.458 -0.682
0.017 0.571 -0.662
-0.025 0.444 -0.720
0.008 0.598 -0.653
0.016 0.421 -0.714
-0.052 0.051 -0.845
0.002 0.090 -0.817
-0.053 0.134 -0.810
0.003 0.259 -0.778
0.015 0.292 -0.761
0.005 0.393 -0.730
0.004 0.345 -0.747
0.010 0.485 -0.697
-0.035 0.494 -0.699
-0.013 0.538 -0.684
-0.032 0.102 -0.828
-0.013 0.205 -0.794
0.027 0.199 -0.774
-0.003 0.142 -0.808
-0.037 0.283 -0.764
-0.451 0.660 -0.626
-0.444 0.622 -0.624
-0.450 0.600 -0.632
-0.463 0.502 -0.651
-0.479 0.441 -0.653
-0.477 0.366 -0.686
-0.474 0.323 -0.703
-0.451 0.137 -0.765
-0.463 0.116 -0.778
-0.571 0.115 -0.819
-0.569 0.210 -0.782
-0.569 0.235 -0.785
-0.564 0.279 -0.757
-0.564 0.308 -0.749
-0.563 0.328 -0.741
-0.561 0.346 -0.729
-0.559 0.361 -0.720
-0.558 0.382 -0.717
-0.557 0.444 -0.704
-0.555 0.470 -0.688
-0.543 0.474 -0.669
-0.538 0.543 -0.645
-0.520 0.573 -0.633
-0.479 0.653 -0.618
-0.527 0.451 -0.674
-0.465 0.644 -0.629
-0.481 0.046 -0.811
-0.496 0.097 -0.798
-0.533 0.178 -0.778
-0.486 0.483 -0.664
-0.496 0.528 -0.645
-0.515 0.054 -0.822
-0.521 0.265 -0.740
-0.482 0.216 -0.752
-0.528 0.305 -0.723
-0.468 0.551 -0.648
-0.488 0.401 -0.672
-0.513 0.349 -0.701
-0.544 0.098 -0.811
-0.536 0.223 -0.762
-0.538 0.397 -0.692
-0.520 0.138 -0.788
-0.478 0.603 -0.636
0.062 0.062 -0.829
0.047 0.102 -0.799
0.045 0.148 -0.783
0.047 0.174 -0.777
0.047 0.200 -0.768
0.045 0.257 -0.750
0.042 0.330 -0.725
0.047 0.384 -0.707
0.045 0.419 -0.695
0.035 0.446 -0.690
0.036 0.481 -0.678
0.039 0.508 -0.668
0.042 0.533 -0.657
0.018 0.629 -0.636
-0.008 0.632 -0.617
-0.511 0.594 -0.624
-0.014 0.810 -0.604
-0.023 0.748 -0.549
0.048 0.731 -0.584
-0.051 0.831 -0.597
-0.153 0.845 -0.547
-0.086 0.801 -0.554
-0.057 0.786 -0.527
-0.034 0.769 -0.558
0.008 0.743 -0.565
-0.045 0.806 -0.581
0.060 0.056 -0.933
0.062 0.086 -0.938
0.158 0.557 -0.745
0.063 0.814 -0.651
0.064 0.039 -0.864
0.077 0.178 -0.908
0.026 0.666 -0.609
0.059 0.053 -0.918
0.222 0.713 -0.674
0.058 0.695 -0.573
0.067 0.649 -0.605
0.099 0.326 -0.857
0.089 0.251 -0.883
0.134 0.473 -0.794
0.065 0.132 -0.889
0.068 0.175 -0.863
0.054 0.755 -0.603
0.079 0.287 -0.828
0.085 0.339 -0.815
0.069 0.282 -0.779
0.059 0.326 -0.736
0.071 0.441 -0.713
0.043 0.566 -0.645
0.146 0.617 -0.684
0.185 0.650 -0.680
0.137 0.715 -0.631
0.115 0.764 -0.644
0.032 0.790 -0.615
0.074 0.350 -0.770
0.069 0.230 -0.792
0.067 0.392 -0.730
0.088 0.495 -0.714
0.060 0.088 -0.888
0.074 0.225 -0.847
0.093 0.417 -0.777
0.122 0.574 -0.701
0.066 0.497 -0.678
0.109 0.389 -0.829
0.065 0.130 -0.824
0.082 0.538 -0.677
0.123 0.518 -0.746
0.048 0.605 -0.627
0.102 0.467 -0.760
0.088 0.686 -0.602
0.119 0.645 -0.647
0.068 0.185 -0.807
0.079 0.589 -0.644
-0.530 0.737 -0.696
-0.434 0.781 -0.672
-0.504 0.748 -0.695
-0.546 0.730 -0.696
-0.510 0.686 -0.581
-0.487 0.746 -0.573
-0.364 0.803 -0.543
-0.413 0.800 -0.612
-0.426 0.781 -0.563
-0.526 0.720 -0.592
-0.525 0.754 -0.613
-0.533 0.741 -0.665
-0.565 0.701 -0.619
-0.274 0.718 -0.546
-0.253 0.694 -0.568
-0.163 0.699 -0.555
-0.121 0.693 -0.542
-0.376 0.722 -0.535
-0.290 0.847 -0.563
-0.351 0.714 -0.546
-0.364 0.785 -0.503
-0.335 0.825 -0.561
-0.327 0.738 -0.528
-0.089 0.796 -0.539
-0.317 0.788 -0.520
-0.193 0.706 -0.557
-0.102 0.757 -0.510
-0.249 0.843 -0.514
-0.152 0.739 -0.526
-0.166 0.779 -0.523
-0.228 0.715 -0.556
-0.286 0.757 -0.521
-0.256 0.795 -0.516
-0.218 0.757 -0.538
-0.196 0.836 -0.518
-0.134 0.824 -0.543
-0.287 0.816 -0.534
-0.392 0.032 -0.764
-0.450 0.064 -0.790
-0.316 0.695 -0.562
-0.215 0.075 -0.830
-0.408 0.653 -0.569
-0.172 0.038 -0.841
-0.078 0.090 -0.824
-0.056 0.600 -0.601
-0.137 0.664 -0.569
-0.486 0.157 -0.767
-0.352 0.038 -0.769
-0.300 0.671 -0.578
-0.097 0.146 -0.797
-0.072 0.334 -0.747
-0.449 0.563 -0.636
-0.242 0.041 -0.833
-0.065 0.430 -0.711
-0.085 0.461 -0.669
-0.190 0.651 -0.593
-0.110 0.265 -0.746
-0.156 0.226 -0.766
-0.078 0.209 -0.774
-0.303 0.059 -0.834
-0.403 0.442 -0.636
-0.086 0.375 -0.717
-0.452 0.091 -0.782
-0.390 0.368 -0.659
-0.164 0.596 -0.626
-0.152 0.166 -0.787
-0.165 0.114 -0.810
-0.103 0.046 -0.843
-0.142 0.073 -0.828
-0.074 0.558 -0.618
-0.424 0.325 -0.680
-0.433 0.577 -0.601
-0.414 0.538 -0.607
-0.442 0.235 -0.724
-0.447 0.500 -0.624
-0.389 0.499 -0.624
-0.174 0.275 -0.758
-0.130 0.621 -0.603
-0.364 0.673 -0.573
-0.347 0.610 -0.617
-0.326 0.636 -0.604
-0.245 0.111 -0.823
-0.074 0.633 -0.573
-0.454 0.279 -0.715
-0.409 0.277 -0.691
-0.383 0.238 -0.699
-0.356 0.283 -0.704
-0.119 0.307 -0.731
-0.164 0.343 -0.736
-0.256 0.659 -0.591
-0.075 0.506 -0.650
-0.188 0.500 -0.675
-0.130 0.466 -0.677
-0.131 0.535 -0.644
-0.394 0.105 -0.743
-0.323 0.187 -0.778
-0.355 0.153 -0.734
-0.345 0.096 -0.763
-0.313 0.127 -0.804
-0.245 0.175 -0.803
-0.453 0.177 -0.748
-0.438 0.398 -0.655
-0.374 0.317 -0.679
-0.334 0.320 -0.731
-0.359 0.379 -0.677
-0.329 0.472 -0.682
-0.331 0.421 -0.700
-0.368 0.444 -0.653
-0.385 0.568 -0.607
-0.214 0.216 -0.785
-0.403 0.173 -0.724
-0.099 0.421 -0.685
-0.121 0.373 -0.707
-0.355 0.207 -0.721
-0.326 0.251 -0.758
-0.269 0.506 -0.666
-0.262 0.456 -0.689
-0.343 0.525 -0.657
-0.273 0.234 -0.776
-0.245 0.617 -0.617
-0.326 0.560 -0.645
-0.209 0.349 -0.737
-0.304 0.359 -0.727
-0.267 0.388 -0.715
-0.218 0.411 -0.714
-0.270 0.304 -0.747
-0.216 0.570 -0.643
-0.281 0.572 -0.635
-0.172 0.429 -0.705
-0.226 0.292 -0.754
-0.406 0.675 -0.572
-0.402 0.604 -0.585
