-0.581 0.069 -0.880
-0.574 0.104 -0.861
-0.575 0.144 -0.853
-0.572 0.174 -0.835
-0.573 0.198 -0.831
-0.567 0.255 -0.800
-0.567 0.282 -0.813
-0.555 0.414 -0.725
-0.547 0.507 -0.684
-0.643 0.542 -0.763
-0.620 0.433 -0.840
-0.598 0.103 -0.970
-0.611 0.312 -0.892
-0.689 0.666 -0.703
-0.513 0.641 -0.624
-0.537 0.654 -0.624
-0.611 0.161 -0.957
-0.625 0.485 -0.806
-0.604 0.534 -0.757
-0.553 0.548 -0.674
-0.581 0.106 -0.878
-0.561 0.663 -0.639
-0.617 0.239 -0.923
-0.598 0.255 -0.886
-0.611 0.367 -0.869
-0.565 0.425 -0.776
-0.666 0.596 -0.711
-0.623 0.598 -0.703
-0.640 0.688 -0.670
-0.545 0.599 -0.648
-0.580 0.136 -0.920
-0.600 0.194 -0.922
-0.572 0.242 -0.859
-0.573 0.190 -0.880
-0.579 0.315 -0.841
-0.594 0.399 -0.831
-0.594 0.458 -0.798
-0.577 0.563 -0.707
-0.566 0.343 -0.808
-0.564 0.495 -0.737
-0.596 0.643 -0.667
-0.033 0.633 -0.612
-0.031 0.609 -0.639
-0.035 0.579 -0.658
-0.038 0.538 -0.686
-0.055 0.473 -0.720
-0.044 0.390 -0.766
-0.061 0.253 -0.806
-0.054 0.176 -0.834
-0.016 0.041 -0.881
0.043 0.035 -0.865
0.018 0.061 -0.860
0.042 0.082 -0.847
0.046 0.135 -0.829
0.044 0.237 -0.791
0.046 0.290 -0.771
0.038 0.363 -0.743
0.044 0.460 -0.704
0.017 0.572 -0.679
-0.025 0.448 -0.744
0.008 0.598 -0.669
0.015 0.425 -0.738
-0.052 0.062 -0.890
0.002 0.099 -0.858
-0.053 0.144 -0.850
0.003 0.266 -0.811
0.015 0.298 -0.792
0.005 0.398 -0.756
0.004 0.350 -0.776
0.010 0.487 -0.719
-0.036 0.497 -0.720
-0.014 0.540 -0.703
-0.032 0.113 -0.870
-0.013 0.214 -0.830
0.026 0.205 -0.809
-0.003 0.151 -0.847
-0.037 0.290 -0.796
-0.451 0.659 -0.641
-0.443 0.621 -0.639
-0.449 0.600 -0.648
-0.462 0.502 -0.671
-0.477 0.441 -0.676
-0.475 0.368 -0.713
-0.473 0.326 -0.733
-0.450 0.143 -0.805
-0.463 0.123 -0.818
-0.573 0.123 -0.854
-0.570 0.216 -0.814
-0.570 0.240 -0.816
-0.564 0.283 -0.786
-0.564 0.312 -0.777
-0.562 0.332 -0.768
-0.561 0.349 -0.756
-0.559 0.364 -0.746
-0.558 0.385 -0.741
-0.556 0.446 -0.726
-0.554 0.472 -0.709
-0.542 0.474 -0.689
-0.537 0.542 -0.662
-0.519 0.572 -0.650
-0.478 0.651 -0.633
-0.526 0.451 -0.696
-0.464 0.643 -0.643
-0.481 0.054 -0.853
-0.496 0.104 -0.837
-0.534 0.184 -0.812
-0.485 0.483 -0.685
-0.495 0.528 -0.664
-0.516 0.062 -0.862
-0.520 0.269 -0.771
-0.482 0.221 -0.787
-0.528 0.309 -0.752
-0.467 0.551 -0.666
-0.487 0.402 -0.697
-0.512 0.352 -0.728
-0.545 0.105 -0.848
-0.536 0.228 -0.794
-0.537 0.399 -0.716
-0.521 0.144 -0.825
-0.478 0.602 -0.651
0.061 0.071 -0.869
0.046 0.109 -0.838
0.045 0.155 -0.820
0.046 0.181 -0.812
0.046 0.206 -0.803
0.044 0.262 -0.781
0.042 0.334 -0.753
0.047 0.387 -0.733
0.044 0.422 -0.719
0.035 0.448 -0.713
0.035 0.483 -0.699
0.038 0.509 -0.688
0.042 0.533 -0.676
0.017 0.629 -0.651
-0.009 0.631 -0.632
-0.510 0.592 -0.639
-0.013 0.811 -0.613
-0.024 0.747 -0.561
0.047 0.730 -0.595
-0.051 0.832 -0.606
-0.153 0.845 -0.557
-0.086 0.801 -0.564
-0.057 0.785 -0.538
-0.035 0.768 -0.569
0.007 0.741 -0.577
-0.045 0.806 -0.591
0.064 0.070 -0.973
0.066 0.100 -0.977
0.158 0.561 -0.762
0.064 0.815 -0.659
0.065 0.049 -0.905
0.081 0.190 -0.942
0.025 0.665 -0.622
0.062 0.066 -0.959
0.222 0.713 -0.684
0.056 0.693 -0.586
0.067 0.648 -0.619
0.101 0.335 -0.884
0.092 0.262 -0.913
0.134 0.480 -0.815
0.068 0.143 -0.926
0.070 0.185 -0.898
0.054 0.755 -0.614
0.081 0.295 -0.857
0.086 0.347 -0.843
0.069 0.289 -0.809
0.058 0.330 -0.764
0.071 0.444 -0.735
0.042 0.566 -0.662
0.145 0.618 -0.698
0.185 0.651 -0.693
0.136 0.715 -0.642
0.115 0.764 -0.654
0.032 0.790 -0.625
0.074 0.356 -0.797
0.069 0.237 -0.824
0.067 0.396 -0.755
0.087 0.499 -0.734
0.062 0.100 -0.926
0.076 0.234 -0.879
0.093 0.423 -0.801
0.122 0.577 -0.718
0.065 0.499 -0.698
0.110 0.398 -0.853
0.065 0.138 -0.861
0.082 0.540 -0.695
0.123 0.523 -0.765
0.048 0.605 -0.643
0.102 0.472 -0.782
0.087 0.685 -0.615
0.118 0.645 -0.661
0.068 0.193 -0.841
0.079 0.589 -0.660
-0.531 0.739 -0.706
-0.435 0.783 -0.682
-0.505 0.751 -0.705
-0.547 0.733 -0.706
-0.508 0.684 -0.594
-0.486 0.743 -0.584
-0.363 0.801 -0.554
-0.413 0.800 -0.622
-0.425 0.779 -0.573
-0.524 0.717 -0.603
-0.525 0.752 -0.623
-0.534 0.742 -0.675
-0.564 0.699 -0.630
-0.273 0.717 -0.564
-0.253 0.694 -0.586
-0.162 0.699 -0.572
-0.121 0.692 -0.558
-0.375 0.718 -0.548
-0.290 0.847 -0.573
-0.350 0.711 -0.561
-0.363 0.781 -0.514
-0.335 0.824 -0.571
-0.325 0.735 -0.543
-0.089 0.796 -0.550
-0.316 0.785 -0.533
-0.193 0.707 -0.576
-0.102 0.754 -0.523
-0.249 0.841 -0.524
-0.152 0.737 -0.542
-0.167 0.777 -0.538
-0.228 0.715 -0.575
-0.285 0.754 -0.536
-0.255 0.793 -0.529
-0.217 0.757 -0.555
-0.196 0.834 -0.529
-0.134 0.824 -0.553
-0.286 0.814 -0.546
-0.389 0.040 -0.813
-0.449 0.072 -0.833
-0.316 0.694 -0.578
-0.215 0.087 -0.878
-0.407 0.650 -0.584
-0.172 0.051 -0.890
-0.078 0.101 -0.868
-0.056 0.598 -0.617
-0.138 0.663 -0.586
-0.486 0.163 -0.804
-0.350 0.047 -0.819
-0.300 0.670 -0.596
-0.097 0.155 -0.838
-0.072 0.340 -0.777
-0.448 0.562 -0.654
-0.242 0.054 -0.884
-0.066 0.434 -0.736
-0.085 0.463 -0.693
-0.190 0.651 -0.611
-0.110 0.272 -0.781
-0.157 0.234 -0.805
-0.078 0.217 -0.812
-0.303 0.073 -0.884
-0.402 0.442 -0.661
-0.086 0.379 -0.745
-0.452 0.099 -0.824
-0.388 0.370 -0.688
-0.164 0.596 -0.644
-0.153 0.176 -0.829
-0.165 0.125 -0.855
-0.103 0.058 -0.889
-0.143 0.085 -0.875
-0.075 0.557 -0.637
-0.422 0.327 -0.710
-0.432 0.575 -0.619
-0.412 0.537 -0.626
-0.441 0.240 -0.759
-0.446 0.499 -0.644
-0.388 0.499 -0.646
-0.174 0.283 -0.795
-0.130 0.620 -0.620
-0.363 0.671 -0.588
-0.347 0.610 -0.635
-0.325 0.636 -0.621
-0.245 0.124 -0.870
-0.075 0.630 -0.588
-0.453 0.282 -0.747
-0.407 0.280 -0.725
-0.380 0.242 -0.737
-0.354 0.288 -0.739
-0.119 0.312 -0.764
-0.164 0.349 -0.768
-0.256 0.659 -0.610
-0.076 0.506 -0.670
-0.188 0.503 -0.697
-0.130 0.468 -0.701
-0.132 0.536 -0.664
-0.392 0.112 -0.787
-0.323 0.196 -0.821
-0.353 0.159 -0.778
-0.344 0.105 -0.810
-0.313 0.139 -0.850
-0.246 0.186 -0.846
-0.452 0.183 -0.785
-0.437 0.399 -0.681
-0.372 0.319 -0.712
-0.333 0.327 -0.764
-0.358 0.381 -0.706
-0.328 0.475 -0.707
-0.331 0.426 -0.728
-0.367 0.446 -0.679
-0.383 0.567 -0.626
-0.214 0.226 -0.825
-0.401 0.178 -0.764
-0.099 0.423 -0.711
-0.122 0.377 -0.736
-0.353 0.212 -0.761
-0.326 0.259 -0.796
-0.268 0.508 -0.690
-0.261 0.459 -0.715
-0.343 0.526 -0.678
-0.273 0.244 -0.817
-0.244 0.617 -0.637
-0.325 0.561 -0.665
-0.209 0.356 -0.769
-0.304 0.366 -0.759
-0.267 0.394 -0.745
-0.218 0.416 -0.743
-0.270 0.312 -0.783
-0.216 0.570 -0.663
-0.281 0.572 -0.654
-0.172 0.433 -0.732
-0.227 0.300 -0.791
-0.405 0.672 -0.586
-0.401 0.602 -0.602
