-0.581 0.079 -0.918
-0.574 0.113 -0.898
-0.576 0.152 -0.888
-0.572 0.182 -0.869
-0.573 0.206 -0.864
-0.567 0.261 -0.830
-0.567 0.289 -0.842
-0.555 0.417 -0.748
-0.546 0.508 -0.703
-0.642 0.546 -0.780
-0.620 0.441 -0.861
-0.601 0.117 -1.006
-0.613 0.322 -0.919
-0.689 0.666 -0.713
-0.512 0.639 -0.637
-0.536 0.652 -0.637
-0.614 0.175 -0.991
-0.624 0.492 -0.825
-0.604 0.538 -0.775
-0.552 0.548 -0.691
-0.581 0.116 -0.914
-0.560 0.662 -0.652
-0.619 0.251 -0.953
-0.600 0.265 -0.916
-0.612 0.376 -0.894
-0.565 0.430 -0.799
-0.666 0.597 -0.724
-0.622 0.599 -0.716
-0.640 0.687 -0.680
-0.544 0.599 -0.663
-0.582 0.147 -0.954
-0.602 0.206 -0.954
-0.573 0.251 -0.889
-0.574 0.200 -0.913
-0.580 0.323 -0.868
-0.594 0.406 -0.854
-0.594 0.464 -0.819
-0.576 0.565 -0.723
-0.566 0.350 -0.834
-0.564 0.498 -0.756
-0.596 0.642 -0.680
-0.034 0.632 -0.627
-0.031 0.608 -0.654
-0.036 0.579 -0.674
-0.039 0.539 -0.703
-0.055 0.476 -0.741
-0.044 0.396 -0.791
-0.061 0.261 -0.839
-0.055 0.186 -0.872
-0.017 0.054 -0.926
0.042 0.046 -0.909
0.016 0.071 -0.903
0.040 0.092 -0.888
0.044 0.144 -0.867
0.043 0.243 -0.824
0.045 0.295 -0.801
0.037 0.367 -0.768
0.044 0.462 -0.725
0.017 0.573 -0.695
-0.025 0.452 -0.765
0.007 0.599 -0.685
0.015 0.429 -0.761
-0.052 0.076 -0.935
0.001 0.110 -0.899
-0.054 0.155 -0.890
0.003 0.274 -0.842
0.015 0.305 -0.822
0.005 0.403 -0.781
0.004 0.356 -0.802
0.010 0.490 -0.738
-0.036 0.499 -0.740
-0.014 0.542 -0.720
-0.032 0.125 -0.911
-0.013 0.223 -0.865
0.025 0.213 -0.844
-0.003 0.162 -0.885
-0.037 0.297 -0.827
-0.450 0.658 -0.655
-0.442 0.620 -0.655
-0.448 0.599 -0.664
-0.461 0.502 -0.691
-0.476 0.442 -0.699
-0.474 0.371 -0.740
-0.472 0.330 -0.761
-0.449 0.151 -0.844
-0.462 0.132 -0.857
-0.573 0.132 -0.890
-0.570 0.223 -0.845
-0.570 0.248 -0.846
-0.563 0.289 -0.814
-0.564 0.317 -0.804
-0.562 0.337 -0.794
-0.560 0.353 -0.781
-0.558 0.368 -0.771
-0.557 0.388 -0.766
-0.556 0.449 -0.747
-0.553 0.474 -0.729
-0.541 0.475 -0.710
-0.536 0.542 -0.680
-0.518 0.571 -0.666
-0.477 0.650 -0.646
-0.525 0.453 -0.717
-0.463 0.642 -0.658
-0.481 0.065 -0.895
-0.496 0.113 -0.876
-0.533 0.191 -0.846
-0.484 0.484 -0.705
-0.494 0.528 -0.682
-0.516 0.072 -0.902
-0.520 0.274 -0.801
-0.481 0.228 -0.820
-0.527 0.313 -0.780
-0.466 0.552 -0.684
-0.485 0.404 -0.722
-0.511 0.355 -0.754
-0.545 0.114 -0.886
-0.536 0.234 -0.826
-0.536 0.402 -0.740
-0.520 0.152 -0.861
-0.477 0.602 -0.667
0.060 0.082 -0.910
0.045 0.118 -0.877
0.043 0.163 -0.857
0.045 0.188 -0.848
0.045 0.213 -0.837
0.044 0.268 -0.813
0.041 0.338 -0.781
0.046 0.390 -0.758
0.044 0.424 -0.742
0.035 0.451 -0.734
0.035 0.485 -0.719
0.038 0.510 -0.707
0.041 0.534 -0.694
0.017 0.629 -0.665
-0.009 0.630 -0.646
-0.509 0.591 -0.655
-0.013 0.811 -0.623
-0.025 0.746 -0.573
0.046 0.729 -0.607
-0.051 0.832 -0.616
-0.153 0.845 -0.567
-0.087 0.801 -0.575
-0.058 0.783 -0.549
-0.035 0.767 -0.580
0.006 0.740 -0.589
-0.045 0.806 -0.601
0.065 0.086 -1.014
0.068 0.116 -1.016
0.158 0.566 -0.779
0.065 0.815 -0.668
0.064 0.062 -0.947
0.082 0.205 -0.977
0.024 0.664 -0.636
0.063 0.081 -1.000
0.222 0.713 -0.695
0.055 0.692 -0.598
0.066 0.647 -0.633
0.101 0.346 -0.911
0.093 0.275 -0.944
0.134 0.487 -0.835
0.068 0.157 -0.963
0.071 0.197 -0.933
0.053 0.754 -0.624
0.081 0.305 -0.887
0.086 0.355 -0.869
0.069 0.296 -0.839
0.058 0.335 -0.792
0.071 0.448 -0.757
0.042 0.566 -0.678
0.145 0.620 -0.712
0.184 0.652 -0.705
0.136 0.714 -0.653
0.115 0.764 -0.663
0.032 0.790 -0.634
0.074 0.362 -0.823
0.068 0.245 -0.856
0.067 0.400 -0.779
0.087 0.502 -0.753
0.063 0.113 -0.966
0.076 0.245 -0.912
0.093 0.430 -0.824
0.121 0.579 -0.734
0.065 0.501 -0.717
0.110 0.407 -0.877
0.065 0.148 -0.899
0.082 0.541 -0.712
0.123 0.527 -0.783
0.047 0.604 -0.658
0.102 0.478 -0.802
0.086 0.684 -0.627
0.118 0.645 -0.674
0.067 0.202 -0.876
0.078 0.589 -0.676
-0.532 0.742 -0.716
-0.436 0.786 -0.692
-0.506 0.754 -0.715
-0.548 0.735 -0.716
-0.507 0.681 -0.606
-0.485 0.741 -0.595
-0.363 0.800 -0.564
-0.414 0.801 -0.632
-0.424 0.777 -0.584
-0.523 0.715 -0.614
-0.524 0.751 -0.633
-0.534 0.743 -0.685
-0.563 0.697 -0.641
-0.273 0.716 -0.580
-0.252 0.694 -0.604
-0.162 0.699 -0.589
-0.121 0.691 -0.574
-0.373 0.716 -0.562
-0.290 0.847 -0.583
-0.349 0.709 -0.575
-0.361 0.778 -0.526
-0.335 0.824 -0.581
-0.324 0.733 -0.556
-0.089 0.795 -0.561
-0.315 0.783 -0.546
-0.192 0.707 -0.593
-0.103 0.753 -0.537
-0.249 0.839 -0.535
-0.152 0.736 -0.558
-0.167 0.776 -0.552
-0.228 0.716 -0.592
-0.284 0.752 -0.551
-0.254 0.791 -0.543
-0.217 0.757 -0.572
-0.196 0.833 -0.541
-0.134 0.823 -0.564
-0.286 0.812 -0.558
-0.387 0.050 -0.859
-0.448 0.081 -0.876
-0.315 0.693 -0.594
-0.215 0.102 -0.925
-0.406 0.648 -0.598
-0.173 0.066 -0.937
-0.079 0.113 -0.911
-0.057 0.596 -0.632
-0.138 0.663 -0.603
-0.485 0.171 -0.841
-0.348 0.058 -0.867
-0.299 0.670 -0.612
-0.098 0.166 -0.879
-0.072 0.347 -0.806
-0.447 0.562 -0.671
-0.243 0.070 -0.932
-0.066 0.437 -0.758
-0.085 0.464 -0.714
-0.189 0.651 -0.630
-0.111 0.279 -0.815
-0.157 0.244 -0.842
-0.079 0.226 -0.848
-0.303 0.088 -0.931
-0.400 0.442 -0.684
-0.086 0.383 -0.771
-0.451 0.108 -0.865
-0.386 0.372 -0.716
-0.163 0.596 -0.662
-0.153 0.187 -0.870
-0.165 0.139 -0.899
-0.103 0.073 -0.937
-0.143 0.100 -0.922
-0.075 0.556 -0.654
-0.421 0.330 -0.740
-0.431 0.574 -0.636
-0.411 0.536 -0.645
-0.440 0.245 -0.793
-0.444 0.499 -0.665
-0.386 0.499 -0.667
-0.174 0.292 -0.829
-0.130 0.619 -0.637
-0.362 0.670 -0.603
-0.346 0.610 -0.652
-0.325 0.635 -0.637
-0.246 0.138 -0.915
-0.076 0.628 -0.603
-0.452 0.287 -0.778
-0.405 0.284 -0.758
-0.379 0.248 -0.772
-0.353 0.293 -0.773
-0.120 0.318 -0.795
-0.164 0.356 -0.797
-0.255 0.660 -0.627
-0.076 0.506 -0.689
-0.188 0.505 -0.718
-0.131 0.470 -0.722
-0.132 0.536 -0.682
-0.390 0.120 -0.830
-0.323 0.208 -0.861
-0.351 0.168 -0.819
-0.343 0.115 -0.854
-0.314 0.152 -0.894
-0.246 0.199 -0.887
-0.451 0.190 -0.822
-0.435 0.400 -0.707
-0.370 0.323 -0.743
-0.333 0.334 -0.796
-0.357 0.385 -0.735
-0.328 0.479 -0.730
-0.331 0.431 -0.754
-0.366 0.448 -0.703
-0.382 0.566 -0.643
-0.214 0.238 -0.864
-0.399 0.185 -0.803
-0.099 0.426 -0.735
-0.122 0.382 -0.763
-0.352 0.220 -0.799
-0.326 0.269 -0.832
-0.268 0.511 -0.711
-0.261 0.464 -0.739
-0.343 0.528 -0.699
-0.274 0.255 -0.855
-0.244 0.619 -0.656
-0.325 0.563 -0.685
-0.209 0.363 -0.799
-0.304 0.373 -0.788
-0.266 0.400 -0.773
-0.218 0.422 -0.769
-0.270 0.321 -0.817
-0.216 0.571 -0.681
-0.281 0.574 -0.674
-0.171 0.438 -0.756
-0.227 0.309 -0.825
-0.404 0.670 -0.600
-0.400 0.600 -0.618
