-0.580 0.091 -0.957
-0.573 0.124 -0.935
-0.575 0.163 -0.923
-0.572 0.192 -0.903
-0.572 0.215 -0.896
-0.566 0.269 -0.860
-0.566 0.297 -0.870
-0.554 0.421 -0.770
-0.545 0.509 -0.721
-0.642 0.551 -0.795
-0.620 0.450 -0.882
-0.600 0.134 -1.043
-0.612 0.334 -0.946
-0.689 0.666 -0.723
-0.511 0.638 -0.651
-0.535 0.651 -0.650
-0.613 0.190 -1.025
-0.624 0.498 -0.844
-0.604 0.542 -0.791
-0.551 0.549 -0.707
-0.580 0.128 -0.951
-0.559 0.661 -0.664
-0.619 0.265 -0.983
-0.599 0.277 -0.945
-0.611 0.387 -0.918
-0.564 0.436 -0.820
-0.665 0.597 -0.737
-0.622 0.600 -0.730
-0.640 0.686 -0.690
-0.543 0.598 -0.678
-0.581 0.162 -0.990
-0.602 0.220 -0.986
-0.573 0.262 -0.919
-0.574 0.211 -0.946
-0.579 0.332 -0.895
-0.593 0.415 -0.877
-0.593 0.470 -0.839
-0.575 0.567 -0.739
-0.565 0.358 -0.860
-0.563 0.502 -0.775
-0.595 0.642 -0.692
-0.034 0.631 -0.640
-0.032 0.607 -0.668
-0.036 0.579 -0.689
-0.039 0.540 -0.719
-0.055 0.479 -0.760
-0.044 0.401 -0.814
-0.061 0.270 -0.871
-0.055 0.197 -0.909
-0.018 0.068 -0.971
0.040 0.058 -0.953
0.015 0.084 -0.946
0.039 0.104 -0.929
0.043 0.154 -0.905
0.042 0.251 -0.856
0.045 0.301 -0.830
0.037 0.372 -0.793
0.044 0.464 -0.745
0.016 0.573 -0.710
-0.025 0.456 -0.785
0.007 0.599 -0.699
0.015 0.432 -0.782
-0.053 0.092 -0.979
-0.000 0.123 -0.939
-0.054 0.167 -0.929
0.003 0.283 -0.873
0.015 0.312 -0.850
0.004 0.407 -0.804
0.004 0.363 -0.828
0.010 0.493 -0.757
-0.036 0.502 -0.757
-0.014 0.543 -0.736
-0.033 0.138 -0.951
-0.013 0.234 -0.899
0.025 0.222 -0.878
-0.004 0.173 -0.922
-0.038 0.306 -0.857
-0.449 0.658 -0.669
-0.441 0.620 -0.670
-0.447 0.599 -0.680
-0.460 0.504 -0.710
-0.475 0.443 -0.721
-0.473 0.374 -0.765
-0.471 0.335 -0.789
-0.447 0.161 -0.881
-0.461 0.142 -0.895
-0.572 0.142 -0.926
-0.569 0.231 -0.877
-0.569 0.256 -0.877
-0.563 0.296 -0.843
-0.563 0.324 -0.832
-0.561 0.343 -0.821
-0.560 0.359 -0.807
-0.557 0.373 -0.796
-0.556 0.393 -0.789
-0.555 0.453 -0.768
-0.552 0.476 -0.749
-0.540 0.477 -0.730
-0.535 0.543 -0.697
-0.517 0.571 -0.682
-0.476 0.650 -0.660
-0.524 0.455 -0.738
-0.463 0.642 -0.672
-0.479 0.077 -0.937
-0.495 0.124 -0.915
-0.532 0.200 -0.880
-0.483 0.486 -0.725
-0.493 0.529 -0.700
-0.515 0.084 -0.943
-0.519 0.281 -0.831
-0.480 0.236 -0.853
-0.526 0.318 -0.808
-0.465 0.553 -0.701
-0.485 0.407 -0.745
-0.510 0.359 -0.780
-0.544 0.125 -0.923
-0.535 0.242 -0.858
-0.536 0.405 -0.763
-0.519 0.162 -0.897
-0.476 0.602 -0.682
0.059 0.094 -0.952
0.044 0.129 -0.917
0.042 0.173 -0.893
0.044 0.197 -0.883
0.045 0.221 -0.871
0.043 0.275 -0.843
0.041 0.343 -0.807
0.046 0.394 -0.781
0.044 0.427 -0.764
0.035 0.453 -0.755
0.035 0.487 -0.738
0.038 0.511 -0.724
0.041 0.535 -0.710
0.016 0.628 -0.678
-0.010 0.629 -0.660
-0.508 0.591 -0.670
-0.013 0.811 -0.633
-0.026 0.745 -0.584
0.046 0.728 -0.618
-0.050 0.833 -0.625
-0.153 0.845 -0.577
-0.087 0.800 -0.586
-0.058 0.782 -0.560
-0.036 0.767 -0.591
0.006 0.739 -0.600
-0.045 0.806 -0.611
0.063 0.105 -1.055
0.067 0.135 -1.056
0.157 0.570 -0.794
0.065 0.816 -0.677
0.063 0.077 -0.990
0.081 0.221 -1.011
0.023 0.663 -0.648
0.062 0.099 -1.041
0.222 0.713 -0.705
0.054 0.691 -0.611
0.065 0.646 -0.645
0.100 0.359 -0.937
0.092 0.289 -0.974
0.133 0.495 -0.854
0.067 0.172 -1.000
0.070 0.211 -0.967
0.053 0.754 -0.635
0.080 0.316 -0.915
0.086 0.365 -0.895
0.069 0.304 -0.868
0.058 0.341 -0.819
0.071 0.451 -0.778
0.041 0.567 -0.694
0.145 0.621 -0.726
0.184 0.653 -0.717
0.136 0.714 -0.664
0.116 0.764 -0.673
0.033 0.790 -0.644
0.073 0.370 -0.849
0.068 0.254 -0.888
0.067 0.405 -0.802
0.087 0.505 -0.771
0.062 0.129 -1.006
0.075 0.258 -0.944
0.092 0.437 -0.846
0.121 0.582 -0.749
0.065 0.502 -0.735
0.109 0.417 -0.900
0.064 0.160 -0.936
0.081 0.543 -0.729
0.122 0.532 -0.800
0.047 0.604 -0.672
0.101 0.484 -0.821
0.085 0.683 -0.639
0.118 0.645 -0.686
0.067 0.212 -0.910
0.078 0.590 -0.690
-0.533 0.743 -0.726
-0.437 0.788 -0.702
-0.507 0.756 -0.725
-0.549 0.736 -0.726
-0.505 0.680 -0.619
-0.484 0.739 -0.606
-0.362 0.798 -0.575
-0.414 0.801 -0.641
-0.424 0.775 -0.594
-0.522 0.714 -0.626
-0.524 0.750 -0.642
-0.535 0.743 -0.694
-0.562 0.696 -0.652
-0.272 0.716 -0.595
-0.252 0.695 -0.620
-0.162 0.699 -0.605
-0.121 0.690 -0.589
-0.372 0.714 -0.575
-0.290 0.847 -0.593
-0.349 0.707 -0.588
-0.360 0.775 -0.537
-0.334 0.823 -0.591
-0.323 0.732 -0.570
-0.089 0.795 -0.571
-0.315 0.781 -0.558
-0.192 0.707 -0.609
-0.104 0.751 -0.550
-0.248 0.837 -0.545
-0.153 0.736 -0.572
-0.167 0.776 -0.565
-0.227 0.716 -0.608
-0.283 0.751 -0.565
-0.254 0.789 -0.556
-0.217 0.757 -0.587
-0.197 0.832 -0.552
-0.134 0.823 -0.574
-0.286 0.811 -0.569
-0.385 0.062 -0.903
-0.447 0.093 -0.917
-0.314 0.692 -0.608
-0.216 0.119 -0.969
-0.405 0.646 -0.613
-0.173 0.085 -0.986
-0.080 0.127 -0.953
-0.057 0.595 -0.647
-0.138 0.663 -0.618
-0.484 0.180 -0.876
-0.346 0.070 -0.912
-0.298 0.670 -0.627
-0.098 0.179 -0.919
-0.072 0.353 -0.832
-0.446 0.562 -0.688
-0.243 0.087 -0.978
-0.066 0.441 -0.779
-0.085 0.465 -0.733
-0.189 0.652 -0.646
-0.111 0.287 -0.846
-0.158 0.254 -0.877
-0.080 0.236 -0.883
-0.304 0.105 -0.975
-0.399 0.444 -0.707
-0.086 0.388 -0.795
-0.449 0.119 -0.905
-0.385 0.375 -0.743
-0.163 0.597 -0.678
-0.154 0.200 -0.909
-0.166 0.155 -0.943
-0.104 0.091 -0.984
-0.143 0.118 -0.969
-0.075 0.555 -0.669
-0.420 0.334 -0.768
-0.430 0.573 -0.652
-0.409 0.536 -0.663
-0.439 0.252 -0.825
-0.443 0.499 -0.684
-0.385 0.499 -0.687
-0.175 0.301 -0.861
-0.130 0.619 -0.652
-0.361 0.669 -0.617
-0.346 0.610 -0.668
-0.324 0.636 -0.653
-0.246 0.154 -0.957
-0.077 0.627 -0.617
-0.451 0.293 -0.808
-0.404 0.289 -0.789
-0.377 0.254 -0.805
-0.352 0.300 -0.804
-0.121 0.325 -0.824
-0.164 0.364 -0.825
-0.255 0.660 -0.644
-0.076 0.507 -0.707
-0.188 0.507 -0.736
-0.131 0.472 -0.742
-0.132 0.536 -0.699
-0.388 0.129 -0.870
-0.323 0.220 -0.897
-0.350 0.177 -0.857
-0.341 0.127 -0.896
-0.314 0.166 -0.934
-0.246 0.213 -0.926
-0.449 0.198 -0.857
-0.434 0.402 -0.731
-0.369 0.328 -0.772
-0.333 0.342 -0.825
-0.356 0.390 -0.761
-0.328 0.483 -0.751
-0.330 0.436 -0.778
-0.366 0.450 -0.726
-0.381 0.566 -0.661
-0.215 0.250 -0.899
-0.397 0.193 -0.839
-0.100 0.428 -0.756
-0.122 0.386 -0.788
-0.351 0.228 -0.835
-0.326 0.279 -0.865
-0.268 0.516 -0.735
-0.261 0.470 -0.764
-0.342 0.531 -0.719
-0.274 0.267 -0.889
-0.244 0.620 -0.673
-0.325 0.565 -0.704
-0.208 0.371 -0.827
-0.304 0.380 -0.816
-0.266 0.407 -0.800
-0.217 0.428 -0.793
-0.270 0.330 -0.847
-0.216 0.573 -0.699
-0.280 0.576 -0.693
-0.171 0.442 -0.778
-0.227 0.319 -0.856
-0.403 0.668 -0.614
-0.399 0.599 -0.635
