-0.578 0.106 -0.996
-0.571 0.138 -0.973
-0.573 0.176 -0.958
-0.570 0.203 -0.936
-0.570 0.226 -0.929
-0.564 0.278 -0.890
-0.564 0.307 -0.899
-0.552 0.425 -0.792
-0.544 0.511 -0.739
-0.642 0.555 -0.811
-0.618 0.460 -0.903
-0.597 0.153 -1.080
-0.610 0.347 -0.972
-0.689 0.666 -0.733
-0.510 0.638 -0.664
-0.534 0.650 -0.662
-0.610 0.208 -1.059
-0.623 0.506 -0.862
-0.603 0.547 -0.807
-0.550 0.551 -0.723
-0.578 0.142 -0.988
-0.558 0.661 -0.676
-0.616 0.280 -1.013
-0.597 0.291 -0.975
-0.610 0.399 -0.942
-0.563 0.443 -0.842
-0.665 0.598 -0.750
-0.621 0.602 -0.743
-0.640 0.686 -0.700
-0.542 0.599 -0.692
-0.579 0.178 -1.025
-0.599 0.236 -1.019
-0.571 0.274 -0.949
-0.572 0.225 -0.978
-0.577 0.343 -0.922
-0.592 0.425 -0.899
-0.592 0.478 -0.858
-0.574 0.569 -0.754
-0.563 0.367 -0.885
-0.562 0.507 -0.793
-0.594 0.643 -0.704
-0.035 0.630 -0.653
-0.032 0.607 -0.682
-0.036 0.579 -0.703
-0.039 0.542 -0.735
-0.056 0.481 -0.777
-0.045 0.406 -0.835
-0.062 0.280 -0.901
-0.056 0.211 -0.946
-0.020 0.086 -1.015
0.038 0.074 -0.996
0.013 0.099 -0.988
0.037 0.117 -0.970
0.042 0.166 -0.942
0.042 0.259 -0.887
0.045 0.308 -0.858
0.037 0.376 -0.817
0.044 0.467 -0.764
0.016 0.574 -0.725
-0.026 0.460 -0.804
0.007 0.600 -0.713
0.014 0.436 -0.802
-0.053 0.111 -1.022
-0.001 0.137 -0.979
-0.055 0.182 -0.967
0.002 0.292 -0.901
0.014 0.320 -0.877
0.004 0.412 -0.825
0.003 0.369 -0.851
0.009 0.495 -0.774
-0.037 0.504 -0.774
-0.015 0.545 -0.751
-0.034 0.154 -0.990
-0.013 0.246 -0.932
0.023 0.232 -0.910
-0.005 0.187 -0.959
-0.038 0.314 -0.883
-0.449 0.659 -0.682
-0.440 0.621 -0.684
-0.447 0.600 -0.695
-0.459 0.506 -0.729
-0.473 0.446 -0.742
-0.472 0.379 -0.789
-0.469 0.340 -0.815
-0.445 0.172 -0.916
-0.459 0.154 -0.932
-0.570 0.155 -0.963
-0.567 0.242 -0.909
-0.567 0.266 -0.907
-0.561 0.304 -0.871
-0.561 0.331 -0.858
-0.560 0.350 -0.847
-0.558 0.365 -0.832
-0.555 0.379 -0.820
-0.554 0.398 -0.813
-0.553 0.457 -0.789
-0.551 0.480 -0.768
-0.539 0.480 -0.749
-0.534 0.544 -0.713
-0.516 0.572 -0.697
-0.475 0.650 -0.673
-0.523 0.458 -0.759
-0.462 0.643 -0.685
-0.477 0.091 -0.977
-0.493 0.136 -0.952
-0.530 0.210 -0.913
-0.481 0.489 -0.744
-0.492 0.530 -0.717
-0.513 0.098 -0.982
-0.517 0.288 -0.860
-0.478 0.245 -0.884
-0.524 0.325 -0.835
-0.464 0.554 -0.718
-0.483 0.410 -0.768
-0.508 0.364 -0.805
-0.541 0.138 -0.960
-0.533 0.251 -0.889
-0.534 0.409 -0.786
-0.517 0.173 -0.932
-0.475 0.603 -0.697
0.057 0.109 -0.992
0.042 0.142 -0.956
0.041 0.184 -0.929
0.043 0.208 -0.917
0.043 0.231 -0.904
0.043 0.283 -0.873
0.041 0.349 -0.833
0.046 0.398 -0.804
0.044 0.430 -0.785
0.034 0.456 -0.774
0.035 0.489 -0.756
0.037 0.513 -0.741
0.041 0.536 -0.726
0.016 0.628 -0.691
-0.010 0.629 -0.673
-0.507 0.591 -0.685
-0.013 0.811 -0.642
-0.026 0.744 -0.595
0.045 0.727 -0.629
-0.050 0.833 -0.635
-0.153 0.845 -0.587
-0.087 0.800 -0.596
-0.059 0.782 -0.570
-0.036 0.766 -0.601
0.005 0.739 -0.611
-0.045 0.806 -0.621
0.061 0.126 -1.095
0.064 0.156 -1.094
0.156 0.575 -0.809
0.066 0.817 -0.686
0.061 0.094 -1.031
0.078 0.239 -1.044
0.023 0.662 -0.660
0.059 0.119 -1.082
0.222 0.713 -0.715
0.053 0.690 -0.622
0.065 0.645 -0.658
0.098 0.372 -0.963
0.089 0.305 -1.003
0.132 0.503 -0.872
0.065 0.190 -1.036
0.067 0.227 -1.001
0.053 0.754 -0.645
0.078 0.328 -0.943
0.084 0.376 -0.920
0.068 0.313 -0.896
0.057 0.347 -0.845
0.070 0.456 -0.798
0.041 0.567 -0.708
0.144 0.623 -0.739
0.184 0.653 -0.728
0.135 0.713 -0.674
0.116 0.764 -0.683
0.033 0.790 -0.654
0.072 0.378 -0.873
0.066 0.265 -0.919
0.066 0.411 -0.824
0.086 0.509 -0.788
0.059 0.147 -1.044
0.073 0.272 -0.975
0.091 0.445 -0.867
0.120 0.584 -0.763
0.065 0.505 -0.752
0.107 0.429 -0.922
0.062 0.174 -0.973
0.081 0.545 -0.744
0.121 0.538 -0.816
0.046 0.604 -0.685
0.100 0.490 -0.840
0.085 0.683 -0.651
0.117 0.646 -0.699
0.065 0.224 -0.944
0.078 0.590 -0.704
-0.534 0.745 -0.736
-0.438 0.790 -0.712
-0.508 0.757 -0.735
-0.549 0.738 -0.736
-0.504 0.678 -0.631
-0.483 0.738 -0.616
-0.362 0.797 -0.585
-0.414 0.801 -0.651
-0.423 0.774 -0.604
-0.522 0.713 -0.636
-0.524 0.750 -0.652
-0.535 0.744 -0.704
-0.562 0.696 -0.663
-0.272 0.716 -0.610
-0.252 0.695 -0.634
-0.162 0.700 -0.619
-0.122 0.690 -0.603
-0.372 0.712 -0.587
-0.290 0.847 -0.603
-0.348 0.707 -0.601
-0.359 0.773 -0.548
-0.334 0.823 -0.601
-0.323 0.731 -0.583
-0.090 0.794 -0.582
-0.314 0.780 -0.570
-0.192 0.708 -0.624
-0.104 0.750 -0.562
-0.248 0.835 -0.556
-0.153 0.736 -0.586
-0.167 0.775 -0.578
-0.227 0.717 -0.623
-0.282 0.750 -0.578
-0.253 0.788 -0.568
-0.217 0.757 -0.601
-0.197 0.831 -0.563
-0.134 0.823 -0.585
-0.285 0.811 -0.581
-0.382 0.074 -0.945
-0.444 0.106 -0.956
-0.314 0.692 -0.622
-0.217 0.138 -1.011
-0.404 0.646 -0.627
-0.174 0.106 -1.033
-0.080 0.144 -0.993
-0.058 0.594 -0.661
-0.138 0.663 -0.633
-0.482 0.190 -0.911
-0.344 0.084 -0.953
-0.298 0.670 -0.642
-0.099 0.194 -0.957
-0.073 0.360 -0.855
-0.445 0.564 -0.705
-0.244 0.106 -1.022
-0.067 0.444 -0.798
-0.086 0.467 -0.752
-0.189 0.654 -0.662
-0.113 0.295 -0.876
-0.158 0.267 -0.911
-0.080 0.247 -0.916
-0.304 0.123 -1.016
-0.398 0.446 -0.728
-0.087 0.392 -0.816
-0.447 0.131 -0.942
-0.383 0.379 -0.767
-0.163 0.598 -0.694
-0.154 0.215 -0.947
-0.166 0.173 -0.985
-0.104 0.110 -1.028
-0.144 0.137 -1.012
-0.076 0.555 -0.685
-0.418 0.339 -0.794
-0.429 0.573 -0.669
-0.408 0.536 -0.681
-0.437 0.260 -0.856
-0.442 0.500 -0.703
-0.384 0.501 -0.706
-0.175 0.312 -0.891
-0.130 0.619 -0.667
-0.361 0.668 -0.631
-0.345 0.612 -0.684
-0.324 0.637 -0.668
-0.247 0.172 -0.996
-0.078 0.626 -0.631
-0.449 0.300 -0.837
-0.402 0.295 -0.818
-0.375 0.261 -0.836
-0.350 0.307 -0.832
-0.122 0.331 -0.850
-0.165 0.370 -0.848
-0.255 0.662 -0.659
-0.077 0.508 -0.723
-0.188 0.511 -0.756
-0.131 0.474 -0.760
-0.132 0.538 -0.716
-0.386 0.140 -0.907
-0.324 0.233 -0.931
-0.348 0.188 -0.893
-0.340 0.140 -0.934
-0.314 0.182 -0.971
-0.247 0.228 -0.961
-0.447 0.208 -0.891
-0.432 0.405 -0.754
-0.367 0.333 -0.799
-0.332 0.350 -0.851
-0.354 0.394 -0.784
-0.327 0.487 -0.771
-0.329 0.441 -0.799
-0.364 0.453 -0.746
-0.380 0.566 -0.677
-0.215 0.264 -0.933
-0.395 0.202 -0.873
-0.101 0.431 -0.776
-0.123 0.390 -0.809
-0.349 0.237 -0.868
-0.326 0.290 -0.896
-0.268 0.522 -0.757
-0.261 0.479 -0.790
-0.342 0.534 -0.737
-0.274 0.280 -0.922
-0.243 0.622 -0.689
-0.325 0.568 -0.721
-0.209 0.379 -0.851
-0.303 0.389 -0.842
-0.266 0.419 -0.831
-0.217 0.435 -0.817
-0.271 0.344 -0.880
-0.215 0.576 -0.717
-0.280 0.579 -0.711
-0.171 0.447 -0.799
-0.227 0.330 -0.886
-0.402 0.668 -0.627
-0.398 0.599 -0.650
