-0.575 0.122 -1.034
-0.568 0.153 -1.009
-0.570 0.190 -0.992
-0.567 0.217 -0.969
-0.567 0.239 -0.961
-0.561 0.289 -0.919
-0.561 0.318 -0.926
-0.550 0.431 -0.814
-0.542 0.514 -0.757
-0.640 0.560 -0.826
-0.616 0.471 -0.923
-0.592 0.174 -1.116
-0.606 0.362 -0.998
-0.689 0.666 -0.743
-0.509 0.638 -0.677
-0.534 0.650 -0.674
-0.605 0.228 -1.092
-0.621 0.514 -0.880
-0.602 0.552 -0.823
-0.549 0.552 -0.739
-0.575 0.158 -1.025
-0.558 0.661 -0.687
-0.612 0.297 -1.043
-0.593 0.306 -1.003
-0.606 0.412 -0.965
-0.561 0.451 -0.862
-0.664 0.600 -0.762
-0.620 0.603 -0.756
-0.640 0.686 -0.710
-0.541 0.599 -0.705
-0.575 0.196 -1.060
-0.595 0.253 -1.050
-0.567 0.288 -0.979
-0.568 0.241 -1.010
-0.574 0.355 -0.947
-0.589 0.435 -0.921
-0.590 0.486 -0.877
-0.573 0.572 -0.769
-0.561 0.377 -0.909
-0.560 0.512 -0.811
-0.594 0.643 -0.716
-0.036 0.628 -0.665
-0.033 0.607 -0.695
-0.037 0.579 -0.717
-0.040 0.543 -0.750
-0.057 0.485 -0.794
-0.046 0.412 -0.855
-0.063 0.291 -0.930
-0.057 0.225 -0.979
-0.021 0.105 -1.056
0.036 0.091 -1.038
0.011 0.116 -1.028
0.036 0.132 -1.009
0.041 0.179 -0.978
0.041 0.269 -0.917
0.044 0.316 -0.885
0.037 0.382 -0.840
0.043 0.469 -0.782
0.015 0.576 -0.739
-0.027 0.464 -0.822
0.006 0.601 -0.726
0.014 0.441 -0.822
-0.054 0.131 -1.063
-0.003 0.154 -1.017
-0.056 0.199 -1.003
0.001 0.303 -0.928
0.013 0.329 -0.903
0.003 0.418 -0.845
0.002 0.376 -0.874
0.008 0.498 -0.791
-0.037 0.508 -0.790
-0.015 0.547 -0.766
-0.035 0.172 -1.028
-0.014 0.259 -0.963
0.022 0.243 -0.942
-0.006 0.202 -0.994
-0.039 0.323 -0.909
-0.448 0.659 -0.694
-0.439 0.622 -0.698
-0.445 0.602 -0.709
-0.457 0.508 -0.747
-0.471 0.449 -0.762
-0.470 0.384 -0.813
-0.467 0.347 -0.840
-0.443 0.184 -0.950
-0.456 0.166 -0.966
-0.567 0.170 -0.998
-0.564 0.253 -0.940
-0.564 0.278 -0.937
-0.558 0.314 -0.899
-0.559 0.340 -0.885
-0.557 0.358 -0.872
-0.556 0.372 -0.857
-0.553 0.386 -0.844
-0.552 0.405 -0.836
-0.551 0.462 -0.809
-0.549 0.484 -0.787
-0.537 0.483 -0.768
-0.532 0.545 -0.729
-0.515 0.573 -0.712
-0.475 0.650 -0.686
-0.521 0.462 -0.779
-0.461 0.644 -0.698
-0.474 0.106 -1.015
-0.490 0.150 -0.988
-0.528 0.222 -0.945
-0.480 0.492 -0.763
-0.490 0.532 -0.734
-0.510 0.113 -1.020
-0.515 0.297 -0.888
-0.476 0.255 -0.914
-0.522 0.333 -0.861
-0.463 0.556 -0.734
-0.481 0.415 -0.790
-0.506 0.370 -0.829
-0.538 0.152 -0.996
-0.530 0.261 -0.919
-0.532 0.414 -0.809
-0.515 0.186 -0.966
-0.474 0.604 -0.711
0.056 0.126 -1.032
0.041 0.156 -0.993
0.040 0.196 -0.964
0.042 0.219 -0.951
0.042 0.242 -0.936
0.042 0.292 -0.901
0.040 0.355 -0.857
0.045 0.403 -0.826
0.043 0.434 -0.805
0.034 0.459 -0.793
0.034 0.491 -0.773
0.037 0.515 -0.757
0.040 0.537 -0.742
0.015 0.629 -0.703
-0.011 0.628 -0.685
-0.505 0.592 -0.699
-0.012 0.811 -0.652
-0.027 0.744 -0.606
0.045 0.727 -0.640
-0.050 0.833 -0.644
-0.153 0.845 -0.597
-0.087 0.800 -0.606
-0.059 0.781 -0.580
-0.036 0.766 -0.612
0.005 0.738 -0.622
-0.045 0.806 -0.631
0.057 0.149 -1.134
0.060 0.179 -1.130
0.155 0.580 -0.824
0.066 0.817 -0.695
0.059 0.113 -1.072
0.074 0.259 -1.076
0.022 0.661 -0.671
0.056 0.142 -1.121
0.222 0.713 -0.725
0.052 0.689 -0.634
0.064 0.645 -0.670
0.094 0.387 -0.987
0.085 0.322 -1.031
0.129 0.512 -0.890
0.062 0.209 -1.071
0.065 0.244 -1.033
0.053 0.753 -0.655
0.075 0.341 -0.969
0.081 0.388 -0.943
0.066 0.324 -0.923
0.056 0.354 -0.869
0.069 0.460 -0.817
0.040 0.568 -0.723
0.144 0.625 -0.751
0.184 0.654 -0.740
0.135 0.713 -0.685
0.116 0.764 -0.693
0.033 0.790 -0.664
0.070 0.387 -0.896
0.065 0.277 -0.949
0.065 0.417 -0.846
0.085 0.513 -0.805
0.057 0.167 -1.081
0.070 0.287 -1.004
0.088 0.454 -0.887
0.119 0.587 -0.777
0.064 0.507 -0.769
0.104 0.441 -0.943
0.060 0.189 -1.009
0.080 0.547 -0.760
0.119 0.543 -0.832
0.046 0.604 -0.698
0.098 0.497 -0.858
0.084 0.683 -0.662
0.117 0.646 -0.710
0.063 0.238 -0.976
0.077 0.591 -0.718
-0.535 0.746 -0.746
-0.439 0.791 -0.722
-0.509 0.758 -0.745
-0.550 0.738 -0.746
-0.503 0.678 -0.642
-0.483 0.737 -0.627
-0.361 0.797 -0.596
-0.414 0.801 -0.661
-0.423 0.774 -0.615
-0.521 0.712 -0.647
-0.524 0.749 -0.662
-0.535 0.744 -0.714
-0.561 0.695 -0.674
-0.272 0.718 -0.624
-0.252 0.697 -0.649
-0.162 0.700 -0.632
-0.122 0.690 -0.616
-0.371 0.711 -0.599
-0.290 0.847 -0.613
-0.348 0.707 -0.614
-0.358 0.771 -0.559
-0.334 0.822 -0.611
-0.322 0.730 -0.596
-0.090 0.794 -0.592
-0.314 0.779 -0.581
-0.192 0.709 -0.637
-0.105 0.749 -0.574
-0.248 0.834 -0.566
-0.153 0.735 -0.598
-0.167 0.775 -0.589
-0.227 0.719 -0.637
-0.282 0.750 -0.590
-0.253 0.788 -0.580
-0.216 0.758 -0.614
-0.197 0.830 -0.574
-0.134 0.823 -0.595
-0.285 0.810 -0.591
-0.379 0.088 -0.983
-0.441 0.120 -0.993
-0.314 0.694 -0.637
-0.218 0.157 -1.050
-0.403 0.645 -0.640
-0.175 0.127 -1.074
-0.081 0.162 -1.032
-0.059 0.594 -0.674
-0.138 0.663 -0.646
-0.479 0.202 -0.944
-0.342 0.098 -0.991
-0.298 0.673 -0.658
-0.100 0.210 -0.993
-0.074 0.367 -0.878
-0.444 0.565 -0.720
-0.244 0.125 -1.062
-0.068 0.449 -0.817
-0.088 0.470 -0.770
-0.189 0.655 -0.676
-0.114 0.305 -0.903
-0.159 0.279 -0.942
-0.081 0.259 -0.947
-0.305 0.141 -1.054
-0.395 0.449 -0.748
-0.088 0.397 -0.837
-0.444 0.144 -0.978
-0.381 0.383 -0.790
-0.164 0.599 -0.708
-0.155 0.231 -0.982
-0.167 0.191 -1.022
-0.105 0.131 -1.069
-0.145 0.157 -1.052
-0.077 0.556 -0.699
-0.415 0.345 -0.820
-0.427 0.574 -0.684
-0.407 0.537 -0.697
-0.434 0.269 -0.885
-0.440 0.502 -0.721
-0.382 0.503 -0.724
-0.176 0.324 -0.920
-0.131 0.619 -0.680
-0.360 0.669 -0.645
-0.345 0.614 -0.699
-0.324 0.639 -0.684
-0.248 0.190 -1.033
-0.079 0.624 -0.643
-0.446 0.308 -0.864
-0.400 0.302 -0.845
-0.373 0.269 -0.865
-0.348 0.315 -0.860
-0.123 0.339 -0.876
-0.166 0.378 -0.872
-0.255 0.664 -0.674
-0.078 0.509 -0.740
-0.188 0.516 -0.774
-0.133 0.478 -0.779
-0.134 0.539 -0.732
-0.383 0.152 -0.942
-0.324 0.247 -0.963
-0.346 0.199 -0.926
-0.338 0.154 -0.970
-0.315 0.198 -1.005
-0.248 0.245 -0.995
-0.445 0.218 -0.922
-0.430 0.409 -0.776
-0.365 0.340 -0.825
-0.331 0.360 -0.877
-0.352 0.400 -0.807
-0.327 0.493 -0.792
-0.329 0.448 -0.821
-0.361 0.457 -0.766
-0.378 0.567 -0.693
-0.216 0.278 -0.964
-0.393 0.212 -0.905
-0.102 0.435 -0.796
-0.125 0.395 -0.831
-0.347 0.247 -0.899
-0.326 0.302 -0.924
-0.268 0.530 -0.779
-0.261 0.487 -0.813
-0.341 0.538 -0.754
-0.275 0.294 -0.952
-0.243 0.624 -0.703
-0.325 0.572 -0.738
-0.209 0.388 -0.876
-0.303 0.399 -0.867
-0.267 0.429 -0.856
-0.217 0.443 -0.840
-0.271 0.355 -0.908
-0.216 0.579 -0.732
-0.280 0.588 -0.734
-0.172 0.453 -0.820
-0.227 0.342 -0.914
-0.402 0.667 -0.639
-0.397 0.599 -0.665
