-0.571 0.140 -1.071
-0.564 0.169 -1.044
-0.566 0.206 -1.026
-0.563 0.231 -1.001
-0.564 0.253 -0.991
-0.558 0.300 -0.947
-0.558 0.330 -0.953
-0.548 0.437 -0.835
-0.541 0.517 -0.774
-0.639 0.566 -0.841
-0.613 0.482 -0.943
-0.585 0.196 -1.150
-0.601 0.378 -1.023
-0.689 0.666 -0.753
-0.509 0.638 -0.689
-0.533 0.650 -0.686
-0.599 0.249 -1.124
-0.619 0.523 -0.897
-0.600 0.559 -0.838
-0.547 0.555 -0.754
-0.571 0.176 -1.059
-0.557 0.661 -0.699
-0.606 0.316 -1.071
-0.588 0.322 -1.031
-0.602 0.425 -0.988
-0.558 0.460 -0.883
-0.663 0.601 -0.775
-0.620 0.606 -0.769
-0.640 0.686 -0.720
-0.540 0.600 -0.719
-0.569 0.214 -1.092
-0.589 0.272 -1.081
-0.563 0.303 -1.007
-0.564 0.257 -1.041
-0.570 0.368 -0.972
-0.586 0.447 -0.942
-0.587 0.496 -0.896
-0.572 0.576 -0.784
-0.557 0.388 -0.933
-0.558 0.518 -0.828
-0.593 0.644 -0.728
-0.037 0.627 -0.677
-0.034 0.607 -0.707
-0.038 0.581 -0.730
-0.041 0.546 -0.764
-0.058 0.489 -0.812
-0.047 0.420 -0.876
-0.064 0.303 -0.957
-0.058 0.240 -1.011
-0.022 0.125 -1.095
0.035 0.109 -1.077
0.010 0.134 -1.066
0.034 0.149 -1.046
0.039 0.194 -1.012
0.040 0.280 -0.946
0.043 0.325 -0.911
0.036 0.388 -0.862
0.042 0.473 -0.800
0.014 0.577 -0.752
-0.027 0.470 -0.840
0.005 0.602 -0.738
0.013 0.446 -0.841
-0.055 0.151 -1.100
-0.004 0.171 -1.053
-0.057 0.215 -1.036
-0.000 0.314 -0.955
0.012 0.339 -0.928
0.002 0.425 -0.866
0.001 0.384 -0.897
0.007 0.503 -0.807
-0.038 0.512 -0.807
-0.016 0.550 -0.780
-0.036 0.190 -1.062
-0.015 0.272 -0.992
0.021 0.256 -0.972
-0.007 0.217 -1.027
-0.040 0.333 -0.935
-0.448 0.661 -0.706
-0.439 0.623 -0.711
-0.445 0.604 -0.723
-0.456 0.512 -0.764
-0.470 0.453 -0.782
-0.468 0.391 -0.835
-0.465 0.355 -0.865
-0.440 0.196 -0.981
-0.453 0.180 -0.999
-0.564 0.186 -1.032
-0.561 0.266 -0.970
-0.561 0.290 -0.965
-0.556 0.325 -0.926
-0.556 0.350 -0.910
-0.554 0.367 -0.897
-0.553 0.381 -0.881
-0.551 0.394 -0.868
-0.550 0.412 -0.858
-0.549 0.468 -0.829
-0.547 0.489 -0.806
-0.536 0.487 -0.787
-0.531 0.547 -0.745
-0.514 0.574 -0.727
-0.474 0.651 -0.698
-0.519 0.467 -0.798
-0.461 0.645 -0.711
-0.471 0.122 -1.050
-0.487 0.165 -1.022
-0.525 0.235 -0.976
-0.478 0.496 -0.781
-0.489 0.535 -0.750
-0.506 0.130 -1.056
-0.512 0.307 -0.915
-0.473 0.266 -0.943
-0.520 0.341 -0.887
-0.462 0.559 -0.749
-0.479 0.420 -0.812
-0.504 0.377 -0.853
-0.535 0.168 -1.031
-0.528 0.273 -0.948
-0.530 0.420 -0.830
-0.512 0.200 -0.998
-0.473 0.606 -0.724
0.054 0.144 -1.069
0.039 0.172 -1.029
0.039 0.210 -0.997
0.041 0.232 -0.983
0.041 0.254 -0.966
0.041 0.302 -0.929
0.039 0.362 -0.881
0.045 0.409 -0.847
0.042 0.439 -0.825
0.033 0.463 -0.811
0.033 0.495 -0.790
0.036 0.517 -0.773
0.039 0.539 -0.757
0.014 0.629 -0.714
-0.012 0.628 -0.696
-0.504 0.593 -0.713
-0.012 0.811 -0.662
-0.027 0.744 -0.616
0.044 0.727 -0.650
-0.050 0.833 -0.654
-0.153 0.845 -0.607
-0.087 0.800 -0.616
-0.059 0.781 -0.591
-0.036 0.766 -0.622
0.005 0.738 -0.632
-0.045 0.806 -0.641
0.054 0.173 -1.170
0.056 0.203 -1.164
0.153 0.586 -0.838
0.066 0.817 -0.705
0.057 0.134 -1.110
0.070 0.280 -1.106
0.021 0.660 -0.681
0.053 0.165 -1.157
0.222 0.713 -0.734
0.052 0.689 -0.645
0.064 0.645 -0.681
0.090 0.402 -1.010
0.081 0.340 -1.058
0.126 0.522 -0.907
0.059 0.230 -1.103
0.062 0.262 -1.064
0.053 0.753 -0.665
0.072 0.356 -0.994
0.078 0.401 -0.966
0.064 0.335 -0.949
0.055 0.363 -0.894
0.068 0.466 -0.836
0.040 0.569 -0.737
0.143 0.627 -0.763
0.183 0.655 -0.751
0.135 0.713 -0.695
0.116 0.764 -0.703
0.033 0.790 -0.674
0.068 0.397 -0.919
0.063 0.290 -0.978
0.064 0.424 -0.867
0.083 0.519 -0.822
0.054 0.188 -1.116
0.067 0.303 -1.032
0.086 0.463 -0.906
0.118 0.591 -0.790
0.063 0.510 -0.786
0.100 0.453 -0.964
0.059 0.206 -1.043
0.079 0.550 -0.775
0.118 0.550 -0.848
0.045 0.605 -0.711
0.096 0.505 -0.875
0.083 0.682 -0.673
0.116 0.647 -0.722
0.062 0.252 -1.007
0.076 0.592 -0.731
-0.535 0.746 -0.756
-0.439 0.791 -0.731
-0.509 0.759 -0.755
-0.550 0.739 -0.756
-0.503 0.677 -0.654
-0.482 0.736 -0.637
-0.361 0.796 -0.606
-0.414 0.802 -0.671
-0.423 0.773 -0.625
-0.521 0.711 -0.658
-0.524 0.749 -0.672
-0.535 0.745 -0.724
-0.561 0.695 -0.684
-0.272 0.719 -0.637
-0.251 0.699 -0.662
-0.161 0.701 -0.646
-0.121 0.691 -0.630
-0.370 0.711 -0.611
-0.290 0.847 -0.623
-0.347 0.707 -0.627
-0.357 0.770 -0.570
-0.334 0.822 -0.621
-0.322 0.730 -0.608
-0.090 0.794 -0.602
-0.313 0.779 -0.592
-0.191 0.710 -0.650
-0.105 0.749 -0.585
-0.248 0.834 -0.576
-0.153 0.735 -0.610
-0.167 0.775 -0.601
-0.226 0.720 -0.649
-0.281 0.750 -0.602
-0.253 0.788 -0.591
-0.216 0.759 -0.625
-0.197 0.830 -0.584
-0.134 0.823 -0.605
-0.285 0.810 -0.602
-0.376 0.102 -1.019
-0.438 0.135 -1.027
-0.314 0.696 -0.651
-0.218 0.176 -1.086
-0.402 0.645 -0.653
-0.176 0.148 -1.111
-0.082 0.180 -1.068
-0.060 0.593 -0.687
-0.137 0.665 -0.661
-0.476 0.214 -0.975
-0.339 0.113 -1.027
-0.299 0.677 -0.674
-0.101 0.226 -1.025
-0.075 0.376 -0.902
-0.443 0.568 -0.735
-0.245 0.145 -1.098
-0.068 0.454 -0.836
-0.089 0.473 -0.788
-0.189 0.656 -0.689
-0.115 0.315 -0.931
-0.160 0.293 -0.971
-0.082 0.272 -0.977
-0.306 0.160 -1.089
-0.394 0.452 -0.768
-0.089 0.404 -0.859
-0.441 0.158 -1.011
-0.379 0.389 -0.813
-0.165 0.601 -0.721
-0.156 0.246 -1.014
-0.168 0.209 -1.056
-0.106 0.152 -1.106
-0.146 0.176 -1.088
-0.079 0.556 -0.714
-0.414 0.352 -0.844
-0.426 0.575 -0.699
-0.405 0.539 -0.714
-0.432 0.278 -0.912
-0.438 0.504 -0.739
-0.381 0.506 -0.742
-0.176 0.336 -0.946
-0.132 0.618 -0.691
-0.360 0.670 -0.658
-0.345 0.617 -0.714
-0.324 0.642 -0.699
-0.249 0.209 -1.066
-0.080 0.622 -0.655
-0.444 0.316 -0.890
-0.397 0.310 -0.871
-0.371 0.278 -0.893
-0.347 0.324 -0.886
-0.124 0.348 -0.901
-0.166 0.388 -0.896
-0.255 0.667 -0.689
-0.079 0.511 -0.756
-0.189 0.520 -0.792
-0.133 0.482 -0.798
-0.135 0.541 -0.747
-0.381 0.164 -0.975
-0.324 0.261 -0.993
-0.343 0.211 -0.957
-0.336 0.168 -1.004
-0.315 0.214 -1.037
-0.249 0.261 -1.026
-0.442 0.229 -0.952
-0.428 0.414 -0.798
-0.363 0.347 -0.850
-0.331 0.370 -0.901
-0.351 0.406 -0.829
-0.327 0.500 -0.811
-0.329 0.456 -0.842
-0.360 0.462 -0.786
-0.377 0.569 -0.709
-0.217 0.293 -0.993
-0.390 0.222 -0.934
-0.103 0.439 -0.816
-0.126 0.402 -0.854
-0.345 0.258 -0.928
-0.326 0.314 -0.952
-0.268 0.537 -0.798
-0.261 0.495 -0.833
-0.341 0.543 -0.772
-0.275 0.308 -0.981
-0.244 0.627 -0.718
-0.325 0.576 -0.755
-0.210 0.399 -0.901
-0.304 0.408 -0.890
-0.267 0.438 -0.878
-0.218 0.452 -0.862
-0.272 0.367 -0.933
-0.217 0.582 -0.748
-0.281 0.592 -0.751
-0.173 0.460 -0.840
-0.228 0.355 -0.941
-0.401 0.667 -0.652
-0.395 0.600 -0.679
