-0.421 0.029 -0.214
-0.423 0.069 -0.209
-0.416 0.109 -0.214
-0.420 0.144 -0.212
-0.414 0.167 -0.214
-0.420 0.232 -0.212
-0.397 0.252 -0.215
-0.423 0.409 -0.210
-0.420 0.511 -0.208
-0.329 0.510 -0.300
-0.313 0.376 -0.279
-0.326 0.024 -0.236
-0.315 0.244 -0.263
-0.343 0.664 -0.314
-0.409 0.663 -0.179
-0.404 0.669 -0.205
-0.315 0.081 -0.253
-0.320 0.438 -0.284
-0.341 0.502 -0.262
-0.410 0.552 -0.213
-0.408 0.064 -0.217
-0.381 0.668 -0.221
-0.316 0.166 -0.264
-0.342 0.196 -0.246
-0.314 0.304 -0.267
-0.373 0.397 -0.224
-0.345 0.590 -0.312
-0.349 0.585 -0.270
-0.359 0.678 -0.284
-0.411 0.610 -0.208
-0.358 0.075 -0.220
-0.334 0.126 -0.244
-0.372 0.197 -0.219
-0.373 0.140 -0.216
-0.359 0.270 -0.231
-0.335 0.349 -0.251
-0.340 0.416 -0.254
-0.370 0.550 -0.231
-0.377 0.310 -0.219
-0.378 0.476 -0.224
-0.361 0.636 -0.243
-0.048 0.661 -0.089
-0.057 0.627 -0.099
-0.066 0.593 -0.098
-0.075 0.545 -0.101
-0.089 0.471 -0.093
-0.088 0.378 -0.111
-0.086 0.235 -0.091
-0.084 0.153 -0.101
-0.052 0.012 -0.130
-0.000 0.014 -0.164
-0.020 0.039 -0.146
-0.003 0.064 -0.163
-0.004 0.120 -0.168
-0.009 0.228 -0.168
-0.010 0.285 -0.171
-0.017 0.365 -0.165
-0.020 0.470 -0.171
-0.058 0.580 -0.153
-0.079 0.440 -0.125
-0.066 0.608 -0.144
-0.046 0.422 -0.153
-0.088 0.028 -0.113
-0.040 0.075 -0.141
-0.086 0.118 -0.105
-0.054 0.248 -0.147
-0.044 0.284 -0.153
-0.056 0.390 -0.147
-0.054 0.339 -0.146
-0.057 0.487 -0.150
-0.085 0.493 -0.113
-0.075 0.540 -0.131
-0.075 0.082 -0.126
-0.064 0.191 -0.137
-0.022 0.192 -0.155
-0.051 0.127 -0.142
-0.074 0.274 -0.111
-0.361 0.666 -0.134
-0.380 0.634 -0.120
-0.384 0.611 -0.124
-0.415 0.515 -0.124
-0.442 0.459 -0.130
-0.442 0.377 -0.125
-0.440 0.331 -0.121
-0.434 0.136 -0.085
-0.433 0.111 -0.097
-0.423 0.089 -0.210
-0.423 0.191 -0.212
-0.412 0.213 -0.215
-0.422 0.265 -0.211
-0.418 0.294 -0.213
-0.418 0.317 -0.213
-0.422 0.337 -0.212
-0.425 0.355 -0.210
-0.420 0.376 -0.211
-0.409 0.438 -0.214
-0.414 0.468 -0.213
-0.429 0.480 -0.201
-0.423 0.553 -0.198
-0.421 0.587 -0.181
-0.382 0.665 -0.154
-0.431 0.457 -0.183
-0.372 0.651 -0.145
-0.430 0.033 -0.111
-0.432 0.084 -0.130
-0.434 0.164 -0.173
-0.418 0.492 -0.145
-0.421 0.541 -0.157
-0.429 0.034 -0.147
-0.438 0.260 -0.166
-0.438 0.212 -0.125
-0.438 0.304 -0.175
-0.398 0.561 -0.137
-0.443 0.414 -0.138
-0.441 0.354 -0.161
-0.431 0.078 -0.179
-0.434 0.212 -0.179
-0.435 0.400 -0.190
-0.434 0.124 -0.157
-0.390 0.612 -0.151
-0.005 0.045 -0.188
-0.003 0.092 -0.168
-0.005 0.142 -0.166
-0.006 0.168 -0.169
-0.007 0.195 -0.169
-0.010 0.256 -0.169
-0.013 0.333 -0.167
-0.015 0.390 -0.173
-0.018 0.427 -0.171
-0.026 0.455 -0.164
-0.029 0.492 -0.165
-0.029 0.521 -0.166
-0.028 0.548 -0.169
-0.061 0.644 -0.149
-0.055 0.652 -0.119
-0.417 0.610 -0.173
-0.127 0.815 -0.217
-0.053 0.819 -0.173
-0.058 0.765 -0.206
-0.146 0.825 -0.205
-0.157 0.847 -0.166
-0.113 0.834 -0.162
-0.073 0.829 -0.146
-0.073 0.824 -0.180
-0.050 0.798 -0.191
-0.116 0.824 -0.193
-0.089 0.002 -0.233
-0.103 0.028 -0.240
-0.106 0.537 -0.291
-0.149 0.790 -0.260
-0.025 0.011 -0.204
-0.107 0.125 -0.247
-0.052 0.691 -0.151
-0.076 0.004 -0.226
-0.125 0.712 -0.296
-0.039 0.739 -0.186
-0.032 0.680 -0.189
-0.112 0.281 -0.257
-0.108 0.203 -0.252
-0.112 0.441 -0.277
-0.078 0.088 -0.226
-0.070 0.138 -0.222
-0.082 0.775 -0.227
-0.077 0.255 -0.228
-0.083 0.308 -0.234
-0.035 0.269 -0.205
-0.016 0.325 -0.186
-0.033 0.442 -0.203
-0.032 0.584 -0.169
-0.082 0.615 -0.269
-0.094 0.649 -0.304
-0.081 0.720 -0.259
-0.120 0.756 -0.262
-0.113 0.795 -0.233
-0.049 0.335 -0.213
-0.028 0.215 -0.202
-0.030 0.389 -0.200
-0.054 0.492 -0.221
-0.062 0.048 -0.218
-0.073 0.191 -0.225
-0.079 0.395 -0.234
-0.077 0.569 -0.250
-0.026 0.508 -0.194
-0.111 0.351 -0.260
-0.022 0.110 -0.200
-0.039 0.546 -0.212
-0.090 0.500 -0.259
-0.033 0.629 -0.173
-0.082 0.447 -0.241
-0.049 0.712 -0.213
-0.064 0.654 -0.241
-0.026 0.168 -0.201
-0.034 0.606 -0.205
-0.293 0.733 -0.289
-0.274 0.789 -0.257
-0.284 0.747 -0.283
-0.299 0.725 -0.293
-0.403 0.716 -0.183
-0.386 0.772 -0.208
-0.342 0.829 -0.165
-0.315 0.808 -0.227
-0.367 0.812 -0.204
-0.383 0.732 -0.214
-0.362 0.748 -0.243
-0.321 0.736 -0.271
-0.369 0.700 -0.231
-0.274 0.760 -0.076
-0.252 0.728 -0.073
-0.160 0.739 -0.072
-0.115 0.739 -0.072
-0.375 0.762 -0.095
-0.286 0.848 -0.182
-0.350 0.752 -0.091
-0.367 0.821 -0.129
-0.312 0.838 -0.179
-0.328 0.784 -0.091
-0.105 0.829 -0.146
-0.315 0.824 -0.121
-0.191 0.744 -0.074
-0.099 0.807 -0.100
-0.248 0.876 -0.136
-0.147 0.786 -0.081
-0.165 0.819 -0.101
-0.227 0.753 -0.076
-0.287 0.804 -0.090
-0.256 0.838 -0.106
-0.217 0.796 -0.090
-0.196 0.867 -0.131
-0.141 0.842 -0.152
-0.281 0.838 -0.140
-0.424 0.043 -0.010
-0.431 0.059 -0.078
-0.315 0.730 -0.080
-0.228 0.055 -0.034
-0.405 0.689 -0.087
-0.189 0.016 -0.051
-0.104 0.070 -0.090
-0.059 0.628 -0.064
-0.134 0.701 -0.065
-0.436 0.152 -0.122
-0.390 0.048 0.011
-0.299 0.702 -0.073
-0.116 0.132 -0.073
-0.100 0.327 -0.086
-0.398 0.576 -0.118
-0.256 0.022 -0.031
-0.094 0.429 -0.085
-0.088 0.472 -0.051
-0.189 0.678 -0.067
-0.117 0.260 -0.048
-0.163 0.217 -0.034
-0.098 0.199 -0.078
-0.316 0.042 -0.027
-0.417 0.469 -0.058
-0.098 0.374 -0.063
-0.432 0.087 -0.083
-0.411 0.393 -0.042
-0.164 0.614 -0.057
-0.161 0.154 -0.041
-0.177 0.098 -0.043
-0.127 0.023 -0.082
-0.160 0.053 -0.059
-0.073 0.583 -0.050
-0.432 0.344 -0.067
-0.417 0.606 -0.100
-0.417 0.570 -0.075
-0.435 0.243 -0.082
-0.433 0.526 -0.101
-0.400 0.528 -0.055
-0.181 0.266 -0.030
-0.130 0.646 -0.054
-0.360 0.705 -0.085
-0.343 0.629 -0.079
-0.322 0.659 -0.077
-0.257 0.093 -0.028
-0.071 0.672 -0.049
-0.438 0.286 -0.098
-0.425 0.295 -0.049
-0.411 0.258 -0.024
-0.377 0.298 -0.025
-0.123 0.304 -0.040
-0.169 0.338 -0.033
-0.255 0.686 -0.067
-0.078 0.521 -0.055
-0.190 0.507 -0.049
-0.132 0.474 -0.038
-0.132 0.551 -0.044
-0.424 0.118 -0.020
-0.334 0.180 -0.037
-0.387 0.166 -0.004
-0.376 0.104 -0.001
-0.325 0.116 -0.033
-0.255 0.159 -0.027
-0.436 0.179 -0.088
-0.435 0.420 -0.086
-0.398 0.338 -0.029
-0.339 0.322 -0.048
-0.374 0.396 -0.039
-0.327 0.479 -0.063
-0.331 0.426 -0.059
-0.380 0.466 -0.046
-0.387 0.598 -0.063
-0.222 0.203 -0.030
-0.426 0.188 -0.035
-0.100 0.428 -0.044
-0.122 0.376 -0.035
-0.383 0.221 -0.013
-0.333 0.247 -0.043
-0.270 0.517 -0.047
-0.264 0.462 -0.042
-0.341 0.537 -0.069
-0.281 0.224 -0.030
-0.243 0.637 -0.062
-0.322 0.573 -0.070
-0.214 0.344 -0.036
-0.307 0.359 -0.047
-0.271 0.390 -0.037
-0.221 0.410 -0.040
-0.276 0.300 -0.032
-0.216 0.583 -0.056
-0.281 0.589 -0.057
-0.175 0.430 -0.040
-0.233 0.285 -0.031
-0.399 0.706 -0.098
-0.405 0.639 -0.075
