-0.567 0.159 -1.106
-0.561 0.187 -1.078
-0.563 0.222 -1.058
-0.560 0.246 -1.032
-0.560 0.268 -1.021
-0.556 0.313 -0.975
-0.555 0.342 -0.979
-0.547 0.444 -0.856
-0.540 0.521 -0.791
-0.637 0.572 -0.856
-0.609 0.494 -0.962
-0.578 0.219 -1.183
-0.596 0.395 -1.048
-0.689 0.666 -0.763
-0.508 0.639 -0.701
-0.532 0.651 -0.698
-0.592 0.270 -1.154
-0.616 0.533 -0.914
-0.598 0.565 -0.854
-0.547 0.558 -0.770
-0.566 0.194 -1.093
-0.557 0.662 -0.710
-0.600 0.335 -1.099
-0.583 0.339 -1.058
-0.597 0.440 -1.010
-0.555 0.469 -0.902
-0.662 0.603 -0.788
-0.619 0.608 -0.782
-0.640 0.686 -0.730
-0.540 0.602 -0.732
-0.563 0.234 -1.124
-0.583 0.291 -1.110
-0.559 0.318 -1.034
-0.559 0.274 -1.070
-0.566 0.382 -0.997
-0.582 0.459 -0.963
-0.584 0.505 -0.915
-0.571 0.580 -0.798
-0.554 0.400 -0.956
-0.556 0.524 -0.845
-0.593 0.645 -0.740
-0.038 0.627 -0.689
-0.035 0.608 -0.720
-0.039 0.582 -0.744
-0.042 0.549 -0.780
-0.058 0.495 -0.830
-0.047 0.428 -0.897
-0.065 0.315 -0.984
-0.059 0.256 -1.040
-0.023 0.145 -1.131
0.034 0.129 -1.114
0.010 0.152 -1.101
0.034 0.167 -1.081
0.039 0.210 -1.045
0.039 0.292 -0.974
0.042 0.335 -0.936
0.035 0.396 -0.885
0.042 0.478 -0.818
0.014 0.580 -0.766
-0.028 0.477 -0.859
0.004 0.604 -0.751
0.012 0.453 -0.861
-0.056 0.171 -1.134
-0.004 0.189 -1.086
-0.058 0.232 -1.067
-0.001 0.327 -0.981
0.011 0.350 -0.953
0.001 0.433 -0.886
0.001 0.394 -0.919
0.007 0.507 -0.824
-0.039 0.517 -0.823
-0.017 0.554 -0.795
-0.036 0.208 -1.094
-0.016 0.287 -1.020
0.021 0.269 -1.001
-0.007 0.234 -1.057
-0.041 0.345 -0.960
-0.448 0.663 -0.718
-0.438 0.625 -0.725
-0.444 0.606 -0.737
-0.455 0.515 -0.781
-0.469 0.457 -0.801
-0.466 0.397 -0.857
-0.463 0.363 -0.888
-0.438 0.209 -1.011
-0.450 0.194 -1.029
-0.560 0.202 -1.065
-0.558 0.280 -0.999
-0.558 0.304 -0.993
-0.553 0.336 -0.952
-0.554 0.361 -0.935
-0.552 0.377 -0.921
-0.551 0.390 -0.904
-0.549 0.402 -0.890
-0.548 0.420 -0.880
-0.548 0.475 -0.848
-0.546 0.494 -0.824
-0.535 0.491 -0.805
-0.530 0.550 -0.760
-0.513 0.576 -0.741
-0.474 0.653 -0.710
-0.518 0.472 -0.817
-0.461 0.647 -0.723
-0.468 0.139 -1.084
-0.484 0.180 -1.053
-0.522 0.248 -1.006
-0.477 0.500 -0.798
-0.488 0.538 -0.766
-0.503 0.147 -1.090
-0.510 0.318 -0.941
-0.471 0.278 -0.970
-0.518 0.350 -0.911
-0.461 0.562 -0.764
-0.478 0.425 -0.832
-0.503 0.385 -0.876
-0.532 0.184 -1.064
-0.525 0.285 -0.975
-0.528 0.427 -0.851
-0.509 0.214 -1.029
-0.473 0.608 -0.738
0.054 0.163 -1.105
0.039 0.189 -1.062
0.038 0.225 -1.029
0.040 0.247 -1.013
0.041 0.267 -0.995
0.040 0.313 -0.956
0.039 0.371 -0.905
0.044 0.416 -0.869
0.042 0.445 -0.845
0.032 0.469 -0.830
0.033 0.499 -0.807
0.035 0.521 -0.790
0.039 0.542 -0.772
0.014 0.630 -0.726
-0.013 0.628 -0.708
-0.504 0.594 -0.726
-0.012 0.811 -0.672
-0.027 0.743 -0.626
0.044 0.727 -0.661
-0.050 0.833 -0.664
-0.153 0.845 -0.617
-0.087 0.800 -0.626
-0.059 0.781 -0.601
-0.036 0.766 -0.632
0.005 0.738 -0.642
-0.045 0.806 -0.651
0.051 0.197 -1.203
0.052 0.227 -1.196
0.152 0.592 -0.852
0.066 0.817 -0.715
0.056 0.155 -1.146
0.066 0.301 -1.134
0.020 0.660 -0.692
0.050 0.189 -1.191
0.222 0.713 -0.744
0.052 0.689 -0.655
0.063 0.645 -0.692
0.086 0.418 -1.032
0.077 0.359 -1.083
0.124 0.532 -0.924
0.056 0.251 -1.134
0.059 0.281 -1.093
0.053 0.753 -0.675
0.069 0.371 -1.019
0.075 0.414 -0.988
0.063 0.348 -0.975
0.054 0.372 -0.917
0.067 0.472 -0.855
0.039 0.571 -0.750
0.142 0.629 -0.775
0.183 0.656 -0.762
0.135 0.713 -0.705
0.116 0.764 -0.713
0.033 0.790 -0.683
0.067 0.408 -0.941
0.062 0.304 -1.006
0.063 0.432 -0.888
0.082 0.524 -0.838
0.052 0.210 -1.149
0.065 0.321 -1.059
0.084 0.473 -0.925
0.117 0.595 -0.804
0.062 0.514 -0.802
0.097 0.467 -0.983
0.058 0.224 -1.075
0.079 0.553 -0.790
0.116 0.557 -0.863
0.045 0.606 -0.724
0.094 0.514 -0.892
0.083 0.682 -0.684
0.116 0.648 -0.733
0.060 0.268 -1.037
0.076 0.594 -0.744
-0.535 0.746 -0.766
-0.439 0.791 -0.741
-0.509 0.759 -0.765
-0.550 0.739 -0.765
-0.502 0.677 -0.665
-0.482 0.736 -0.647
-0.361 0.796 -0.616
-0.414 0.802 -0.681
-0.423 0.773 -0.635
-0.521 0.711 -0.668
-0.524 0.749 -0.682
-0.536 0.745 -0.734
-0.561 0.695 -0.694
-0.271 0.720 -0.649
-0.251 0.701 -0.675
-0.161 0.702 -0.658
-0.121 0.691 -0.642
-0.370 0.711 -0.623
-0.290 0.847 -0.633
-0.347 0.707 -0.639
-0.357 0.769 -0.581
-0.334 0.822 -0.632
-0.321 0.730 -0.619
-0.090 0.794 -0.612
-0.313 0.778 -0.602
-0.191 0.711 -0.662
-0.105 0.748 -0.596
-0.248 0.834 -0.587
-0.152 0.736 -0.622
-0.167 0.775 -0.611
-0.226 0.721 -0.661
-0.281 0.750 -0.613
-0.252 0.788 -0.601
-0.216 0.759 -0.637
-0.196 0.830 -0.594
-0.134 0.823 -0.615
-0.285 0.810 -0.612
-0.374 0.117 -1.052
-0.435 0.150 -1.060
-0.314 0.697 -0.663
-0.219 0.195 -1.118
-0.401 0.645 -0.666
-0.176 0.168 -1.144
-0.083 0.199 -1.100
-0.061 0.594 -0.701
-0.137 0.666 -0.674
-0.474 0.227 -1.004
-0.337 0.129 -1.060
-0.298 0.679 -0.687
-0.102 0.242 -1.055
-0.075 0.386 -0.925
-0.442 0.571 -0.750
-0.246 0.164 -1.131
-0.069 0.461 -0.855
-0.089 0.478 -0.807
-0.189 0.658 -0.702
-0.116 0.327 -0.957
-0.160 0.306 -0.998
-0.083 0.286 -1.005
-0.306 0.178 -1.120
-0.393 0.457 -0.788
-0.090 0.412 -0.881
-0.439 0.173 -1.043
-0.378 0.395 -0.835
-0.165 0.603 -0.735
-0.156 0.262 -1.043
-0.169 0.226 -1.087
-0.107 0.172 -1.140
-0.146 0.195 -1.120
-0.079 0.557 -0.729
-0.412 0.359 -0.867
-0.425 0.576 -0.714
-0.404 0.541 -0.730
-0.430 0.288 -0.938
-0.438 0.507 -0.756
-0.380 0.510 -0.760
-0.177 0.349 -0.972
-0.133 0.620 -0.705
-0.360 0.671 -0.670
-0.345 0.620 -0.729
-0.324 0.645 -0.713
-0.249 0.226 -1.097
-0.081 0.622 -0.667
-0.442 0.325 -0.914
-0.396 0.318 -0.896
-0.369 0.287 -0.919
-0.346 0.334 -0.910
-0.125 0.358 -0.926
-0.167 0.398 -0.919
-0.255 0.669 -0.702
-0.080 0.515 -0.773
-0.189 0.526 -0.810
-0.134 0.488 -0.816
-0.135 0.544 -0.763
-0.378 0.176 -1.005
-0.324 0.275 -1.020
-0.342 0.223 -0.986
-0.334 0.182 -1.034
-0.315 0.230 -1.067
-0.249 0.277 -1.054
-0.440 0.241 -0.981
-0.427 0.419 -0.818
-0.362 0.355 -0.873
-0.331 0.380 -0.924
-0.350 0.414 -0.851
-0.327 0.506 -0.830
-0.329 0.464 -0.862
-0.359 0.467 -0.806
-0.377 0.572 -0.724
-0.217 0.308 -1.021
-0.388 0.233 -0.963
-0.104 0.445 -0.836
-0.127 0.410 -0.876
-0.343 0.269 -0.955
-0.326 0.327 -0.977
-0.268 0.543 -0.815
-0.261 0.502 -0.852
-0.341 0.547 -0.789
-0.276 0.322 -1.007
-0.244 0.630 -0.732
-0.325 0.581 -0.771
-0.210 0.409 -0.923
-0.304 0.418 -0.912
-0.267 0.448 -0.899
-0.218 0.461 -0.882
-0.272 0.379 -0.957
-0.217 0.586 -0.763
-0.281 0.597 -0.766
-0.173 0.468 -0.860
-0.228 0.367 -0.965
-0.401 0.668 -0.664
-0.395 0.602 -0.694
