-0.563 0.178 -1.139
-0.557 0.205 -1.110
-0.559 0.239 -1.088
-0.557 0.262 -1.061
-0.557 0.283 -1.049
-0.553 0.326 -1.001
-0.552 0.356 -1.003
-0.545 0.451 -0.876
-0.539 0.525 -0.807
-0.636 0.578 -0.871
-0.605 0.507 -0.981
-0.570 0.242 -1.214
-0.590 0.412 -1.071
-0.689 0.666 -0.773
-0.508 0.639 -0.713
-0.532 0.651 -0.710
-0.584 0.293 -1.183
-0.614 0.542 -0.931
-0.597 0.572 -0.869
-0.546 0.561 -0.785
-0.562 0.213 -1.125
-0.557 0.662 -0.721
-0.593 0.354 -1.125
-0.578 0.356 -1.084
-0.592 0.455 -1.031
-0.553 0.478 -0.921
-0.661 0.605 -0.801
-0.618 0.611 -0.795
-0.640 0.686 -0.740
-0.539 0.603 -0.746
-0.558 0.254 -1.154
-0.577 0.311 -1.138
-0.554 0.334 -1.060
-0.554 0.292 -1.098
-0.562 0.396 -1.020
-0.578 0.472 -0.983
-0.582 0.515 -0.932
-0.569 0.584 -0.812
-0.551 0.412 -0.978
-0.555 0.531 -0.861
-0.592 0.647 -0.751
-0.038 0.628 -0.702
-0.035 0.610 -0.733
-0.039 0.585 -0.758
-0.042 0.553 -0.795
-0.059 0.501 -0.847
-0.048 0.438 -0.918
-0.065 0.328 -1.009
-0.059 0.271 -1.068
-0.023 0.164 -1.163
0.035 0.148 -1.148
0.010 0.171 -1.134
0.034 0.185 -1.113
0.039 0.226 -1.075
0.039 0.305 -1.001
0.042 0.346 -0.961
0.035 0.405 -0.907
0.041 0.483 -0.837
0.013 0.583 -0.780
-0.028 0.484 -0.877
0.004 0.607 -0.764
0.012 0.460 -0.880
-0.057 0.190 -1.165
-0.005 0.206 -1.117
-0.058 0.248 -1.096
-0.001 0.340 -1.006
0.011 0.362 -0.977
0.001 0.441 -0.906
0.000 0.404 -0.941
0.006 0.513 -0.841
-0.039 0.523 -0.840
-0.017 0.559 -0.811
-0.037 0.225 -1.124
-0.017 0.301 -1.047
0.020 0.283 -1.029
-0.008 0.250 -1.086
-0.041 0.357 -0.984
-0.447 0.664 -0.730
-0.438 0.627 -0.738
-0.444 0.608 -0.750
-0.454 0.519 -0.797
-0.468 0.462 -0.820
-0.465 0.404 -0.878
-0.462 0.371 -0.910
-0.436 0.222 -1.039
-0.448 0.208 -1.058
-0.557 0.220 -1.096
-0.556 0.294 -1.026
-0.555 0.318 -1.020
-0.551 0.348 -0.977
-0.552 0.372 -0.959
-0.550 0.388 -0.944
-0.549 0.400 -0.926
-0.547 0.411 -0.912
-0.547 0.429 -0.901
-0.546 0.482 -0.866
-0.545 0.500 -0.842
-0.534 0.496 -0.822
-0.529 0.552 -0.775
-0.512 0.578 -0.755
-0.473 0.654 -0.722
-0.517 0.477 -0.835
-0.460 0.649 -0.735
-0.465 0.155 -1.116
-0.481 0.196 -1.084
-0.520 0.262 -1.034
-0.476 0.505 -0.815
-0.487 0.541 -0.782
-0.500 0.165 -1.122
-0.508 0.329 -0.966
-0.469 0.290 -0.996
-0.516 0.360 -0.935
-0.461 0.565 -0.779
-0.477 0.431 -0.852
-0.501 0.393 -0.897
-0.529 0.201 -1.095
-0.523 0.298 -1.002
-0.527 0.434 -0.872
-0.506 0.229 -1.059
-0.473 0.610 -0.751
0.053 0.183 -1.137
0.039 0.206 -1.094
0.038 0.241 -1.059
0.040 0.261 -1.042
0.041 0.281 -1.023
0.040 0.325 -0.981
0.038 0.381 -0.928
0.043 0.424 -0.890
0.041 0.451 -0.864
0.032 0.474 -0.849
0.032 0.503 -0.825
0.035 0.525 -0.806
0.038 0.545 -0.787
0.014 0.632 -0.738
-0.013 0.630 -0.721
-0.503 0.596 -0.740
-0.012 0.811 -0.682
-0.027 0.743 -0.636
0.044 0.726 -0.671
-0.050 0.833 -0.674
-0.153 0.845 -0.627
-0.087 0.800 -0.636
-0.059 0.780 -0.611
-0.036 0.766 -0.642
0.005 0.738 -0.652
-0.045 0.806 -0.661
0.048 0.221 -1.234
0.050 0.251 -1.226
0.151 0.599 -0.865
0.066 0.817 -0.725
0.055 0.177 -1.179
0.063 0.322 -1.160
0.020 0.660 -0.703
0.048 0.212 -1.222
0.222 0.713 -0.754
0.052 0.688 -0.666
0.063 0.645 -0.704
0.083 0.434 -1.053
0.074 0.377 -1.107
0.122 0.543 -0.940
0.054 0.271 -1.163
0.057 0.299 -1.120
0.053 0.753 -0.685
0.067 0.386 -1.042
0.073 0.428 -1.009
0.062 0.361 -0.999
0.054 0.382 -0.941
0.066 0.479 -0.873
0.039 0.573 -0.765
0.142 0.632 -0.787
0.183 0.657 -0.772
0.135 0.714 -0.715
0.116 0.764 -0.722
0.033 0.790 -0.693
0.065 0.419 -0.963
0.061 0.319 -1.032
0.062 0.441 -0.908
0.081 0.531 -0.854
0.050 0.231 -1.179
0.063 0.338 -1.085
0.082 0.484 -0.944
0.116 0.599 -0.817
0.062 0.519 -0.819
0.094 0.481 -1.003
0.057 0.242 -1.105
0.078 0.557 -0.805
0.115 0.564 -0.878
0.044 0.607 -0.737
0.093 0.523 -0.909
0.083 0.683 -0.695
0.116 0.649 -0.744
0.060 0.284 -1.065
0.075 0.596 -0.757
-0.535 0.746 -0.775
-0.439 0.791 -0.751
-0.509 0.759 -0.774
-0.550 0.739 -0.775
-0.502 0.677 -0.676
-0.482 0.736 -0.657
-0.361 0.796 -0.626
-0.415 0.802 -0.691
-0.423 0.773 -0.645
-0.520 0.711 -0.678
-0.524 0.749 -0.691
-0.536 0.745 -0.743
-0.561 0.695 -0.705
-0.271 0.721 -0.660
-0.251 0.702 -0.686
-0.161 0.703 -0.669
-0.121 0.692 -0.654
-0.370 0.711 -0.634
-0.290 0.847 -0.643
-0.347 0.708 -0.650
-0.357 0.769 -0.591
-0.334 0.822 -0.642
-0.321 0.730 -0.630
-0.090 0.794 -0.623
-0.313 0.778 -0.612
-0.191 0.712 -0.673
-0.105 0.748 -0.607
-0.248 0.834 -0.597
-0.152 0.736 -0.633
-0.167 0.775 -0.622
-0.226 0.722 -0.672
-0.281 0.750 -0.624
-0.252 0.788 -0.612
-0.216 0.760 -0.647
-0.196 0.830 -0.604
-0.134 0.823 -0.625
-0.285 0.810 -0.622
-0.372 0.131 -1.082
-0.433 0.165 -1.090
-0.314 0.698 -0.675
-0.220 0.213 -1.147
-0.401 0.646 -0.678
-0.177 0.187 -1.175
-0.084 0.216 -1.130
-0.062 0.595 -0.715
-0.137 0.667 -0.686
-0.472 0.241 -1.032
-0.335 0.143 -1.090
-0.298 0.680 -0.699
-0.102 0.258 -1.083
-0.076 0.397 -0.947
-0.442 0.573 -0.765
-0.246 0.182 -1.161
-0.069 0.468 -0.875
-0.090 0.483 -0.825
-0.189 0.660 -0.715
-0.116 0.339 -0.981
-0.161 0.320 -1.024
-0.083 0.300 -1.031
-0.307 0.196 -1.150
-0.392 0.461 -0.806
-0.090 0.421 -0.903
-0.437 0.187 -1.072
-0.377 0.401 -0.855
-0.165 0.606 -0.750
-0.157 0.277 -1.070
-0.169 0.243 -1.115
-0.108 0.191 -1.171
-0.147 0.214 -1.150
-0.080 0.560 -0.744
-0.411 0.366 -0.889
-0.425 0.578 -0.728
-0.404 0.544 -0.746
-0.429 0.298 -0.963
-0.437 0.510 -0.773
-0.379 0.513 -0.776
-0.177 0.361 -0.996
-0.133 0.622 -0.719
-0.359 0.672 -0.682
-0.345 0.622 -0.742
-0.324 0.647 -0.726
-0.250 0.243 -1.125
-0.082 0.622 -0.681
-0.441 0.334 -0.938
-0.395 0.327 -0.919
-0.367 0.297 -0.944
-0.345 0.343 -0.933
-0.125 0.369 -0.950
-0.167 0.409 -0.941
-0.255 0.671 -0.714
-0.080 0.518 -0.790
-0.189 0.532 -0.827
-0.134 0.493 -0.834
-0.135 0.548 -0.780
-0.377 0.189 -1.034
-0.324 0.288 -1.046
-0.340 0.235 -1.013
-0.333 0.196 -1.063
-0.315 0.245 -1.094
-0.250 0.293 -1.081
-0.438 0.253 -1.008
-0.426 0.425 -0.838
-0.361 0.362 -0.895
-0.331 0.390 -0.946
-0.349 0.421 -0.871
-0.327 0.512 -0.847
-0.329 0.472 -0.881
-0.359 0.473 -0.824
-0.376 0.574 -0.739
-0.218 0.322 -1.046
-0.387 0.244 -0.989
-0.104 0.452 -0.856
-0.127 0.419 -0.898
-0.342 0.280 -0.980
-0.326 0.339 -1.001
-0.268 0.549 -0.831
-0.261 0.510 -0.870
-0.341 0.552 -0.805
-0.276 0.336 -1.031
-0.244 0.633 -0.746
-0.325 0.585 -0.786
-0.210 0.420 -0.945
-0.304 0.428 -0.933
-0.267 0.457 -0.919
-0.218 0.469 -0.902
-0.272 0.391 -0.979
-0.217 0.590 -0.778
-0.281 0.601 -0.781
-0.173 0.475 -0.879
-0.229 0.379 -0.988
-0.400 0.668 -0.676
-0.394 0.603 -0.707
