-0.560 0.198 -1.171
-0.554 0.223 -1.140
-0.556 0.257 -1.117
-0.554 0.278 -1.089
-0.554 0.298 -1.076
-0.551 0.339 -1.025
-0.549 0.369 -1.027
-0.544 0.458 -0.895
-0.538 0.530 -0.823
-0.635 0.585 -0.885
-0.602 0.519 -0.998
-0.563 0.265 -1.243
-0.585 0.428 -1.093
-0.689 0.666 -0.783
-0.507 0.640 -0.725
-0.532 0.652 -0.721
-0.577 0.315 -1.210
-0.612 0.552 -0.947
-0.595 0.579 -0.883
-0.545 0.564 -0.799
-0.559 0.232 -1.155
-0.556 0.663 -0.732
-0.587 0.374 -1.150
-0.573 0.373 -1.108
-0.588 0.470 -1.051
-0.551 0.488 -0.939
-0.660 0.607 -0.814
-0.617 0.613 -0.808
-0.640 0.686 -0.750
-0.538 0.605 -0.758
-0.552 0.275 -1.182
-0.571 0.331 -1.164
-0.550 0.350 -1.084
-0.550 0.309 -1.124
-0.559 0.410 -1.042
-0.575 0.484 -1.002
-0.579 0.525 -0.949
-0.568 0.589 -0.826
-0.548 0.424 -0.999
-0.553 0.537 -0.877
-0.592 0.648 -0.763
-0.038 0.629 -0.715
-0.035 0.612 -0.747
-0.040 0.588 -0.773
-0.042 0.557 -0.811
-0.059 0.508 -0.865
-0.048 0.447 -0.938
-0.066 0.341 -1.033
-0.059 0.286 -1.094
-0.023 0.183 -1.194
0.035 0.168 -1.180
0.010 0.189 -1.165
0.034 0.203 -1.144
0.039 0.242 -1.104
0.039 0.318 -1.026
0.042 0.358 -0.985
0.034 0.413 -0.928
0.041 0.489 -0.855
0.013 0.587 -0.794
-0.029 0.492 -0.895
0.004 0.610 -0.778
0.011 0.468 -0.899
-0.057 0.209 -1.194
-0.005 0.224 -1.146
-0.059 0.264 -1.123
-0.002 0.353 -1.030
0.011 0.374 -1.000
0.000 0.450 -0.927
0.000 0.414 -0.963
0.006 0.519 -0.858
-0.039 0.529 -0.857
-0.017 0.563 -0.826
-0.037 0.243 -1.152
-0.017 0.316 -1.072
0.020 0.297 -1.055
-0.008 0.266 -1.114
-0.042 0.369 -1.007
-0.447 0.666 -0.742
-0.438 0.629 -0.750
-0.444 0.611 -0.764
-0.454 0.523 -0.813
-0.467 0.467 -0.838
-0.464 0.411 -0.898
-0.461 0.379 -0.931
-0.434 0.235 -1.065
-0.447 0.222 -1.085
-0.554 0.238 -1.126
-0.553 0.308 -1.053
-0.553 0.332 -1.045
-0.549 0.360 -1.001
-0.550 0.383 -0.982
-0.548 0.398 -0.966
-0.548 0.409 -0.948
-0.546 0.420 -0.933
-0.545 0.437 -0.921
-0.545 0.488 -0.884
-0.544 0.505 -0.859
-0.533 0.501 -0.839
-0.529 0.555 -0.790
-0.512 0.580 -0.769
-0.473 0.655 -0.734
-0.516 0.482 -0.853
-0.460 0.650 -0.747
-0.463 0.172 -1.146
-0.479 0.212 -1.112
-0.518 0.277 -1.061
-0.476 0.509 -0.832
-0.487 0.544 -0.797
-0.497 0.183 -1.152
-0.507 0.340 -0.989
-0.468 0.301 -1.021
-0.515 0.370 -0.958
-0.460 0.569 -0.794
-0.476 0.437 -0.871
-0.500 0.401 -0.918
-0.526 0.218 -1.125
-0.521 0.311 -1.027
-0.526 0.441 -0.891
-0.504 0.244 -1.087
-0.472 0.612 -0.764
0.053 0.202 -1.168
0.039 0.223 -1.123
0.038 0.256 -1.087
0.040 0.276 -1.069
0.041 0.295 -1.050
0.040 0.337 -1.006
0.038 0.391 -0.950
0.043 0.432 -0.911
0.041 0.458 -0.884
0.031 0.481 -0.867
0.031 0.509 -0.842
0.034 0.529 -0.823
0.038 0.549 -0.803
0.013 0.634 -0.751
-0.013 0.631 -0.734
-0.503 0.597 -0.753
-0.012 0.811 -0.692
-0.027 0.743 -0.646
0.044 0.726 -0.681
-0.050 0.833 -0.684
-0.153 0.845 -0.637
-0.087 0.800 -0.646
-0.059 0.780 -0.621
-0.036 0.766 -0.652
0.005 0.738 -0.662
-0.045 0.806 -0.671
0.047 0.244 -1.263
0.048 0.274 -1.254
0.150 0.606 -0.879
0.066 0.817 -0.735
0.055 0.198 -1.210
0.062 0.342 -1.185
0.020 0.661 -0.715
0.047 0.235 -1.252
0.222 0.713 -0.764
0.051 0.688 -0.677
0.062 0.645 -0.716
0.082 0.450 -1.074
0.073 0.395 -1.129
0.120 0.553 -0.956
0.053 0.291 -1.190
0.056 0.318 -1.146
0.053 0.753 -0.695
0.066 0.401 -1.064
0.072 0.442 -1.030
0.062 0.374 -1.022
0.054 0.393 -0.963
0.066 0.487 -0.892
0.038 0.576 -0.779
0.142 0.634 -0.799
0.183 0.658 -0.783
0.135 0.714 -0.725
0.116 0.765 -0.732
0.033 0.790 -0.703
0.064 0.431 -0.984
0.061 0.333 -1.057
0.061 0.450 -0.928
0.081 0.537 -0.871
0.049 0.252 -1.208
0.062 0.355 -1.109
0.081 0.495 -0.962
0.116 0.604 -0.831
0.061 0.524 -0.836
0.093 0.494 -1.021
0.057 0.259 -1.133
0.077 0.561 -0.820
0.114 0.572 -0.893
0.044 0.609 -0.750
0.091 0.532 -0.926
0.083 0.683 -0.706
0.115 0.650 -0.756
0.059 0.300 -1.092
0.075 0.598 -0.771
-0.535 0.746 -0.785
-0.439 0.791 -0.761
-0.509 0.758 -0.784
-0.550 0.739 -0.785
-0.502 0.677 -0.687
-0.482 0.736 -0.668
-0.361 0.795 -0.636
-0.415 0.802 -0.701
-0.423 0.773 -0.655
-0.520 0.711 -0.689
-0.524 0.749 -0.701
-0.536 0.745 -0.753
-0.561 0.695 -0.715
-0.271 0.721 -0.671
-0.251 0.703 -0.698
-0.161 0.703 -0.681
-0.121 0.692 -0.666
-0.370 0.711 -0.645
-0.290 0.847 -0.653
-0.347 0.708 -0.661
-0.357 0.769 -0.601
-0.334 0.822 -0.652
-0.321 0.730 -0.641
-0.090 0.794 -0.633
-0.313 0.778 -0.623
-0.191 0.713 -0.685
-0.105 0.748 -0.618
-0.248 0.833 -0.607
-0.152 0.736 -0.644
-0.167 0.775 -0.632
-0.226 0.723 -0.683
-0.281 0.750 -0.634
-0.252 0.787 -0.622
-0.216 0.760 -0.658
-0.196 0.830 -0.614
-0.134 0.823 -0.635
-0.285 0.810 -0.632
-0.371 0.145 -1.111
-0.432 0.181 -1.119
-0.314 0.698 -0.686
-0.220 0.230 -1.174
-0.401 0.646 -0.690
-0.177 0.205 -1.203
-0.084 0.234 -1.158
-0.062 0.597 -0.729
-0.137 0.669 -0.699
-0.470 0.254 -1.059
-0.334 0.157 -1.118
-0.298 0.682 -0.710
-0.102 0.273 -1.110
-0.076 0.407 -0.969
-0.441 0.576 -0.779
-0.246 0.199 -1.189
-0.070 0.476 -0.894
-0.090 0.489 -0.844
-0.189 0.662 -0.727
-0.116 0.350 -1.005
-0.161 0.333 -1.048
-0.084 0.313 -1.056
-0.307 0.212 -1.176
-0.391 0.465 -0.824
-0.091 0.429 -0.923
-0.435 0.201 -1.100
-0.376 0.407 -0.875
-0.165 0.609 -0.764
-0.157 0.292 -1.096
-0.169 0.259 -1.142
-0.108 0.210 -1.199
-0.147 0.231 -1.177
-0.080 0.563 -0.760
-0.410 0.373 -0.910
-0.425 0.580 -0.742
-0.403 0.546 -0.761
-0.428 0.308 -0.987
-0.436 0.513 -0.789
-0.379 0.516 -0.793
-0.177 0.373 -1.018
-0.133 0.624 -0.733
-0.359 0.672 -0.694
-0.345 0.625 -0.755
-0.324 0.649 -0.738
-0.250 0.259 -1.151
-0.082 0.623 -0.694
-0.440 0.344 -0.960
-0.394 0.335 -0.942
-0.367 0.306 -0.967
-0.344 0.351 -0.955
-0.125 0.379 -0.972
-0.167 0.419 -0.962
-0.255 0.673 -0.727
-0.081 0.523 -0.807
-0.189 0.537 -0.843
-0.135 0.499 -0.852
-0.136 0.552 -0.796
-0.376 0.201 -1.060
-0.324 0.301 -1.069
-0.340 0.247 -1.039
-0.332 0.209 -1.089
-0.316 0.259 -1.119
-0.250 0.307 -1.105
-0.437 0.265 -1.033
-0.426 0.430 -0.857
-0.360 0.370 -0.917
-0.331 0.399 -0.967
-0.349 0.427 -0.891
-0.327 0.518 -0.864
-0.329 0.479 -0.899
-0.358 0.478 -0.842
-0.376 0.576 -0.753
-0.218 0.335 -1.070
-0.386 0.254 -1.014
-0.105 0.459 -0.876
-0.127 0.427 -0.918
-0.341 0.290 -1.004
-0.326 0.350 -1.023
-0.269 0.555 -0.847
-0.262 0.517 -0.887
-0.341 0.557 -0.820
-0.277 0.348 -1.054
-0.244 0.636 -0.759
-0.325 0.589 -0.800
-0.211 0.430 -0.965
-0.304 0.437 -0.952
-0.268 0.466 -0.938
-0.218 0.478 -0.920
-0.272 0.402 -1.000
-0.217 0.594 -0.793
-0.281 0.605 -0.795
-0.173 0.483 -0.898
-0.229 0.391 -1.010
-0.400 0.668 -0.687
-0.394 0.604 -0.721
