-0.557 0.218 -1.201
-0.552 0.241 -1.169
-0.554 0.274 -1.144
-0.552 0.294 -1.115
-0.552 0.314 -1.101
-0.549 0.352 -1.049
-0.547 0.382 -1.049
-0.543 0.466 -0.913
-0.538 0.534 -0.839
-0.633 0.591 -0.899
-0.599 0.531 -1.015
-0.558 0.288 -1.269
-0.580 0.445 -1.113
-0.689 0.666 -0.793
-0.507 0.641 -0.737
-0.531 0.652 -0.733
-0.572 0.336 -1.235
-0.610 0.561 -0.962
-0.594 0.585 -0.897
-0.544 0.567 -0.813
-0.556 0.251 -1.183
-0.556 0.664 -0.743
-0.582 0.393 -1.172
-0.569 0.390 -1.130
-0.584 0.484 -1.069
-0.549 0.497 -0.956
-0.659 0.609 -0.827
-0.616 0.616 -0.820
-0.640 0.686 -0.760
-0.538 0.606 -0.771
-0.548 0.295 -1.208
-0.566 0.350 -1.188
-0.547 0.365 -1.107
-0.546 0.327 -1.149
-0.556 0.424 -1.062
-0.572 0.496 -1.019
-0.577 0.535 -0.965
-0.568 0.593 -0.840
-0.546 0.436 -1.019
-0.552 0.544 -0.893
-0.592 0.649 -0.774
-0.039 0.630 -0.728
-0.036 0.614 -0.761
-0.040 0.591 -0.788
-0.043 0.562 -0.827
-0.060 0.514 -0.883
-0.048 0.456 -0.957
-0.066 0.354 -1.056
-0.059 0.301 -1.119
-0.023 0.202 -1.223
0.035 0.186 -1.210
0.010 0.207 -1.194
0.035 0.220 -1.172
0.039 0.258 -1.131
0.039 0.331 -1.051
0.042 0.369 -1.008
0.034 0.422 -0.949
0.040 0.495 -0.873
0.013 0.590 -0.809
-0.029 0.499 -0.914
0.004 0.613 -0.791
0.011 0.476 -0.918
-0.057 0.227 -1.222
-0.005 0.241 -1.174
-0.059 0.280 -1.149
-0.002 0.365 -1.053
0.010 0.385 -1.022
0.000 0.459 -0.946
-0.000 0.425 -0.984
0.005 0.525 -0.875
-0.040 0.535 -0.874
-0.018 0.569 -0.842
-0.038 0.260 -1.179
-0.017 0.330 -1.096
0.020 0.311 -1.081
-0.008 0.282 -1.140
-0.042 0.381 -1.030
-0.447 0.667 -0.753
-0.437 0.631 -0.763
-0.443 0.613 -0.776
-0.453 0.527 -0.829
-0.467 0.471 -0.855
-0.464 0.418 -0.917
-0.460 0.387 -0.952
-0.434 0.248 -1.091
-0.446 0.235 -1.111
-0.551 0.255 -1.154
-0.552 0.323 -1.078
-0.551 0.346 -1.069
-0.547 0.372 -1.023
-0.548 0.394 -1.003
-0.547 0.409 -0.987
-0.546 0.419 -0.969
-0.545 0.429 -0.953
-0.544 0.446 -0.941
-0.544 0.495 -0.901
-0.543 0.511 -0.875
-0.532 0.506 -0.856
-0.528 0.558 -0.805
-0.511 0.582 -0.783
-0.473 0.656 -0.745
-0.515 0.487 -0.870
-0.460 0.652 -0.759
-0.461 0.189 -1.174
-0.478 0.227 -1.140
-0.516 0.291 -1.086
-0.475 0.514 -0.848
-0.486 0.547 -0.812
-0.495 0.200 -1.181
-0.506 0.350 -1.012
-0.467 0.313 -1.044
-0.514 0.380 -0.979
-0.460 0.572 -0.808
-0.476 0.443 -0.890
-0.500 0.408 -0.939
-0.525 0.235 -1.153
-0.520 0.323 -1.052
-0.526 0.448 -0.910
-0.503 0.259 -1.113
-0.472 0.614 -0.777
0.054 0.220 -1.197
0.039 0.240 -1.151
0.038 0.272 -1.114
0.040 0.291 -1.095
0.041 0.309 -1.075
0.040 0.349 -1.030
0.038 0.400 -0.972
0.043 0.440 -0.931
0.040 0.466 -0.903
0.031 0.487 -0.886
0.031 0.514 -0.859
0.033 0.534 -0.839
0.037 0.553 -0.819
0.013 0.636 -0.764
-0.014 0.633 -0.747
-0.502 0.599 -0.766
-0.012 0.811 -0.702
-0.027 0.743 -0.656
0.044 0.726 -0.691
-0.049 0.833 -0.694
-0.153 0.845 -0.647
-0.087 0.800 -0.656
-0.059 0.780 -0.631
-0.036 0.766 -0.662
0.004 0.738 -0.672
-0.045 0.806 -0.681
0.046 0.267 -1.290
0.047 0.295 -1.280
0.150 0.612 -0.892
0.066 0.817 -0.745
0.055 0.218 -1.239
0.061 0.361 -1.209
0.020 0.662 -0.727
0.047 0.257 -1.279
0.222 0.713 -0.774
0.051 0.688 -0.688
0.062 0.646 -0.728
0.081 0.465 -1.093
0.072 0.412 -1.151
0.120 0.563 -0.971
0.052 0.311 -1.215
0.056 0.335 -1.170
0.053 0.753 -0.705
0.066 0.415 -1.086
0.071 0.455 -1.050
0.061 0.387 -1.045
0.053 0.403 -0.985
0.065 0.494 -0.910
0.037 0.579 -0.794
0.141 0.637 -0.811
0.183 0.659 -0.794
0.135 0.714 -0.735
0.116 0.765 -0.742
0.033 0.790 -0.713
0.064 0.442 -1.004
0.061 0.347 -1.081
0.061 0.459 -0.948
0.080 0.544 -0.887
0.049 0.272 -1.235
0.061 0.371 -1.132
0.080 0.505 -0.980
0.115 0.609 -0.844
0.061 0.529 -0.852
0.092 0.507 -1.039
0.056 0.277 -1.160
0.077 0.566 -0.835
0.113 0.579 -0.908
0.043 0.611 -0.763
0.091 0.541 -0.942
0.083 0.683 -0.716
0.115 0.651 -0.767
0.059 0.316 -1.117
0.074 0.600 -0.785
-0.535 0.746 -0.795
-0.439 0.791 -0.771
-0.509 0.758 -0.794
-0.550 0.739 -0.795
-0.501 0.677 -0.698
-0.482 0.735 -0.678
-0.361 0.795 -0.646
-0.415 0.802 -0.710
-0.423 0.773 -0.665
-0.520 0.711 -0.699
-0.524 0.749 -0.711
-0.536 0.745 -0.763
-0.561 0.696 -0.725
-0.271 0.722 -0.682
-0.251 0.704 -0.709
-0.162 0.704 -0.693
-0.121 0.693 -0.678
-0.370 0.711 -0.656
-0.290 0.847 -0.663
-0.347 0.708 -0.672
-0.357 0.768 -0.612
-0.334 0.822 -0.662
-0.321 0.730 -0.652
-0.090 0.794 -0.643
-0.313 0.778 -0.633
-0.191 0.714 -0.696
-0.105 0.747 -0.629
-0.248 0.833 -0.617
-0.152 0.736 -0.656
-0.167 0.775 -0.643
-0.226 0.723 -0.695
-0.281 0.750 -0.645
-0.252 0.787 -0.632
-0.216 0.760 -0.668
-0.196 0.830 -0.624
-0.134 0.823 -0.645
-0.285 0.810 -0.643
-0.371 0.158 -1.139
-0.431 0.195 -1.147
-0.314 0.699 -0.697
-0.220 0.245 -1.200
-0.401 0.647 -0.702
-0.178 0.222 -1.230
-0.084 0.250 -1.184
-0.062 0.598 -0.743
-0.138 0.669 -0.711
-0.469 0.267 -1.084
-0.334 0.170 -1.145
-0.299 0.683 -0.722
-0.102 0.288 -1.135
-0.077 0.417 -0.990
-0.441 0.579 -0.793
-0.247 0.215 -1.215
-0.070 0.484 -0.912
-0.090 0.495 -0.862
-0.189 0.664 -0.740
-0.116 0.361 -1.028
-0.161 0.345 -1.071
-0.084 0.327 -1.080
-0.307 0.226 -1.201
-0.391 0.469 -0.842
-0.091 0.438 -0.943
-0.434 0.215 -1.127
-0.376 0.413 -0.894
-0.165 0.612 -0.778
-0.157 0.306 -1.120
-0.170 0.274 -1.167
-0.108 0.227 -1.226
-0.148 0.248 -1.203
-0.081 0.565 -0.775
-0.410 0.380 -0.930
-0.424 0.581 -0.756
-0.403 0.548 -0.776
-0.427 0.318 -1.010
-0.436 0.516 -0.805
-0.378 0.519 -0.808
-0.178 0.384 -1.040
-0.133 0.626 -0.747
-0.359 0.673 -0.706
-0.345 0.627 -0.768
-0.324 0.651 -0.751
-0.251 0.274 -1.175
-0.082 0.624 -0.708
-0.439 0.352 -0.982
-0.393 0.343 -0.963
-0.366 0.314 -0.989
-0.344 0.359 -0.976
-0.125 0.389 -0.994
-0.168 0.428 -0.983
-0.255 0.675 -0.739
-0.081 0.527 -0.824
-0.190 0.543 -0.859
-0.135 0.505 -0.870
-0.136 0.556 -0.812
-0.376 0.212 -1.086
-0.324 0.312 -1.092
-0.339 0.257 -1.062
-0.332 0.221 -1.114
-0.316 0.272 -1.143
-0.250 0.320 -1.128
-0.436 0.277 -1.058
-0.425 0.435 -0.876
-0.360 0.376 -0.937
-0.331 0.407 -0.986
-0.349 0.433 -0.909
-0.327 0.524 -0.880
-0.329 0.485 -0.916
-0.358 0.482 -0.859
-0.376 0.578 -0.767
-0.218 0.348 -1.092
-0.386 0.264 -1.038
-0.105 0.466 -0.895
-0.127 0.435 -0.938
-0.341 0.299 -1.026
-0.326 0.360 -1.044
-0.269 0.560 -0.863
-0.262 0.523 -0.904
-0.341 0.561 -0.835
-0.277 0.360 -1.075
-0.244 0.639 -0.772
-0.325 0.592 -0.814
-0.211 0.439 -0.985
-0.304 0.445 -0.971
-0.268 0.474 -0.956
-0.219 0.486 -0.939
-0.273 0.412 -1.020
-0.217 0.598 -0.807
-0.281 0.609 -0.809
-0.174 0.490 -0.916
-0.229 0.401 -1.031
-0.400 0.669 -0.699
-0.394 0.606 -0.734
