-0.555 0.237 -1.228
-0.550 0.259 -1.195
-0.552 0.290 -1.169
-0.550 0.309 -1.139
-0.550 0.329 -1.125
-0.548 0.365 -1.071
-0.545 0.395 -1.070
-0.542 0.472 -0.931
-0.537 0.538 -0.854
-0.633 0.596 -0.912
-0.597 0.542 -1.030
-0.553 0.309 -1.294
-0.577 0.460 -1.132
-0.689 0.666 -0.803
-0.506 0.641 -0.748
-0.531 0.653 -0.744
-0.567 0.357 -1.258
-0.609 0.570 -0.977
-0.593 0.591 -0.911
-0.544 0.570 -0.827
-0.554 0.269 -1.209
-0.556 0.664 -0.754
-0.578 0.411 -1.193
-0.565 0.406 -1.151
-0.582 0.498 -1.087
-0.548 0.506 -0.973
-0.659 0.611 -0.839
-0.616 0.619 -0.833
-0.640 0.686 -0.770
-0.538 0.608 -0.784
-0.544 0.314 -1.232
-0.562 0.369 -1.210
-0.545 0.380 -1.129
-0.543 0.343 -1.172
-0.553 0.437 -1.082
-0.570 0.508 -1.036
-0.576 0.544 -0.980
-0.567 0.597 -0.853
-0.544 0.447 -1.038
-0.551 0.550 -0.907
-0.592 0.650 -0.785
-0.039 0.631 -0.741
-0.036 0.616 -0.774
-0.040 0.594 -0.802
-0.043 0.566 -0.842
-0.060 0.520 -0.900
-0.049 0.465 -0.976
-0.066 0.366 -1.079
-0.060 0.315 -1.143
-0.023 0.220 -1.250
0.035 0.205 -1.238
0.010 0.225 -1.221
0.035 0.237 -1.200
0.039 0.274 -1.157
0.039 0.343 -1.074
0.041 0.380 -1.030
0.033 0.431 -0.969
0.039 0.500 -0.891
0.012 0.594 -0.823
-0.029 0.507 -0.931
0.003 0.616 -0.805
0.010 0.483 -0.936
-0.058 0.245 -1.248
-0.005 0.257 -1.200
-0.059 0.295 -1.173
-0.002 0.378 -1.075
0.010 0.397 -1.044
-0.000 0.467 -0.965
-0.001 0.434 -1.004
0.005 0.531 -0.892
-0.040 0.541 -0.890
-0.018 0.573 -0.857
-0.038 0.276 -1.204
-0.017 0.344 -1.120
0.020 0.325 -1.105
-0.008 0.297 -1.165
-0.042 0.392 -1.051
-0.447 0.669 -0.765
-0.437 0.633 -0.775
-0.443 0.615 -0.789
-0.453 0.530 -0.844
-0.467 0.475 -0.872
-0.463 0.424 -0.936
-0.460 0.394 -0.972
-0.433 0.260 -1.115
-0.445 0.248 -1.136
-0.550 0.272 -1.180
-0.550 0.337 -1.101
-0.549 0.359 -1.091
-0.546 0.383 -1.045
-0.547 0.405 -1.024
-0.546 0.419 -1.007
-0.545 0.428 -0.988
-0.544 0.437 -0.972
-0.543 0.454 -0.959
-0.543 0.502 -0.918
-0.543 0.516 -0.891
-0.532 0.510 -0.872
-0.528 0.561 -0.819
-0.511 0.584 -0.796
-0.473 0.657 -0.757
-0.515 0.493 -0.887
-0.460 0.653 -0.771
-0.460 0.204 -1.201
-0.477 0.242 -1.165
-0.515 0.304 -1.110
-0.475 0.518 -0.864
-0.486 0.550 -0.826
-0.494 0.217 -1.208
-0.505 0.361 -1.034
-0.466 0.324 -1.066
-0.513 0.389 -1.000
-0.460 0.574 -0.822
-0.475 0.448 -0.908
-0.499 0.416 -0.958
-0.523 0.252 -1.179
-0.519 0.336 -1.075
-0.525 0.454 -0.929
-0.502 0.274 -1.138
-0.472 0.616 -0.790
0.054 0.238 -1.224
0.040 0.256 -1.178
0.038 0.286 -1.139
0.040 0.305 -1.120
0.041 0.322 -1.099
0.040 0.361 -1.053
0.037 0.410 -0.993
0.042 0.448 -0.950
0.040 0.472 -0.922
0.030 0.493 -0.904
0.030 0.519 -0.876
0.033 0.538 -0.855
0.036 0.556 -0.834
0.013 0.638 -0.777
-0.014 0.634 -0.760
-0.502 0.600 -0.779
-0.012 0.812 -0.711
-0.027 0.743 -0.667
0.044 0.726 -0.702
-0.049 0.833 -0.704
-0.153 0.845 -0.657
-0.087 0.800 -0.667
-0.060 0.779 -0.641
-0.036 0.765 -0.672
0.004 0.738 -0.683
-0.045 0.806 -0.691
0.046 0.288 -1.316
0.047 0.316 -1.304
0.150 0.618 -0.905
0.066 0.817 -0.755
0.055 0.237 -1.266
0.061 0.379 -1.231
0.019 0.663 -0.739
0.047 0.277 -1.305
0.222 0.713 -0.784
0.050 0.687 -0.699
0.061 0.646 -0.740
0.081 0.479 -1.112
0.072 0.428 -1.171
0.119 0.573 -0.986
0.052 0.329 -1.239
0.056 0.352 -1.194
0.053 0.753 -0.715
0.066 0.429 -1.106
0.071 0.467 -1.069
0.061 0.399 -1.066
0.053 0.413 -1.006
0.064 0.501 -0.927
0.037 0.582 -0.809
0.141 0.639 -0.823
0.183 0.659 -0.804
0.135 0.714 -0.745
0.116 0.765 -0.752
0.033 0.790 -0.723
0.064 0.452 -1.023
0.061 0.361 -1.104
0.060 0.467 -0.966
0.079 0.550 -0.902
0.049 0.291 -1.260
0.061 0.386 -1.154
0.080 0.515 -0.997
0.115 0.613 -0.857
0.060 0.534 -0.869
0.092 0.519 -1.056
0.056 0.293 -1.185
0.076 0.570 -0.850
0.113 0.586 -0.922
0.043 0.612 -0.777
0.090 0.549 -0.958
0.082 0.683 -0.728
0.115 0.652 -0.779
0.059 0.331 -1.141
0.073 0.602 -0.798
-0.535 0.746 -0.805
-0.440 0.791 -0.781
-0.509 0.759 -0.804
-0.550 0.739 -0.805
-0.501 0.677 -0.709
-0.482 0.735 -0.688
-0.361 0.795 -0.656
-0.415 0.802 -0.720
-0.422 0.772 -0.675
-0.520 0.711 -0.709
-0.524 0.749 -0.721
-0.536 0.745 -0.773
-0.561 0.696 -0.736
-0.271 0.722 -0.694
-0.252 0.705 -0.721
-0.162 0.705 -0.705
-0.121 0.693 -0.690
-0.369 0.711 -0.667
-0.290 0.847 -0.673
-0.347 0.708 -0.684
-0.356 0.767 -0.622
-0.334 0.822 -0.672
-0.321 0.730 -0.663
-0.090 0.793 -0.653
-0.313 0.778 -0.644
-0.192 0.715 -0.708
-0.105 0.747 -0.640
-0.248 0.833 -0.627
-0.153 0.736 -0.667
-0.167 0.775 -0.654
-0.227 0.724 -0.707
-0.281 0.750 -0.656
-0.252 0.787 -0.643
-0.216 0.761 -0.680
-0.196 0.829 -0.635
-0.134 0.823 -0.655
-0.285 0.809 -0.653
-0.372 0.170 -1.164
-0.430 0.209 -1.172
-0.314 0.700 -0.709
-0.221 0.260 -1.223
-0.400 0.647 -0.715
-0.178 0.237 -1.255
-0.084 0.266 -1.210
-0.063 0.600 -0.758
-0.138 0.670 -0.724
-0.468 0.280 -1.108
-0.334 0.182 -1.170
-0.299 0.684 -0.735
-0.103 0.302 -1.159
-0.077 0.427 -1.010
-0.440 0.581 -0.807
-0.247 0.230 -1.239
-0.070 0.491 -0.930
-0.091 0.500 -0.879
-0.190 0.666 -0.753
-0.116 0.372 -1.049
-0.161 0.357 -1.093
-0.084 0.339 -1.103
-0.307 0.240 -1.225
-0.391 0.473 -0.858
-0.091 0.446 -0.963
-0.434 0.229 -1.152
-0.376 0.418 -0.913
-0.166 0.615 -0.793
-0.158 0.319 -1.143
-0.170 0.288 -1.190
-0.109 0.244 -1.252
-0.148 0.263 -1.228
-0.081 0.568 -0.791
-0.410 0.386 -0.950
-0.424 0.583 -0.770
-0.403 0.550 -0.791
-0.427 0.327 -1.031
-0.436 0.519 -0.820
-0.378 0.522 -0.824
-0.178 0.395 -1.060
-0.134 0.628 -0.760
-0.359 0.674 -0.718
-0.345 0.629 -0.782
-0.324 0.653 -0.764
-0.251 0.287 -1.198
-0.083 0.624 -0.721
-0.439 0.361 -1.003
-0.393 0.350 -0.984
-0.366 0.322 -1.010
-0.344 0.367 -0.996
-0.126 0.399 -1.014
-0.168 0.437 -1.002
-0.255 0.677 -0.751
-0.081 0.531 -0.841
-0.190 0.548 -0.875
-0.135 0.511 -0.887
-0.136 0.560 -0.827
-0.376 0.223 -1.110
-0.324 0.323 -1.113
-0.339 0.267 -1.085
-0.332 0.232 -1.138
-0.316 0.284 -1.165
-0.251 0.332 -1.149
-0.436 0.288 -1.081
-0.425 0.440 -0.894
-0.360 0.383 -0.956
-0.331 0.415 -1.005
-0.349 0.439 -0.927
-0.327 0.529 -0.896
-0.329 0.491 -0.933
-0.358 0.486 -0.876
-0.375 0.580 -0.781
-0.219 0.359 -1.113
-0.386 0.274 -1.061
-0.105 0.472 -0.913
-0.128 0.443 -0.958
-0.341 0.308 -1.048
-0.326 0.369 -1.064
-0.269 0.565 -0.878
-0.262 0.529 -0.920
-0.341 0.565 -0.850
-0.277 0.370 -1.096
-0.244 0.641 -0.786
-0.325 0.596 -0.829
-0.211 0.448 -1.004
-0.305 0.453 -0.989
-0.268 0.482 -0.974
-0.219 0.493 -0.956
-0.273 0.421 -1.039
-0.218 0.601 -0.822
-0.281 0.612 -0.823
-0.174 0.497 -0.933
-0.230 0.411 -1.050
-0.400 0.669 -0.711
-0.393 0.607 -0.748
