-0.553 0.254 -1.254
-0.549 0.275 -1.220
-0.550 0.306 -1.193
-0.549 0.324 -1.162
-0.549 0.342 -1.147
-0.547 0.376 -1.092
-0.544 0.406 -1.090
-0.542 0.479 -0.948
-0.537 0.541 -0.868
-0.632 0.601 -0.925
-0.596 0.552 -1.045
-0.550 0.329 -1.317
-0.574 0.474 -1.150
-0.689 0.666 -0.813
-0.506 0.642 -0.760
-0.531 0.653 -0.755
-0.563 0.375 -1.280
-0.608 0.578 -0.990
-0.593 0.597 -0.923
-0.544 0.573 -0.841
-0.552 0.286 -1.234
-0.556 0.664 -0.766
-0.575 0.427 -1.213
-0.563 0.421 -1.171
-0.580 0.510 -1.103
-0.547 0.513 -0.989
-0.658 0.612 -0.851
-0.616 0.621 -0.845
-0.640 0.686 -0.780
-0.537 0.609 -0.796
-0.542 0.331 -1.255
-0.559 0.386 -1.231
-0.543 0.394 -1.149
-0.541 0.359 -1.194
-0.551 0.449 -1.100
-0.568 0.518 -1.052
-0.575 0.552 -0.995
-0.566 0.600 -0.865
-0.543 0.457 -1.056
-0.551 0.555 -0.922
-0.591 0.651 -0.797
-0.040 0.633 -0.755
-0.037 0.618 -0.788
-0.041 0.597 -0.816
-0.044 0.570 -0.857
-0.060 0.526 -0.916
-0.049 0.473 -0.995
-0.066 0.377 -1.100
-0.060 0.327 -1.166
-0.023 0.237 -1.276
0.035 0.222 -1.265
0.010 0.241 -1.247
0.035 0.253 -1.225
0.039 0.288 -1.182
0.039 0.355 -1.096
0.041 0.390 -1.051
0.033 0.439 -0.989
0.039 0.506 -0.908
0.012 0.597 -0.837
-0.030 0.513 -0.948
0.003 0.618 -0.819
0.010 0.490 -0.954
-0.058 0.261 -1.273
-0.005 0.273 -1.225
-0.059 0.309 -1.196
-0.002 0.389 -1.096
0.010 0.407 -1.064
-0.001 0.475 -0.983
-0.001 0.444 -1.023
0.005 0.536 -0.908
-0.041 0.546 -0.906
-0.018 0.577 -0.872
-0.038 0.292 -1.228
-0.018 0.356 -1.141
0.020 0.337 -1.127
-0.009 0.312 -1.188
-0.043 0.402 -1.071
-0.447 0.670 -0.777
-0.437 0.634 -0.788
-0.443 0.616 -0.802
-0.452 0.533 -0.859
-0.467 0.479 -0.888
-0.463 0.430 -0.954
-0.460 0.402 -0.991
-0.433 0.271 -1.137
-0.445 0.261 -1.159
-0.548 0.288 -1.204
-0.549 0.349 -1.123
-0.548 0.372 -1.113
-0.545 0.394 -1.065
-0.546 0.415 -1.043
-0.545 0.428 -1.026
-0.545 0.437 -1.007
-0.543 0.445 -0.991
-0.543 0.461 -0.977
-0.543 0.507 -0.934
-0.542 0.521 -0.907
-0.532 0.514 -0.888
-0.527 0.563 -0.833
-0.510 0.586 -0.810
-0.473 0.658 -0.769
-0.515 0.497 -0.903
-0.460 0.655 -0.783
-0.460 0.219 -1.226
-0.476 0.256 -1.189
-0.515 0.317 -1.133
-0.474 0.522 -0.879
-0.485 0.552 -0.841
-0.493 0.232 -1.233
-0.505 0.371 -1.054
-0.466 0.334 -1.088
-0.513 0.398 -1.020
-0.459 0.577 -0.836
-0.475 0.454 -0.925
-0.499 0.423 -0.977
-0.522 0.267 -1.204
-0.518 0.347 -1.096
-0.525 0.461 -0.946
-0.501 0.287 -1.161
-0.471 0.618 -0.802
0.054 0.255 -1.250
0.039 0.271 -1.203
0.038 0.300 -1.163
0.040 0.318 -1.144
0.040 0.335 -1.122
0.039 0.372 -1.074
0.037 0.419 -1.013
0.042 0.455 -0.969
0.039 0.479 -0.940
0.030 0.499 -0.921
0.030 0.524 -0.893
0.032 0.542 -0.871
0.036 0.560 -0.849
0.012 0.640 -0.790
-0.015 0.636 -0.773
-0.501 0.601 -0.792
-0.012 0.812 -0.721
-0.028 0.742 -0.678
0.044 0.726 -0.712
-0.049 0.833 -0.714
-0.153 0.845 -0.667
-0.087 0.800 -0.677
-0.060 0.779 -0.651
-0.037 0.765 -0.683
0.004 0.737 -0.693
-0.045 0.806 -0.701
0.046 0.308 -1.340
0.047 0.336 -1.327
0.150 0.623 -0.917
0.067 0.817 -0.764
0.055 0.255 -1.292
0.061 0.396 -1.252
0.019 0.664 -0.751
0.047 0.297 -1.329
0.222 0.713 -0.794
0.050 0.687 -0.711
0.061 0.647 -0.752
0.081 0.491 -1.129
0.072 0.443 -1.190
0.119 0.581 -1.000
0.052 0.346 -1.262
0.056 0.368 -1.215
0.053 0.753 -0.725
0.066 0.442 -1.125
0.071 0.478 -1.087
0.061 0.410 -1.087
0.053 0.422 -1.026
0.064 0.508 -0.944
0.036 0.584 -0.823
0.141 0.641 -0.835
0.183 0.660 -0.815
0.135 0.714 -0.755
0.116 0.765 -0.762
0.033 0.790 -0.733
0.063 0.462 -1.042
0.060 0.374 -1.126
0.060 0.475 -0.985
0.079 0.555 -0.918
0.049 0.309 -1.284
0.061 0.400 -1.175
0.080 0.524 -1.013
0.115 0.616 -0.870
0.059 0.538 -0.884
0.092 0.530 -1.072
0.056 0.308 -1.209
0.076 0.573 -0.864
0.113 0.592 -0.936
0.042 0.614 -0.790
0.090 0.556 -0.973
0.082 0.683 -0.739
0.115 0.653 -0.791
0.059 0.345 -1.163
0.073 0.604 -0.812
-0.535 0.746 -0.815
-0.440 0.792 -0.791
-0.510 0.759 -0.814
-0.550 0.739 -0.815
-0.501 0.677 -0.721
-0.482 0.735 -0.698
-0.361 0.795 -0.667
-0.415 0.802 -0.730
-0.422 0.772 -0.685
-0.520 0.711 -0.720
-0.524 0.749 -0.731
-0.536 0.745 -0.783
-0.561 0.695 -0.746
-0.271 0.723 -0.706
-0.252 0.707 -0.734
-0.162 0.706 -0.718
-0.122 0.693 -0.703
-0.369 0.710 -0.679
-0.290 0.847 -0.683
-0.346 0.708 -0.696
-0.356 0.766 -0.633
-0.334 0.822 -0.682
-0.321 0.730 -0.675
-0.090 0.793 -0.663
-0.312 0.777 -0.654
-0.192 0.716 -0.721
-0.106 0.746 -0.652
-0.248 0.832 -0.637
-0.153 0.737 -0.679
-0.167 0.775 -0.666
-0.227 0.726 -0.719
-0.280 0.750 -0.668
-0.252 0.787 -0.654
-0.216 0.762 -0.692
-0.196 0.829 -0.645
-0.134 0.823 -0.666
-0.285 0.809 -0.663
-0.373 0.182 -1.189
-0.430 0.222 -1.197
-0.314 0.701 -0.721
-0.221 0.273 -1.246
-0.400 0.647 -0.727
-0.179 0.252 -1.278
-0.085 0.281 -1.234
-0.064 0.602 -0.772
-0.138 0.671 -0.737
-0.468 0.292 -1.131
-0.335 0.193 -1.194
-0.299 0.686 -0.747
-0.103 0.315 -1.181
-0.077 0.436 -1.029
-0.440 0.583 -0.821
-0.247 0.243 -1.262
-0.071 0.497 -0.947
-0.091 0.505 -0.896
-0.190 0.668 -0.766
-0.116 0.382 -1.070
-0.162 0.367 -1.113
-0.084 0.351 -1.125
-0.307 0.252 -1.247
-0.391 0.477 -0.875
-0.091 0.453 -0.981
-0.434 0.241 -1.176
-0.376 0.423 -0.931
-0.166 0.618 -0.807
-0.158 0.331 -1.164
-0.170 0.301 -1.212
-0.109 0.260 -1.276
-0.149 0.278 -1.251
-0.081 0.570 -0.806
-0.410 0.392 -0.969
-0.424 0.584 -0.784
-0.402 0.552 -0.805
-0.427 0.336 -1.052
-0.435 0.521 -0.836
-0.378 0.525 -0.839
-0.178 0.404 -1.080
-0.134 0.630 -0.774
-0.359 0.674 -0.730
-0.345 0.631 -0.795
-0.324 0.655 -0.777
-0.251 0.299 -1.219
-0.084 0.625 -0.735
-0.439 0.369 -1.022
-0.394 0.357 -1.003
-0.367 0.329 -1.031
-0.344 0.374 -1.015
-0.126 0.408 -1.034
-0.168 0.445 -1.021
-0.255 0.678 -0.764
-0.082 0.535 -0.857
-0.190 0.552 -0.891
-0.135 0.516 -0.904
-0.137 0.563 -0.843
-0.377 0.233 -1.133
-0.324 0.332 -1.133
-0.340 0.276 -1.107
-0.332 0.243 -1.160
-0.316 0.295 -1.186
-0.251 0.343 -1.170
-0.436 0.298 -1.103
-0.425 0.444 -0.911
-0.360 0.389 -0.975
-0.331 0.422 -1.023
-0.349 0.444 -0.945
-0.328 0.533 -0.911
-0.330 0.496 -0.949
-0.358 0.490 -0.892
-0.375 0.582 -0.796
-0.219 0.370 -1.133
-0.387 0.283 -1.083
-0.105 0.478 -0.931
-0.128 0.450 -0.976
-0.341 0.316 -1.069
-0.326 0.377 -1.083
-0.270 0.569 -0.893
-0.263 0.535 -0.936
-0.341 0.568 -0.864
-0.278 0.379 -1.115
-0.244 0.644 -0.800
-0.326 0.599 -0.843
-0.212 0.455 -1.022
-0.305 0.459 -1.006
-0.269 0.488 -0.990
-0.219 0.499 -0.973
-0.274 0.429 -1.058
-0.218 0.605 -0.836
-0.282 0.615 -0.837
-0.174 0.503 -0.950
-0.230 0.420 -1.069
-0.400 0.669 -0.723
-0.393 0.608 -0.761
