-0.553 0.270 -1.277
-0.548 0.290 -1.243
-0.549 0.320 -1.215
-0.548 0.337 -1.184
-0.548 0.355 -1.168
-0.546 0.387 -1.112
-0.543 0.416 -1.108
-0.542 0.484 -0.964
-0.537 0.544 -0.883
-0.632 0.606 -0.937
-0.595 0.561 -1.059
-0.547 0.347 -1.338
-0.573 0.487 -1.166
-0.689 0.666 -0.823
-0.506 0.642 -0.772
-0.530 0.653 -0.767
-0.561 0.392 -1.299
-0.607 0.585 -1.004
-0.593 0.601 -0.936
-0.543 0.575 -0.855
-0.551 0.301 -1.256
-0.555 0.665 -0.777
-0.573 0.442 -1.231
-0.561 0.434 -1.189
-0.578 0.521 -1.118
-0.546 0.520 -1.004
-0.658 0.614 -0.863
-0.615 0.623 -0.857
-0.640 0.686 -0.790
-0.537 0.610 -0.809
-0.540 0.347 -1.276
-0.557 0.401 -1.251
-0.542 0.406 -1.168
-0.540 0.372 -1.214
-0.550 0.460 -1.117
-0.568 0.527 -1.067
-0.574 0.559 -1.009
-0.566 0.603 -0.878
-0.542 0.466 -1.073
-0.550 0.560 -0.936
-0.591 0.652 -0.808
-0.040 0.634 -0.768
-0.037 0.620 -0.802
-0.041 0.600 -0.831
-0.044 0.573 -0.872
-0.061 0.531 -0.932
-0.049 0.480 -1.012
-0.067 0.387 -1.120
-0.060 0.339 -1.187
-0.024 0.253 -1.301
0.035 0.238 -1.291
0.010 0.256 -1.272
0.035 0.267 -1.250
0.039 0.301 -1.205
0.038 0.366 -1.117
0.041 0.399 -1.071
0.033 0.446 -1.007
0.038 0.510 -0.924
0.011 0.600 -0.851
-0.030 0.519 -0.964
0.002 0.621 -0.832
0.010 0.496 -0.971
-0.059 0.277 -1.297
-0.005 0.288 -1.249
-0.060 0.322 -1.218
-0.003 0.399 -1.116
0.010 0.417 -1.084
-0.001 0.482 -1.000
-0.001 0.452 -1.041
0.004 0.541 -0.923
-0.041 0.551 -0.921
-0.019 0.581 -0.886
-0.039 0.306 -1.251
-0.018 0.368 -1.162
0.020 0.349 -1.149
-0.009 0.325 -1.211
-0.043 0.412 -1.091
-0.447 0.671 -0.789
-0.437 0.635 -0.800
-0.443 0.618 -0.815
-0.452 0.536 -0.874
-0.467 0.483 -0.905
-0.463 0.436 -0.972
-0.460 0.408 -1.009
-0.434 0.282 -1.159
-0.445 0.272 -1.182
-0.548 0.302 -1.226
-0.548 0.361 -1.143
-0.547 0.383 -1.132
-0.545 0.404 -1.084
-0.546 0.424 -1.062
-0.545 0.436 -1.044
-0.544 0.444 -1.024
-0.543 0.452 -1.008
-0.542 0.468 -0.994
-0.543 0.513 -0.949
-0.542 0.526 -0.922
-0.532 0.518 -0.903
-0.527 0.565 -0.847
-0.510 0.587 -0.823
-0.472 0.659 -0.781
-0.515 0.501 -0.919
-0.460 0.656 -0.795
-0.460 0.232 -1.249
-0.476 0.268 -1.212
-0.514 0.328 -1.154
-0.474 0.525 -0.894
-0.485 0.555 -0.855
-0.493 0.247 -1.257
-0.504 0.380 -1.074
-0.466 0.344 -1.108
-0.513 0.405 -1.038
-0.459 0.579 -0.849
-0.475 0.458 -0.942
-0.499 0.429 -0.994
-0.522 0.281 -1.226
-0.518 0.357 -1.116
-0.525 0.466 -0.963
-0.501 0.299 -1.183
-0.471 0.619 -0.815
0.053 0.271 -1.274
0.039 0.285 -1.227
0.038 0.313 -1.186
0.040 0.330 -1.166
0.040 0.346 -1.144
0.039 0.382 -1.095
0.037 0.427 -1.032
0.041 0.462 -0.987
0.039 0.484 -0.957
0.029 0.504 -0.937
0.029 0.528 -0.909
0.032 0.546 -0.886
0.035 0.562 -0.864
0.012 0.641 -0.803
-0.015 0.637 -0.786
-0.501 0.603 -0.805
-0.012 0.812 -0.731
-0.028 0.742 -0.688
0.043 0.725 -0.723
-0.049 0.833 -0.723
-0.153 0.845 -0.677
-0.087 0.800 -0.687
-0.060 0.778 -0.662
-0.037 0.765 -0.693
0.004 0.737 -0.704
-0.045 0.806 -0.711
0.046 0.326 -1.362
0.047 0.354 -1.349
0.150 0.627 -0.930
0.067 0.818 -0.773
0.054 0.272 -1.316
0.061 0.412 -1.271
0.018 0.664 -0.763
0.047 0.315 -1.352
0.222 0.713 -0.804
0.049 0.687 -0.723
0.060 0.647 -0.765
0.081 0.503 -1.146
0.072 0.457 -1.209
0.119 0.588 -1.014
0.052 0.362 -1.283
0.056 0.382 -1.236
0.053 0.753 -0.736
0.065 0.453 -1.143
0.071 0.488 -1.104
0.061 0.421 -1.106
0.052 0.431 -1.045
0.064 0.513 -0.960
0.036 0.586 -0.837
0.141 0.643 -0.847
0.183 0.661 -0.827
0.135 0.713 -0.766
0.116 0.765 -0.772
0.033 0.790 -0.743
0.063 0.471 -1.060
0.060 0.385 -1.146
0.060 0.482 -1.002
0.079 0.560 -0.932
0.049 0.326 -1.307
0.061 0.414 -1.194
0.079 0.531 -1.029
0.114 0.619 -0.883
0.059 0.542 -0.900
0.092 0.539 -1.087
0.056 0.323 -1.231
0.075 0.576 -0.879
0.113 0.597 -0.950
0.041 0.615 -0.804
0.090 0.563 -0.988
0.081 0.683 -0.751
0.114 0.654 -0.802
0.059 0.357 -1.185
0.072 0.606 -0.825
-0.536 0.747 -0.825
-0.440 0.792 -0.801
-0.510 0.760 -0.824
-0.551 0.740 -0.825
-0.500 0.676 -0.732
-0.481 0.734 -0.709
-0.360 0.794 -0.677
-0.415 0.802 -0.740
-0.422 0.772 -0.695
-0.519 0.710 -0.730
-0.524 0.749 -0.741
-0.536 0.745 -0.793
-0.560 0.695 -0.756
-0.271 0.724 -0.719
-0.252 0.708 -0.747
-0.162 0.707 -0.731
-0.122 0.694 -0.716
-0.369 0.710 -0.691
-0.290 0.847 -0.693
-0.346 0.708 -0.708
-0.355 0.765 -0.644
-0.334 0.822 -0.692
-0.320 0.730 -0.686
-0.090 0.793 -0.674
-0.312 0.777 -0.665
-0.192 0.717 -0.734
-0.106 0.746 -0.663
-0.248 0.832 -0.647
-0.153 0.737 -0.692
-0.168 0.775 -0.677
-0.227 0.727 -0.732
-0.280 0.750 -0.680
-0.252 0.787 -0.665
-0.216 0.763 -0.704
-0.197 0.829 -0.656
-0.134 0.823 -0.676
-0.285 0.809 -0.674
-0.375 0.193 -1.212
-0.431 0.234 -1.219
-0.313 0.701 -0.734
-0.221 0.285 -1.267
-0.400 0.648 -0.740
-0.179 0.266 -1.301
-0.085 0.295 -1.256
-0.064 0.603 -0.786
-0.139 0.673 -0.750
-0.468 0.302 -1.153
-0.336 0.204 -1.216
-0.299 0.687 -0.760
-0.103 0.326 -1.202
-0.077 0.444 -1.047
-0.440 0.585 -0.834
-0.247 0.255 -1.284
-0.071 0.503 -0.964
-0.091 0.509 -0.913
-0.190 0.670 -0.780
-0.116 0.391 -1.090
-0.162 0.377 -1.133
-0.084 0.362 -1.146
-0.308 0.263 -1.268
-0.391 0.480 -0.891
-0.092 0.460 -0.999
-0.434 0.253 -1.198
-0.376 0.427 -0.948
-0.166 0.620 -0.821
-0.158 0.341 -1.185
-0.171 0.313 -1.233
-0.110 0.275 -1.299
-0.149 0.291 -1.273
-0.082 0.572 -0.821
-0.410 0.398 -0.987
-0.423 0.585 -0.797
-0.402 0.554 -0.820
-0.427 0.344 -1.072
-0.435 0.524 -0.851
-0.378 0.527 -0.855
-0.179 0.413 -1.099
-0.134 0.632 -0.788
-0.359 0.675 -0.742
-0.345 0.633 -0.808
-0.324 0.657 -0.790
-0.252 0.310 -1.239
-0.084 0.626 -0.749
-0.439 0.376 -1.041
-0.394 0.363 -1.022
-0.367 0.336 -1.050
-0.344 0.380 -1.034
-0.126 0.415 -1.053
-0.169 0.452 -1.038
-0.256 0.680 -0.778
-0.082 0.538 -0.872
-0.191 0.556 -0.906
-0.136 0.520 -0.920
-0.137 0.567 -0.858
-0.378 0.243 -1.155
-0.324 0.341 -1.153
-0.341 0.284 -1.127
-0.333 0.252 -1.182
-0.316 0.305 -1.206
-0.252 0.353 -1.189
-0.437 0.307 -1.124
-0.425 0.448 -0.928
-0.360 0.394 -0.993
-0.332 0.428 -1.041
-0.349 0.449 -0.962
-0.328 0.538 -0.927
-0.330 0.501 -0.965
-0.358 0.494 -0.908
-0.375 0.584 -0.810
-0.220 0.379 -1.152
-0.388 0.291 -1.104
-0.106 0.483 -0.948
-0.128 0.456 -0.994
-0.342 0.324 -1.088
-0.326 0.385 -1.101
-0.270 0.573 -0.908
-0.263 0.540 -0.951
-0.342 0.571 -0.879
-0.278 0.388 -1.134
-0.245 0.647 -0.813
-0.326 0.602 -0.857
-0.212 0.462 -1.039
-0.305 0.466 -1.023
-0.269 0.494 -1.007
-0.220 0.505 -0.989
-0.274 0.436 -1.075
-0.218 0.608 -0.851
-0.282 0.618 -0.851
-0.175 0.509 -0.967
-0.231 0.427 -1.087
-0.399 0.669 -0.735
-0.393 0.608 -0.774
