-0.552 0.284 -1.299
-0.548 0.303 -1.264
-0.549 0.332 -1.235
-0.548 0.348 -1.203
-0.548 0.365 -1.187
-0.546 0.396 -1.130
-0.543 0.425 -1.126
-0.542 0.489 -0.980
-0.537 0.547 -0.897
-0.632 0.610 -0.950
-0.595 0.568 -1.073
-0.546 0.363 -1.357
-0.572 0.497 -1.182
-0.689 0.666 -0.833
-0.505 0.643 -0.784
-0.530 0.653 -0.779
-0.560 0.407 -1.317
-0.608 0.590 -1.016
-0.593 0.605 -0.948
-0.543 0.577 -0.868
-0.551 0.314 -1.277
-0.555 0.665 -0.788
-0.572 0.454 -1.248
-0.561 0.446 -1.206
-0.578 0.530 -1.133
-0.546 0.526 -1.019
-0.658 0.616 -0.875
-0.615 0.624 -0.868
-0.640 0.686 -0.800
-0.537 0.611 -0.821
-0.539 0.361 -1.295
-0.557 0.414 -1.268
-0.541 0.417 -1.186
-0.539 0.384 -1.232
-0.550 0.469 -1.133
-0.568 0.535 -1.081
-0.574 0.565 -1.022
-0.566 0.606 -0.891
-0.542 0.474 -1.089
-0.551 0.564 -0.949
-0.591 0.653 -0.819
-0.041 0.635 -0.781
-0.038 0.622 -0.815
-0.042 0.602 -0.845
-0.044 0.576 -0.886
-0.061 0.535 -0.947
-0.050 0.486 -1.029
-0.067 0.396 -1.139
-0.060 0.350 -1.207
-0.024 0.267 -1.324
0.035 0.252 -1.314
0.010 0.270 -1.295
0.035 0.281 -1.272
0.039 0.313 -1.227
0.038 0.375 -1.137
0.041 0.407 -1.090
0.032 0.452 -1.025
0.038 0.514 -0.940
0.011 0.602 -0.865
-0.031 0.524 -0.980
0.002 0.623 -0.846
0.009 0.501 -0.987
-0.059 0.291 -1.318
-0.005 0.301 -1.271
-0.060 0.334 -1.239
-0.003 0.409 -1.135
0.009 0.425 -1.102
-0.001 0.488 -1.017
-0.002 0.459 -1.059
0.004 0.545 -0.939
-0.041 0.555 -0.936
-0.019 0.584 -0.900
-0.039 0.319 -1.272
-0.019 0.379 -1.182
0.020 0.359 -1.169
-0.009 0.337 -1.231
-0.043 0.420 -1.109
-0.447 0.672 -0.801
-0.437 0.637 -0.813
-0.443 0.619 -0.828
-0.452 0.539 -0.888
-0.467 0.486 -0.920
-0.464 0.440 -0.988
-0.460 0.414 -1.026
-0.434 0.291 -1.179
-0.446 0.282 -1.202
-0.548 0.315 -1.247
-0.548 0.371 -1.162
-0.547 0.392 -1.151
-0.545 0.412 -1.102
-0.546 0.431 -1.079
-0.545 0.443 -1.060
-0.544 0.451 -1.041
-0.543 0.459 -1.024
-0.543 0.473 -1.010
-0.543 0.517 -0.964
-0.542 0.529 -0.936
-0.532 0.521 -0.918
-0.527 0.567 -0.860
-0.510 0.589 -0.836
-0.472 0.659 -0.793
-0.515 0.505 -0.934
-0.460 0.657 -0.807
-0.461 0.244 -1.271
-0.477 0.280 -1.233
-0.514 0.338 -1.174
-0.474 0.528 -0.909
-0.485 0.557 -0.869
-0.493 0.259 -1.278
-0.505 0.387 -1.092
-0.466 0.352 -1.127
-0.513 0.412 -1.056
-0.459 0.581 -0.863
-0.475 0.463 -0.958
-0.499 0.435 -1.011
-0.522 0.293 -1.247
-0.518 0.367 -1.135
-0.525 0.471 -0.979
-0.501 0.310 -1.204
-0.471 0.621 -0.828
0.053 0.285 -1.297
0.039 0.298 -1.249
0.038 0.325 -1.208
0.040 0.341 -1.187
0.040 0.356 -1.165
0.039 0.391 -1.115
0.037 0.434 -1.051
0.041 0.468 -1.004
0.038 0.489 -0.974
0.029 0.508 -0.954
0.029 0.532 -0.924
0.031 0.549 -0.901
0.035 0.565 -0.879
0.011 0.643 -0.816
-0.016 0.639 -0.800
-0.501 0.604 -0.818
-0.012 0.812 -0.741
-0.029 0.741 -0.700
0.043 0.725 -0.734
-0.049 0.834 -0.733
-0.153 0.845 -0.687
-0.087 0.799 -0.698
-0.061 0.777 -0.673
-0.037 0.764 -0.704
0.003 0.736 -0.715
-0.045 0.806 -0.721
0.046 0.343 -1.383
0.047 0.370 -1.369
0.150 0.631 -0.942
0.068 0.818 -0.782
0.054 0.288 -1.339
0.061 0.426 -1.290
0.017 0.665 -0.776
0.046 0.331 -1.374
0.222 0.713 -0.814
0.048 0.686 -0.734
0.059 0.647 -0.777
0.081 0.513 -1.162
0.072 0.469 -1.226
0.120 0.594 -1.028
0.052 0.377 -1.303
0.056 0.395 -1.256
0.053 0.753 -0.746
0.065 0.463 -1.161
0.070 0.498 -1.120
0.060 0.430 -1.124
0.052 0.438 -1.063
0.063 0.518 -0.976
0.035 0.588 -0.851
0.140 0.645 -0.859
0.183 0.662 -0.838
0.135 0.713 -0.776
0.117 0.765 -0.781
0.034 0.790 -0.752
0.063 0.479 -1.077
0.060 0.395 -1.166
0.059 0.488 -1.019
0.078 0.564 -0.947
0.048 0.341 -1.328
0.061 0.425 -1.213
0.079 0.538 -1.044
0.114 0.622 -0.896
0.059 0.545 -0.915
0.092 0.548 -1.102
0.056 0.336 -1.253
0.075 0.579 -0.893
0.113 0.601 -0.963
0.041 0.616 -0.817
0.090 0.568 -1.002
0.081 0.682 -0.762
0.114 0.655 -0.814
0.059 0.369 -1.205
0.072 0.607 -0.839
-0.536 0.748 -0.835
-0.441 0.793 -0.810
-0.510 0.760 -0.834
-0.551 0.740 -0.834
-0.499 0.676 -0.743
-0.481 0.733 -0.719
-0.360 0.793 -0.687
-0.415 0.802 -0.750
-0.422 0.771 -0.706
-0.519 0.710 -0.741
-0.524 0.748 -0.751
-0.536 0.745 -0.803
-0.560 0.695 -0.767
-0.271 0.725 -0.732
-0.252 0.710 -0.760
-0.162 0.709 -0.744
-0.123 0.695 -0.729
-0.368 0.709 -0.703
-0.290 0.847 -0.703
-0.346 0.708 -0.720
-0.355 0.764 -0.655
-0.334 0.821 -0.702
-0.320 0.730 -0.698
-0.091 0.792 -0.684
-0.312 0.776 -0.677
-0.192 0.719 -0.747
-0.107 0.745 -0.675
-0.248 0.831 -0.658
-0.154 0.738 -0.704
-0.168 0.775 -0.689
-0.227 0.729 -0.745
-0.280 0.749 -0.692
-0.251 0.786 -0.677
-0.216 0.764 -0.717
-0.197 0.829 -0.667
-0.134 0.823 -0.686
-0.284 0.808 -0.685
-0.376 0.203 -1.235
-0.432 0.245 -1.241
-0.313 0.702 -0.747
-0.222 0.296 -1.287
-0.399 0.648 -0.753
-0.179 0.278 -1.322
-0.085 0.307 -1.277
-0.065 0.604 -0.800
-0.139 0.674 -0.764
-0.469 0.312 -1.173
-0.338 0.213 -1.238
-0.299 0.688 -0.773
-0.103 0.337 -1.223
-0.078 0.451 -1.065
-0.440 0.587 -0.848
-0.247 0.266 -1.305
-0.071 0.508 -0.980
-0.092 0.513 -0.929
-0.190 0.672 -0.794
-0.117 0.399 -1.108
-0.162 0.385 -1.152
-0.084 0.371 -1.165
-0.308 0.274 -1.288
-0.391 0.483 -0.907
-0.092 0.466 -1.016
-0.435 0.263 -1.219
-0.376 0.431 -0.965
-0.167 0.623 -0.835
-0.158 0.351 -1.204
-0.171 0.323 -1.253
-0.110 0.288 -1.321
-0.150 0.303 -1.294
-0.082 0.574 -0.835
-0.410 0.403 -1.005
-0.423 0.587 -0.811
-0.402 0.555 -0.834
-0.428 0.351 -1.091
-0.435 0.526 -0.866
-0.378 0.530 -0.870
-0.179 0.420 -1.117
-0.135 0.634 -0.802
-0.358 0.675 -0.755
-0.345 0.635 -0.822
-0.325 0.658 -0.803
-0.252 0.320 -1.259
-0.085 0.627 -0.763
-0.440 0.383 -1.060
-0.394 0.369 -1.041
-0.368 0.342 -1.069
-0.344 0.386 -1.052
-0.126 0.422 -1.071
-0.169 0.458 -1.055
-0.256 0.682 -0.791
-0.083 0.541 -0.888
-0.191 0.560 -0.922
-0.136 0.524 -0.936
-0.137 0.569 -0.873
-0.379 0.251 -1.176
-0.325 0.349 -1.171
-0.341 0.292 -1.147
-0.334 0.261 -1.203
-0.317 0.314 -1.226
-0.252 0.362 -1.208
-0.437 0.316 -1.143
-0.425 0.452 -0.945
-0.360 0.399 -1.011
-0.332 0.434 -1.058
-0.349 0.453 -0.979
-0.328 0.541 -0.942
-0.330 0.506 -0.981
-0.358 0.497 -0.924
-0.375 0.585 -0.824
-0.220 0.387 -1.171
-0.388 0.299 -1.124
-0.106 0.488 -0.965
-0.128 0.462 -1.011
-0.342 0.330 -1.108
-0.327 0.392 -1.119
-0.270 0.577 -0.923
-0.264 0.544 -0.967
-0.342 0.574 -0.893
-0.279 0.396 -1.151
-0.245 0.649 -0.827
-0.326 0.604 -0.871
-0.213 0.469 -1.056
-0.306 0.471 -1.039
-0.270 0.499 -1.023
-0.220 0.510 -1.005
-0.275 0.443 -1.092
-0.219 0.611 -0.865
-0.282 0.621 -0.865
-0.175 0.514 -0.983
-0.231 0.435 -1.105
-0.399 0.669 -0.747
-0.392 0.609 -0.788
