-0.553 0.296 -1.318
-0.548 0.314 -1.283
-0.550 0.342 -1.253
-0.549 0.357 -1.221
-0.549 0.374 -1.205
-0.547 0.404 -1.147
-0.544 0.433 -1.142
-0.542 0.493 -0.995
-0.537 0.549 -0.910
-0.633 0.613 -0.961
-0.596 0.574 -1.086
-0.547 0.376 -1.375
-0.573 0.506 -1.196
-0.689 0.666 -0.843
-0.505 0.643 -0.796
-0.529 0.653 -0.790
-0.560 0.419 -1.334
-0.608 0.595 -1.029
-0.593 0.609 -0.960
-0.543 0.579 -0.881
-0.551 0.325 -1.296
-0.555 0.665 -0.799
-0.573 0.465 -1.263
-0.561 0.455 -1.222
-0.579 0.538 -1.147
-0.547 0.531 -1.032
-0.658 0.617 -0.886
-0.615 0.626 -0.880
-0.640 0.685 -0.810
-0.536 0.612 -0.834
-0.540 0.372 -1.313
-0.557 0.425 -1.285
-0.542 0.426 -1.202
-0.540 0.394 -1.249
-0.551 0.477 -1.149
-0.568 0.541 -1.095
-0.575 0.570 -1.035
-0.566 0.608 -0.903
-0.543 0.481 -1.104
-0.551 0.567 -0.962
-0.591 0.653 -0.830
-0.042 0.636 -0.795
-0.038 0.623 -0.829
-0.042 0.604 -0.858
-0.045 0.579 -0.901
-0.061 0.539 -0.962
-0.050 0.492 -1.044
-0.067 0.404 -1.156
-0.061 0.360 -1.226
-0.024 0.280 -1.345
0.035 0.265 -1.336
0.010 0.282 -1.316
0.034 0.293 -1.293
0.039 0.324 -1.247
0.038 0.384 -1.156
0.040 0.414 -1.108
0.032 0.458 -1.042
0.038 0.518 -0.955
0.011 0.604 -0.879
-0.031 0.528 -0.995
0.002 0.624 -0.859
0.009 0.506 -1.003
-0.060 0.303 -1.339
-0.006 0.312 -1.291
-0.060 0.344 -1.258
-0.003 0.417 -1.153
0.009 0.432 -1.119
-0.002 0.493 -1.033
-0.002 0.465 -1.075
0.003 0.549 -0.953
-0.042 0.559 -0.951
-0.019 0.587 -0.914
-0.039 0.330 -1.292
-0.019 0.388 -1.200
0.019 0.368 -1.188
-0.010 0.347 -1.251
-0.043 0.427 -1.127
-0.447 0.673 -0.813
-0.436 0.638 -0.826
-0.442 0.621 -0.841
-0.452 0.541 -0.903
-0.467 0.489 -0.935
-0.464 0.445 -1.005
-0.460 0.419 -1.043
-0.435 0.300 -1.199
-0.447 0.291 -1.222
-0.548 0.325 -1.266
-0.549 0.379 -1.180
-0.548 0.401 -1.168
-0.545 0.419 -1.118
-0.546 0.438 -1.095
-0.545 0.449 -1.076
-0.545 0.457 -1.057
-0.543 0.464 -1.040
-0.543 0.478 -1.025
-0.543 0.521 -0.978
-0.542 0.532 -0.950
-0.532 0.524 -0.932
-0.527 0.568 -0.874
-0.509 0.590 -0.849
-0.472 0.660 -0.805
-0.515 0.508 -0.948
-0.459 0.658 -0.819
-0.462 0.255 -1.291
-0.477 0.289 -1.252
-0.515 0.347 -1.192
-0.474 0.531 -0.923
-0.485 0.559 -0.883
-0.494 0.270 -1.298
-0.505 0.394 -1.109
-0.466 0.360 -1.145
-0.513 0.418 -1.073
-0.459 0.583 -0.877
-0.476 0.466 -0.974
-0.499 0.440 -1.028
-0.523 0.303 -1.267
-0.519 0.374 -1.153
-0.525 0.475 -0.994
-0.502 0.319 -1.223
-0.471 0.622 -0.841
0.053 0.297 -1.318
0.039 0.309 -1.270
0.038 0.335 -1.228
0.039 0.351 -1.206
0.040 0.365 -1.184
0.039 0.398 -1.133
0.036 0.440 -1.068
0.041 0.473 -1.021
0.038 0.494 -0.990
0.029 0.512 -0.969
0.028 0.535 -0.939
0.031 0.552 -0.916
0.034 0.567 -0.893
0.011 0.644 -0.829
-0.016 0.640 -0.813
-0.500 0.604 -0.831
-0.011 0.812 -0.750
-0.029 0.741 -0.711
0.042 0.725 -0.745
-0.048 0.834 -0.742
-0.153 0.845 -0.697
-0.087 0.799 -0.708
-0.061 0.776 -0.683
-0.038 0.764 -0.715
0.002 0.736 -0.726
-0.045 0.806 -0.731
0.045 0.358 -1.403
0.046 0.384 -1.388
0.150 0.634 -0.955
0.068 0.818 -0.791
0.054 0.301 -1.360
0.060 0.438 -1.307
0.017 0.665 -0.789
0.045 0.346 -1.393
0.222 0.713 -0.824
0.047 0.686 -0.746
0.059 0.648 -0.790
0.080 0.522 -1.177
0.071 0.480 -1.242
0.120 0.600 -1.041
0.051 0.389 -1.322
0.055 0.407 -1.274
0.053 0.753 -0.756
0.065 0.472 -1.177
0.070 0.506 -1.136
0.060 0.438 -1.142
0.052 0.445 -1.080
0.063 0.523 -0.991
0.035 0.590 -0.865
0.140 0.646 -0.871
0.183 0.663 -0.850
0.135 0.713 -0.787
0.117 0.765 -0.791
0.034 0.791 -0.762
0.063 0.486 -1.093
0.060 0.405 -1.184
0.059 0.493 -1.034
0.078 0.568 -0.961
0.048 0.354 -1.347
0.060 0.436 -1.230
0.079 0.544 -1.059
0.114 0.625 -0.909
0.058 0.548 -0.929
0.091 0.555 -1.117
0.056 0.347 -1.272
0.075 0.582 -0.906
0.113 0.605 -0.976
0.040 0.618 -0.830
0.090 0.573 -1.016
0.080 0.682 -0.774
0.113 0.655 -0.827
0.058 0.379 -1.224
0.071 0.609 -0.852
-0.536 0.749 -0.844
-0.441 0.794 -0.820
-0.511 0.761 -0.843
-0.552 0.741 -0.844
-0.499 0.676 -0.755
-0.480 0.733 -0.730
-0.360 0.793 -0.698
-0.415 0.803 -0.760
-0.421 0.770 -0.716
-0.518 0.709 -0.752
-0.524 0.748 -0.761
-0.537 0.746 -0.812
-0.560 0.695 -0.777
-0.271 0.726 -0.744
-0.252 0.711 -0.774
-0.163 0.710 -0.757
-0.123 0.695 -0.742
-0.367 0.709 -0.714
-0.290 0.847 -0.713
-0.345 0.708 -0.732
-0.354 0.763 -0.666
-0.334 0.821 -0.712
-0.319 0.729 -0.711
-0.091 0.792 -0.695
-0.311 0.775 -0.688
-0.192 0.720 -0.761
-0.108 0.745 -0.687
-0.248 0.830 -0.668
-0.154 0.738 -0.717
-0.168 0.776 -0.701
-0.227 0.730 -0.758
-0.279 0.749 -0.704
-0.251 0.786 -0.688
-0.216 0.765 -0.729
-0.197 0.829 -0.678
-0.134 0.822 -0.696
-0.284 0.808 -0.696
-0.377 0.212 -1.256
-0.433 0.255 -1.261
-0.313 0.703 -0.759
-0.222 0.306 -1.307
-0.399 0.648 -0.765
-0.180 0.289 -1.342
-0.086 0.318 -1.297
-0.065 0.606 -0.814
-0.139 0.675 -0.777
-0.469 0.320 -1.192
-0.339 0.222 -1.259
-0.299 0.690 -0.786
-0.104 0.347 -1.242
-0.078 0.457 -1.081
-0.440 0.589 -0.862
-0.248 0.277 -1.325
-0.072 0.512 -0.996
-0.092 0.517 -0.944
-0.190 0.674 -0.807
-0.117 0.405 -1.126
-0.162 0.393 -1.169
-0.085 0.379 -1.183
-0.308 0.283 -1.308
-0.390 0.486 -0.923
-0.092 0.471 -1.032
-0.436 0.273 -1.239
-0.376 0.435 -0.982
-0.167 0.625 -0.850
-0.159 0.360 -1.223
-0.172 0.333 -1.272
-0.111 0.299 -1.341
-0.150 0.313 -1.313
-0.083 0.576 -0.850
-0.411 0.407 -1.022
-0.423 0.588 -0.825
-0.402 0.557 -0.848
-0.428 0.357 -1.109
-0.435 0.528 -0.880
-0.378 0.532 -0.884
-0.179 0.427 -1.134
-0.135 0.635 -0.816
-0.358 0.676 -0.768
-0.345 0.637 -0.835
-0.325 0.660 -0.816
-0.253 0.329 -1.278
-0.086 0.628 -0.776
-0.440 0.388 -1.077
-0.395 0.374 -1.058
-0.368 0.348 -1.087
-0.345 0.391 -1.069
-0.126 0.428 -1.088
-0.169 0.464 -1.072
-0.256 0.684 -0.805
-0.083 0.544 -0.903
-0.191 0.563 -0.936
-0.137 0.528 -0.951
-0.138 0.572 -0.887
-0.380 0.259 -1.196
-0.325 0.357 -1.189
-0.342 0.299 -1.167
-0.335 0.269 -1.222
-0.317 0.322 -1.245
-0.253 0.370 -1.226
-0.438 0.324 -1.162
-0.425 0.456 -0.961
-0.360 0.404 -1.028
-0.332 0.440 -1.074
-0.349 0.457 -0.995
-0.328 0.545 -0.957
-0.330 0.510 -0.996
-0.358 0.500 -0.939
-0.374 0.587 -0.838
-0.221 0.395 -1.188
-0.389 0.306 -1.143
-0.106 0.492 -0.981
-0.128 0.467 -1.027
-0.343 0.337 -1.126
-0.327 0.398 -1.136
-0.271 0.580 -0.938
-0.264 0.548 -0.982
-0.342 0.577 -0.908
-0.279 0.403 -1.169
-0.245 0.651 -0.841
-0.326 0.607 -0.885
-0.213 0.474 -1.072
-0.306 0.476 -1.055
-0.270 0.504 -1.039
-0.221 0.515 -1.021
-0.275 0.449 -1.109
-0.219 0.613 -0.879
-0.283 0.624 -0.879
-0.175 0.518 -0.998
-0.231 0.441 -1.121
-0.398 0.669 -0.759
-0.392 0.610 -0.801
