-0.554 0.305 -1.336
-0.550 0.322 -1.300
-0.551 0.350 -1.270
-0.550 0.365 -1.238
-0.550 0.382 -1.221
-0.548 0.410 -1.163
-0.545 0.439 -1.157
-0.543 0.497 -1.009
-0.537 0.551 -0.924
-0.633 0.615 -0.973
-0.597 0.579 -1.098
-0.549 0.386 -1.391
-0.574 0.513 -1.210
-0.689 0.666 -0.853
-0.504 0.643 -0.808
-0.529 0.653 -0.802
-0.562 0.428 -1.350
-0.610 0.599 -1.040
-0.594 0.611 -0.972
-0.543 0.580 -0.893
-0.552 0.334 -1.313
-0.555 0.665 -0.810
-0.574 0.473 -1.278
-0.563 0.462 -1.236
-0.580 0.544 -1.160
-0.548 0.535 -1.046
-0.658 0.618 -0.897
-0.615 0.627 -0.891
-0.640 0.685 -0.820
-0.536 0.612 -0.846
-0.541 0.382 -1.329
-0.559 0.433 -1.300
-0.543 0.433 -1.218
-0.541 0.402 -1.265
-0.552 0.483 -1.163
-0.570 0.546 -1.108
-0.576 0.574 -1.048
-0.566 0.609 -0.915
-0.544 0.486 -1.118
-0.551 0.570 -0.975
-0.591 0.654 -0.841
-0.042 0.637 -0.808
-0.039 0.625 -0.842
-0.043 0.605 -0.872
-0.045 0.582 -0.915
-0.062 0.542 -0.977
-0.051 0.496 -1.060
-0.067 0.410 -1.173
-0.061 0.368 -1.244
-0.025 0.291 -1.364
0.035 0.276 -1.356
0.010 0.293 -1.336
0.034 0.303 -1.313
0.039 0.333 -1.266
0.038 0.391 -1.174
0.040 0.421 -1.125
0.032 0.463 -1.058
0.037 0.521 -0.970
0.010 0.606 -0.892
-0.031 0.532 -1.010
0.001 0.626 -0.872
0.009 0.510 -1.018
-0.060 0.313 -1.358
-0.006 0.322 -1.310
-0.061 0.353 -1.276
-0.004 0.424 -1.169
0.009 0.439 -1.136
-0.002 0.498 -1.048
-0.002 0.470 -1.091
0.003 0.552 -0.968
-0.042 0.562 -0.965
-0.020 0.590 -0.928
-0.040 0.339 -1.310
-0.019 0.396 -1.218
0.019 0.376 -1.206
-0.010 0.356 -1.269
-0.044 0.434 -1.143
-0.447 0.673 -0.825
-0.436 0.639 -0.838
-0.442 0.622 -0.854
-0.452 0.543 -0.917
-0.467 0.492 -0.950
-0.464 0.449 -1.020
-0.461 0.424 -1.059
-0.436 0.307 -1.217
-0.448 0.299 -1.240
-0.549 0.333 -1.283
-0.550 0.386 -1.196
-0.549 0.407 -1.183
-0.546 0.425 -1.134
-0.547 0.443 -1.110
-0.546 0.454 -1.091
-0.545 0.461 -1.071
-0.544 0.468 -1.055
-0.543 0.482 -1.039
-0.543 0.524 -0.992
-0.542 0.535 -0.964
-0.532 0.526 -0.945
-0.527 0.570 -0.886
-0.509 0.591 -0.862
-0.472 0.661 -0.817
-0.515 0.511 -0.963
-0.459 0.658 -0.831
-0.463 0.264 -1.310
-0.478 0.298 -1.271
-0.516 0.354 -1.209
-0.474 0.533 -0.937
-0.485 0.560 -0.896
-0.495 0.279 -1.317
-0.506 0.400 -1.125
-0.467 0.366 -1.162
-0.514 0.423 -1.088
-0.459 0.585 -0.890
-0.476 0.469 -0.989
-0.500 0.444 -1.043
-0.524 0.312 -1.284
-0.519 0.381 -1.169
-0.525 0.479 -1.009
-0.503 0.327 -1.240
-0.471 0.623 -0.853
0.053 0.308 -1.337
0.039 0.318 -1.289
0.038 0.343 -1.246
0.039 0.359 -1.225
0.040 0.373 -1.202
0.039 0.405 -1.150
0.036 0.445 -1.084
0.041 0.477 -1.036
0.038 0.497 -1.005
0.028 0.516 -0.984
0.028 0.538 -0.953
0.031 0.554 -0.930
0.034 0.570 -0.907
0.011 0.645 -0.842
-0.017 0.641 -0.826
-0.500 0.605 -0.843
-0.011 0.812 -0.760
-0.030 0.740 -0.722
0.042 0.724 -0.757
-0.048 0.834 -0.752
-0.153 0.845 -0.707
-0.088 0.799 -0.718
-0.062 0.775 -0.694
-0.038 0.763 -0.726
0.002 0.735 -0.737
-0.045 0.806 -0.741
0.044 0.370 -1.421
0.045 0.397 -1.405
0.150 0.637 -0.967
0.069 0.819 -0.800
0.053 0.313 -1.379
0.059 0.449 -1.324
0.016 0.666 -0.801
0.045 0.358 -1.412
0.222 0.713 -0.834
0.047 0.685 -0.758
0.058 0.648 -0.802
0.080 0.530 -1.192
0.070 0.489 -1.258
0.120 0.604 -1.054
0.050 0.400 -1.339
0.054 0.416 -1.291
0.052 0.752 -0.767
0.064 0.480 -1.193
0.070 0.512 -1.151
0.060 0.445 -1.158
0.052 0.450 -1.096
0.063 0.527 -1.006
0.034 0.592 -0.878
0.140 0.648 -0.883
0.182 0.664 -0.861
0.134 0.713 -0.798
0.117 0.765 -0.801
0.034 0.791 -0.772
0.062 0.492 -1.108
0.059 0.412 -1.201
0.059 0.498 -1.050
0.078 0.571 -0.975
0.047 0.366 -1.365
0.060 0.445 -1.247
0.079 0.549 -1.073
0.114 0.627 -0.921
0.058 0.551 -0.944
0.091 0.561 -1.131
0.055 0.357 -1.291
0.074 0.584 -0.920
0.113 0.608 -0.989
0.040 0.619 -0.843
0.090 0.577 -1.030
0.080 0.682 -0.786
0.113 0.656 -0.839
0.058 0.388 -1.241
0.071 0.610 -0.865
-0.537 0.749 -0.854
-0.442 0.795 -0.830
-0.511 0.762 -0.853
-0.552 0.742 -0.854
-0.498 0.675 -0.766
-0.480 0.732 -0.740
-0.359 0.792 -0.708
-0.415 0.803 -0.770
-0.421 0.770 -0.726
-0.518 0.708 -0.762
-0.524 0.747 -0.770
-0.537 0.746 -0.822
-0.559 0.694 -0.788
-0.271 0.727 -0.757
-0.252 0.713 -0.787
-0.163 0.711 -0.770
-0.124 0.696 -0.755
-0.367 0.708 -0.726
-0.290 0.847 -0.723
-0.345 0.708 -0.744
-0.353 0.761 -0.677
-0.334 0.821 -0.722
-0.319 0.729 -0.723
-0.091 0.791 -0.706
-0.311 0.775 -0.699
-0.192 0.722 -0.774
-0.108 0.744 -0.699
-0.248 0.829 -0.678
-0.154 0.739 -0.730
-0.169 0.776 -0.713
-0.227 0.732 -0.771
-0.279 0.749 -0.716
-0.251 0.786 -0.700
-0.216 0.766 -0.742
-0.197 0.829 -0.689
-0.135 0.822 -0.707
-0.284 0.808 -0.706
-0.378 0.220 -1.275
-0.434 0.263 -1.280
-0.313 0.704 -0.772
-0.222 0.315 -1.325
-0.398 0.648 -0.778
-0.180 0.299 -1.360
-0.086 0.327 -1.315
-0.066 0.607 -0.828
-0.140 0.677 -0.790
-0.470 0.328 -1.209
-0.340 0.230 -1.279
-0.299 0.691 -0.799
-0.104 0.355 -1.259
-0.078 0.462 -1.097
-0.440 0.590 -0.875
-0.248 0.286 -1.344
-0.072 0.516 -1.010
-0.092 0.520 -0.959
-0.191 0.676 -0.821
-0.117 0.411 -1.142
-0.163 0.399 -1.186
-0.085 0.386 -1.201
-0.308 0.292 -1.326
-0.390 0.488 -0.938
-0.092 0.475 -1.048
-0.437 0.281 -1.258
-0.376 0.439 -0.998
-0.167 0.627 -0.863
-0.159 0.367 -1.240
-0.172 0.341 -1.290
-0.111 0.309 -1.359
-0.150 0.322 -1.331
-0.083 0.578 -0.864
-0.411 0.412 -1.038
-0.422 0.589 -0.838
-0.401 0.558 -0.862
-0.429 0.363 -1.126
-0.435 0.530 -0.894
-0.377 0.534 -0.899
-0.180 0.433 -1.150
-0.135 0.637 -0.830
-0.358 0.676 -0.780
-0.345 0.638 -0.848
-0.325 0.661 -0.829
-0.253 0.337 -1.295
-0.086 0.629 -0.790
-0.440 0.393 -1.093
-0.395 0.379 -1.075
-0.369 0.353 -1.105
-0.345 0.396 -1.086
-0.127 0.434 -1.104
-0.170 0.469 -1.087
-0.256 0.686 -0.818
-0.083 0.547 -0.917
-0.192 0.567 -0.951
-0.137 0.531 -0.966
-0.138 0.575 -0.902
-0.381 0.267 -1.216
-0.326 0.364 -1.207
-0.343 0.306 -1.185
-0.335 0.276 -1.241
-0.317 0.330 -1.262
-0.253 0.378 -1.243
-0.438 0.330 -1.180
-0.425 0.459 -0.976
-0.361 0.408 -1.045
-0.333 0.445 -1.090
-0.350 0.461 -1.011
-0.329 0.548 -0.971
-0.331 0.514 -1.011
-0.358 0.503 -0.954
-0.374 0.588 -0.851
-0.221 0.402 -1.205
-0.390 0.312 -1.161
-0.106 0.495 -0.996
-0.129 0.471 -1.043
-0.344 0.343 -1.144
-0.327 0.404 -1.153
-0.271 0.584 -0.952
-0.264 0.552 -0.996
-0.342 0.579 -0.922
-0.279 0.409 -1.185
-0.245 0.654 -0.855
-0.327 0.609 -0.899
-0.213 0.479 -1.087
-0.306 0.481 -1.071
-0.270 0.509 -1.054
-0.221 0.519 -1.036
-0.275 0.454 -1.125
-0.219 0.616 -0.893
-0.283 0.626 -0.893
-0.176 0.522 -1.013
-0.232 0.447 -1.137
-0.398 0.669 -0.772
-0.392 0.611 -0.815
