-0.421 0.031 -0.210
-0.424 0.070 -0.206
-0.418 0.111 -0.212
-0.422 0.146 -0.211
-0.417 0.169 -0.213
-0.423 0.234 -0.213
-0.401 0.254 -0.216
-0.429 0.411 -0.214
-0.426 0.513 -0.213
-0.339 0.511 -0.309
-0.321 0.377 -0.286
-0.326 0.026 -0.233
-0.320 0.246 -0.267
-0.353 0.664 -0.324
-0.413 0.665 -0.186
-0.409 0.671 -0.213
-0.317 0.084 -0.252
-0.328 0.439 -0.292
-0.349 0.503 -0.270
-0.416 0.554 -0.219
-0.409 0.066 -0.214
-0.387 0.669 -0.229
-0.319 0.168 -0.266
-0.346 0.198 -0.247
-0.320 0.305 -0.272
-0.379 0.399 -0.229
-0.355 0.590 -0.321
-0.358 0.586 -0.279
-0.367 0.679 -0.294
-0.416 0.612 -0.215
-0.359 0.077 -0.218
-0.336 0.128 -0.244
-0.375 0.199 -0.219
-0.375 0.142 -0.215
-0.364 0.272 -0.234
-0.342 0.351 -0.257
-0.348 0.418 -0.261
-0.377 0.551 -0.238
-0.382 0.312 -0.222
-0.385 0.478 -0.230
-0.367 0.637 -0.252
-0.047 0.665 -0.094
-0.057 0.631 -0.104
-0.065 0.596 -0.103
-0.074 0.548 -0.106
-0.088 0.475 -0.097
-0.087 0.381 -0.113
-0.085 0.239 -0.090
-0.083 0.157 -0.099
-0.051 0.015 -0.124
0.001 0.016 -0.157
-0.019 0.041 -0.140
-0.001 0.066 -0.157
-0.002 0.122 -0.163
-0.006 0.230 -0.164
-0.007 0.287 -0.168
-0.014 0.367 -0.164
-0.016 0.472 -0.172
-0.055 0.583 -0.157
-0.077 0.443 -0.128
-0.063 0.611 -0.149
-0.044 0.425 -0.154
-0.087 0.031 -0.108
-0.039 0.078 -0.136
-0.085 0.121 -0.102
-0.052 0.251 -0.146
-0.041 0.287 -0.152
-0.054 0.392 -0.148
-0.052 0.341 -0.147
-0.054 0.490 -0.152
-0.083 0.496 -0.117
-0.073 0.543 -0.135
-0.074 0.085 -0.122
-0.062 0.194 -0.135
-0.020 0.195 -0.151
-0.049 0.130 -0.138
-0.073 0.277 -0.110
-0.363 0.668 -0.144
-0.382 0.637 -0.128
-0.387 0.614 -0.132
-0.418 0.518 -0.129
-0.445 0.462 -0.134
-0.444 0.380 -0.128
-0.443 0.334 -0.122
-0.434 0.139 -0.083
-0.434 0.115 -0.094
-0.424 0.091 -0.207
-0.426 0.193 -0.212
-0.415 0.214 -0.215
-0.426 0.266 -0.212
-0.423 0.296 -0.215
-0.423 0.318 -0.215
-0.427 0.339 -0.214
-0.430 0.357 -0.213
-0.426 0.377 -0.214
-0.415 0.440 -0.219
-0.420 0.470 -0.218
-0.435 0.482 -0.205
-0.428 0.555 -0.203
-0.425 0.589 -0.187
-0.385 0.668 -0.163
-0.436 0.459 -0.187
-0.374 0.654 -0.153
-0.429 0.036 -0.107
-0.433 0.086 -0.127
-0.436 0.166 -0.172
-0.421 0.495 -0.150
-0.425 0.544 -0.162
-0.429 0.037 -0.144
-0.441 0.262 -0.166
-0.440 0.215 -0.124
-0.442 0.306 -0.176
-0.401 0.563 -0.143
-0.446 0.417 -0.141
-0.444 0.356 -0.163
-0.431 0.080 -0.176
-0.437 0.214 -0.179
-0.440 0.402 -0.193
-0.435 0.126 -0.155
-0.393 0.615 -0.159
-0.003 0.047 -0.182
-0.000 0.095 -0.162
-0.002 0.144 -0.161
-0.003 0.170 -0.164
-0.004 0.197 -0.165
-0.007 0.258 -0.166
-0.010 0.335 -0.166
-0.011 0.392 -0.173
-0.014 0.430 -0.171
-0.023 0.457 -0.165
-0.026 0.495 -0.166
-0.026 0.523 -0.168
-0.025 0.551 -0.171
-0.058 0.647 -0.154
-0.053 0.655 -0.124
-0.421 0.613 -0.179
-0.125 0.815 -0.226
-0.053 0.821 -0.180
-0.055 0.767 -0.212
-0.145 0.824 -0.214
-0.157 0.847 -0.176
-0.112 0.835 -0.170
-0.073 0.831 -0.154
-0.073 0.825 -0.187
-0.048 0.800 -0.198
-0.115 0.824 -0.201
-0.085 0.003 -0.228
-0.099 0.029 -0.237
-0.095 0.538 -0.298
-0.144 0.788 -0.270
-0.022 0.013 -0.197
-0.101 0.127 -0.245
-0.049 0.694 -0.156
-0.072 0.006 -0.221
-0.115 0.712 -0.306
-0.035 0.741 -0.191
-0.028 0.682 -0.194
-0.105 0.282 -0.259
-0.102 0.204 -0.253
-0.102 0.442 -0.282
-0.074 0.090 -0.223
-0.066 0.140 -0.219
-0.078 0.776 -0.233
-0.071 0.257 -0.228
-0.077 0.309 -0.235
-0.030 0.270 -0.203
-0.012 0.327 -0.184
-0.028 0.444 -0.204
-0.029 0.587 -0.172
-0.073 0.616 -0.276
-0.082 0.650 -0.311
-0.074 0.721 -0.266
-0.114 0.756 -0.271
-0.110 0.794 -0.241
-0.044 0.337 -0.213
-0.024 0.217 -0.199
-0.025 0.391 -0.200
-0.047 0.493 -0.224
-0.059 0.050 -0.214
-0.068 0.192 -0.223
-0.072 0.396 -0.237
-0.069 0.570 -0.256
-0.021 0.510 -0.196
-0.103 0.352 -0.264
-0.019 0.112 -0.195
-0.034 0.548 -0.215
-0.082 0.501 -0.264
-0.029 0.631 -0.177
-0.075 0.448 -0.245
-0.044 0.714 -0.218
-0.057 0.656 -0.246
-0.022 0.170 -0.198
-0.028 0.608 -0.209
-0.299 0.731 -0.300
-0.276 0.786 -0.266
-0.289 0.745 -0.293
-0.306 0.723 -0.303
-0.407 0.719 -0.191
-0.389 0.773 -0.216
-0.342 0.831 -0.175
-0.317 0.807 -0.236
-0.368 0.813 -0.212
-0.388 0.734 -0.223
-0.366 0.749 -0.252
-0.326 0.735 -0.281
-0.374 0.701 -0.240
-0.275 0.763 -0.084
-0.253 0.732 -0.081
-0.161 0.743 -0.079
-0.116 0.743 -0.079
-0.375 0.766 -0.104
-0.286 0.848 -0.192
-0.351 0.755 -0.100
-0.368 0.825 -0.138
-0.313 0.838 -0.189
-0.328 0.787 -0.100
-0.105 0.830 -0.155
-0.316 0.826 -0.130
-0.192 0.748 -0.082
-0.099 0.811 -0.108
-0.249 0.877 -0.147
-0.148 0.790 -0.089
-0.165 0.822 -0.110
-0.228 0.756 -0.084
-0.288 0.808 -0.099
-0.256 0.841 -0.116
-0.217 0.800 -0.098
-0.197 0.869 -0.143
-0.141 0.843 -0.162
-0.281 0.839 -0.149
-0.424 0.048 -0.007
-0.431 0.063 -0.075
-0.315 0.734 -0.089
-0.228 0.059 -0.030
-0.406 0.693 -0.095
-0.189 0.021 -0.047
-0.103 0.074 -0.086
-0.060 0.632 -0.069
-0.135 0.705 -0.072
-0.437 0.155 -0.121
-0.390 0.053 0.014
-0.299 0.706 -0.082
-0.116 0.136 -0.070
-0.099 0.331 -0.087
-0.400 0.579 -0.125
-0.256 0.027 -0.027
-0.093 0.433 -0.089
-0.088 0.476 -0.055
-0.189 0.682 -0.074
-0.117 0.265 -0.049
-0.163 0.222 -0.034
-0.097 0.203 -0.077
-0.316 0.046 -0.023
-0.418 0.473 -0.062
-0.098 0.379 -0.065
-0.432 0.091 -0.081
-0.411 0.397 -0.046
-0.165 0.618 -0.064
-0.161 0.159 -0.040
-0.176 0.102 -0.040
-0.127 0.027 -0.077
-0.159 0.057 -0.055
-0.074 0.587 -0.055
-0.433 0.348 -0.070
-0.419 0.609 -0.106
-0.418 0.574 -0.081
-0.436 0.246 -0.082
-0.435 0.530 -0.106
-0.400 0.532 -0.061
-0.181 0.271 -0.031
-0.130 0.650 -0.061
-0.361 0.708 -0.094
-0.343 0.633 -0.087
-0.323 0.663 -0.086
-0.256 0.098 -0.025
-0.072 0.676 -0.055
-0.439 0.289 -0.099
-0.426 0.299 -0.051
-0.411 0.263 -0.025
-0.377 0.303 -0.028
-0.123 0.309 -0.041
-0.170 0.343 -0.036
-0.255 0.690 -0.075
-0.078 0.526 -0.060
-0.190 0.511 -0.055
-0.132 0.478 -0.043
-0.133 0.556 -0.050
-0.424 0.123 -0.018
-0.334 0.185 -0.036
-0.387 0.172 -0.003
-0.376 0.109 0.001
-0.325 0.120 -0.031
-0.255 0.164 -0.026
-0.437 0.183 -0.087
-0.436 0.424 -0.089
-0.399 0.343 -0.032
-0.339 0.326 -0.052
-0.374 0.400 -0.044
-0.328 0.482 -0.070
-0.332 0.430 -0.065
-0.380 0.470 -0.052
-0.388 0.602 -0.070
-0.223 0.208 -0.030
-0.426 0.192 -0.034
-0.100 0.433 -0.047
-0.123 0.381 -0.038
-0.383 0.226 -0.013
-0.333 0.252 -0.044
-0.270 0.521 -0.055
-0.264 0.466 -0.049
-0.341 0.540 -0.077
-0.281 0.229 -0.031
-0.244 0.641 -0.070
-0.323 0.577 -0.078
-0.214 0.349 -0.039
-0.307 0.363 -0.052
-0.271 0.394 -0.043
-0.222 0.414 -0.046
-0.277 0.305 -0.035
-0.217 0.587 -0.064
-0.281 0.593 -0.065
-0.176 0.434 -0.046
-0.233 0.290 -0.034
-0.400 0.710 -0.107
-0.405 0.643 -0.083
