-0.556 0.312 -1.352
-0.551 0.329 -1.316
-0.553 0.356 -1.286
-0.551 0.370 -1.253
-0.551 0.387 -1.236
-0.549 0.414 -1.177
-0.546 0.444 -1.172
-0.543 0.499 -1.022
-0.537 0.553 -0.936
-0.634 0.617 -0.984
-0.599 0.582 -1.110
-0.552 0.394 -1.406
-0.577 0.518 -1.223
-0.689 0.666 -0.863
-0.504 0.643 -0.820
-0.528 0.653 -0.813
-0.565 0.435 -1.364
-0.611 0.601 -1.052
-0.595 0.613 -0.984
-0.543 0.581 -0.906
-0.554 0.341 -1.328
-0.554 0.665 -0.821
-0.577 0.479 -1.291
-0.565 0.468 -1.250
-0.582 0.548 -1.172
-0.549 0.538 -1.059
-0.658 0.618 -0.908
-0.616 0.627 -0.902
-0.639 0.685 -0.830
-0.536 0.613 -0.858
-0.544 0.389 -1.344
-0.561 0.440 -1.314
-0.545 0.439 -1.232
-0.543 0.409 -1.280
-0.554 0.488 -1.176
-0.571 0.550 -1.121
-0.577 0.577 -1.060
-0.567 0.611 -0.926
-0.545 0.490 -1.132
-0.552 0.572 -0.987
-0.591 0.654 -0.852
-0.043 0.638 -0.821
-0.039 0.626 -0.855
-0.043 0.607 -0.885
-0.046 0.584 -0.928
-0.062 0.545 -0.991
-0.051 0.500 -1.074
-0.068 0.416 -1.189
-0.061 0.375 -1.260
-0.025 0.300 -1.382
0.035 0.286 -1.374
0.010 0.301 -1.354
0.034 0.311 -1.331
0.039 0.341 -1.283
0.038 0.397 -1.190
0.040 0.426 -1.141
0.032 0.467 -1.073
0.037 0.524 -0.984
0.010 0.608 -0.905
-0.032 0.536 -1.024
0.001 0.628 -0.885
0.008 0.514 -1.032
-0.060 0.322 -1.375
-0.006 0.330 -1.327
-0.061 0.360 -1.293
-0.004 0.429 -1.185
0.008 0.444 -1.151
-0.002 0.502 -1.063
-0.003 0.475 -1.106
0.003 0.555 -0.981
-0.042 0.565 -0.979
-0.020 0.592 -0.941
-0.040 0.347 -1.327
-0.020 0.402 -1.234
0.019 0.382 -1.223
-0.010 0.364 -1.286
-0.044 0.439 -1.158
-0.446 0.674 -0.836
-0.436 0.640 -0.851
-0.442 0.623 -0.867
-0.452 0.545 -0.930
-0.467 0.494 -0.964
-0.464 0.452 -1.035
-0.461 0.427 -1.074
-0.437 0.313 -1.234
-0.449 0.305 -1.257
-0.551 0.340 -1.299
-0.551 0.391 -1.211
-0.550 0.412 -1.198
-0.547 0.429 -1.148
-0.548 0.447 -1.124
-0.547 0.458 -1.105
-0.546 0.464 -1.085
-0.545 0.471 -1.068
-0.544 0.485 -1.053
-0.544 0.526 -1.005
-0.543 0.537 -0.976
-0.532 0.528 -0.959
-0.526 0.571 -0.899
-0.509 0.592 -0.874
-0.471 0.661 -0.829
-0.515 0.513 -0.976
-0.459 0.659 -0.843
-0.464 0.271 -1.327
-0.480 0.304 -1.287
-0.517 0.360 -1.224
-0.475 0.535 -0.951
-0.485 0.562 -0.909
-0.497 0.286 -1.334
-0.506 0.404 -1.141
-0.468 0.371 -1.178
-0.514 0.427 -1.103
-0.459 0.586 -0.903
-0.476 0.472 -1.003
-0.500 0.447 -1.058
-0.525 0.318 -1.301
-0.520 0.386 -1.185
-0.526 0.481 -1.023
-0.504 0.333 -1.256
-0.471 0.624 -0.866
0.052 0.317 -1.355
0.039 0.326 -1.306
0.038 0.351 -1.263
0.039 0.366 -1.241
0.040 0.380 -1.218
0.038 0.411 -1.166
0.036 0.450 -1.100
0.040 0.481 -1.051
0.037 0.501 -1.019
0.028 0.519 -0.998
0.028 0.541 -0.967
0.030 0.556 -0.944
0.034 0.571 -0.920
0.010 0.646 -0.854
-0.017 0.642 -0.838
-0.500 0.606 -0.856
-0.011 0.812 -0.770
-0.030 0.740 -0.733
0.041 0.724 -0.768
-0.048 0.834 -0.761
-0.153 0.845 -0.717
-0.088 0.799 -0.729
-0.063 0.774 -0.705
-0.039 0.763 -0.737
0.001 0.735 -0.749
-0.045 0.806 -0.751
0.043 0.381 -1.437
0.044 0.407 -1.422
0.150 0.639 -0.979
0.069 0.819 -0.809
0.053 0.323 -1.397
0.058 0.457 -1.339
0.016 0.667 -0.813
0.044 0.368 -1.429
0.222 0.713 -0.844
0.046 0.685 -0.770
0.058 0.648 -0.815
0.079 0.536 -1.206
0.070 0.496 -1.272
0.120 0.608 -1.067
0.050 0.409 -1.355
0.054 0.425 -1.307
0.052 0.752 -0.777
0.064 0.486 -1.208
0.069 0.518 -1.165
0.059 0.451 -1.173
0.051 0.455 -1.111
0.063 0.530 -1.020
0.034 0.593 -0.892
0.140 0.649 -0.895
0.182 0.665 -0.873
0.134 0.713 -0.808
0.117 0.765 -0.811
0.034 0.791 -0.782
0.062 0.496 -1.123
0.059 0.419 -1.217
0.059 0.502 -1.064
0.078 0.574 -0.988
0.046 0.375 -1.382
0.059 0.452 -1.262
0.079 0.554 -1.087
0.114 0.629 -0.934
0.058 0.553 -0.957
0.091 0.567 -1.144
0.055 0.365 -1.308
0.074 0.586 -0.933
0.113 0.611 -1.002
0.039 0.620 -0.856
0.090 0.581 -1.043
0.079 0.682 -0.797
0.113 0.657 -0.851
0.057 0.395 -1.258
0.070 0.611 -0.878
-0.537 0.750 -0.864
-0.442 0.796 -0.840
-0.512 0.763 -0.863
-0.552 0.743 -0.864
-0.497 0.675 -0.778
-0.479 0.731 -0.751
-0.359 0.792 -0.719
-0.416 0.803 -0.779
-0.421 0.769 -0.737
-0.517 0.708 -0.773
-0.524 0.747 -0.780
-0.537 0.746 -0.832
-0.559 0.694 -0.799
-0.271 0.729 -0.770
-0.252 0.715 -0.800
-0.163 0.712 -0.783
-0.124 0.697 -0.767
-0.366 0.708 -0.738
-0.290 0.847 -0.733
-0.345 0.708 -0.756
-0.352 0.760 -0.688
-0.334 0.821 -0.732
-0.318 0.729 -0.735
-0.092 0.791 -0.716
-0.310 0.774 -0.710
-0.193 0.723 -0.787
-0.109 0.744 -0.711
-0.247 0.828 -0.689
-0.155 0.739 -0.742
-0.169 0.776 -0.725
-0.227 0.734 -0.784
-0.279 0.749 -0.728
-0.251 0.785 -0.711
-0.217 0.767 -0.755
-0.197 0.829 -0.700
-0.135 0.822 -0.717
-0.284 0.807 -0.717
-0.379 0.227 -1.294
-0.435 0.271 -1.298
-0.313 0.705 -0.785
-0.223 0.322 -1.342
-0.397 0.648 -0.791
-0.180 0.307 -1.378
-0.086 0.335 -1.333
-0.066 0.608 -0.841
-0.140 0.678 -0.803
-0.471 0.333 -1.226
-0.341 0.238 -1.297
-0.299 0.693 -0.812
-0.104 0.362 -1.276
-0.079 0.467 -1.112
-0.439 0.592 -0.888
-0.248 0.294 -1.361
-0.072 0.519 -1.025
-0.093 0.522 -0.973
-0.191 0.678 -0.834
-0.117 0.416 -1.158
-0.163 0.405 -1.202
-0.085 0.392 -1.217
-0.309 0.300 -1.344
-0.390 0.491 -0.953
-0.093 0.479 -1.063
-0.438 0.287 -1.275
-0.376 0.442 -1.013
-0.168 0.629 -0.877
-0.159 0.374 -1.257
-0.172 0.348 -1.307
-0.111 0.318 -1.376
-0.151 0.330 -1.348
-0.084 0.580 -0.877
-0.411 0.415 -1.054
-0.422 0.590 -0.851
-0.401 0.560 -0.876
-0.429 0.368 -1.142
-0.434 0.531 -0.908
-0.377 0.536 -0.913
-0.180 0.438 -1.165
-0.136 0.639 -0.843
-0.358 0.677 -0.793
-0.345 0.640 -0.862
-0.325 0.663 -0.842
-0.253 0.344 -1.312
-0.087 0.630 -0.803
-0.441 0.398 -1.109
-0.396 0.383 -1.092
-0.369 0.358 -1.122
-0.346 0.401 -1.102
-0.127 0.438 -1.120
-0.170 0.473 -1.102
-0.256 0.688 -0.831
-0.084 0.549 -0.931
-0.192 0.569 -0.965
-0.137 0.534 -0.980
-0.139 0.577 -0.916
-0.382 0.273 -1.233
-0.326 0.370 -1.223
-0.343 0.312 -1.202
-0.336 0.283 -1.259
-0.318 0.337 -1.280
-0.253 0.384 -1.259
-0.439 0.336 -1.197
-0.425 0.462 -0.991
-0.361 0.412 -1.061
-0.333 0.449 -1.106
-0.350 0.465 -1.026
-0.329 0.551 -0.985
-0.331 0.517 -1.026
-0.358 0.506 -0.969
-0.374 0.590 -0.865
-0.221 0.408 -1.221
-0.390 0.318 -1.178
-0.107 0.499 -1.011
-0.129 0.475 -1.058
-0.344 0.348 -1.161
-0.328 0.410 -1.169
-0.271 0.587 -0.966
-0.265 0.555 -1.010
-0.342 0.582 -0.936
-0.279 0.415 -1.201
-0.246 0.656 -0.868
-0.327 0.611 -0.912
-0.213 0.483 -1.102
-0.307 0.485 -1.086
-0.271 0.513 -1.068
-0.221 0.523 -1.050
-0.275 0.459 -1.140
-0.219 0.618 -0.907
-0.283 0.628 -0.906
-0.176 0.525 -1.028
-0.232 0.452 -1.153
-0.398 0.669 -0.784
-0.391 0.612 -0.828
