-0.559 0.317 -1.366
-0.554 0.333 -1.330
-0.555 0.360 -1.299
-0.553 0.374 -1.267
-0.553 0.391 -1.250
-0.550 0.418 -1.191
-0.548 0.447 -1.185
-0.544 0.501 -1.035
-0.537 0.554 -0.949
-0.635 0.618 -0.995
-0.601 0.585 -1.121
-0.556 0.399 -1.420
-0.580 0.521 -1.235
-0.689 0.666 -0.873
-0.503 0.643 -0.832
-0.528 0.653 -0.825
-0.570 0.440 -1.377
-0.612 0.603 -1.063
-0.596 0.614 -0.995
-0.543 0.582 -0.918
-0.557 0.346 -1.342
-0.554 0.665 -0.832
-0.581 0.483 -1.304
-0.568 0.472 -1.263
-0.585 0.551 -1.184
-0.550 0.541 -1.071
-0.658 0.619 -0.919
-0.616 0.628 -0.913
-0.639 0.684 -0.840
-0.535 0.613 -0.869
-0.547 0.393 -1.358
-0.565 0.444 -1.327
-0.547 0.442 -1.245
-0.546 0.413 -1.294
-0.556 0.491 -1.189
-0.573 0.552 -1.133
-0.579 0.579 -1.072
-0.567 0.612 -0.938
-0.547 0.493 -1.144
-0.553 0.574 -0.999
-0.590 0.654 -0.863
-0.043 0.639 -0.833
-0.040 0.627 -0.868
-0.044 0.609 -0.898
-0.046 0.586 -0.941
-0.062 0.548 -1.004
-0.051 0.504 -1.088
-0.068 0.420 -1.204
-0.061 0.380 -1.276
-0.025 0.307 -1.398
0.035 0.293 -1.391
0.009 0.308 -1.370
0.034 0.318 -1.347
0.038 0.347 -1.299
0.037 0.401 -1.205
0.040 0.430 -1.156
0.032 0.470 -1.087
0.037 0.526 -0.998
0.010 0.609 -0.918
-0.032 0.538 -1.037
0.001 0.629 -0.897
0.008 0.516 -1.046
-0.060 0.329 -1.391
-0.006 0.336 -1.343
-0.061 0.366 -1.309
-0.004 0.434 -1.199
0.008 0.448 -1.166
-0.003 0.505 -1.077
-0.003 0.479 -1.120
0.002 0.557 -0.995
-0.043 0.567 -0.992
-0.020 0.594 -0.954
-0.040 0.354 -1.343
-0.020 0.407 -1.249
0.019 0.387 -1.238
-0.010 0.370 -1.301
-0.044 0.443 -1.173
-0.446 0.675 -0.848
-0.435 0.641 -0.863
-0.442 0.624 -0.879
-0.452 0.547 -0.943
-0.467 0.496 -0.978
-0.465 0.455 -1.049
-0.462 0.430 -1.088
-0.438 0.318 -1.250
-0.450 0.310 -1.273
-0.553 0.344 -1.313
-0.553 0.395 -1.225
-0.552 0.415 -1.212
-0.548 0.432 -1.161
-0.549 0.450 -1.138
-0.548 0.460 -1.118
-0.547 0.467 -1.098
-0.545 0.473 -1.081
-0.545 0.487 -1.066
-0.545 0.528 -1.018
-0.543 0.539 -0.989
-0.532 0.530 -0.971
-0.526 0.572 -0.911
-0.509 0.593 -0.886
-0.471 0.661 -0.840
-0.515 0.515 -0.989
-0.459 0.660 -0.855
-0.466 0.277 -1.343
-0.481 0.309 -1.303
-0.518 0.364 -1.239
-0.475 0.537 -0.964
-0.485 0.563 -0.922
-0.499 0.292 -1.349
-0.507 0.408 -1.155
-0.469 0.375 -1.193
-0.515 0.430 -1.117
-0.459 0.588 -0.915
-0.476 0.475 -1.017
-0.500 0.450 -1.071
-0.527 0.323 -1.315
-0.522 0.389 -1.199
-0.526 0.483 -1.036
-0.505 0.338 -1.271
-0.470 0.625 -0.878
0.052 0.324 -1.371
0.039 0.333 -1.322
0.037 0.356 -1.279
0.039 0.371 -1.257
0.039 0.385 -1.234
0.038 0.415 -1.181
0.036 0.453 -1.114
0.040 0.484 -1.065
0.037 0.503 -1.033
0.028 0.521 -1.012
0.027 0.543 -0.981
0.030 0.558 -0.957
0.033 0.573 -0.933
0.010 0.647 -0.867
-0.018 0.643 -0.851
-0.499 0.607 -0.868
-0.011 0.812 -0.779
-0.031 0.739 -0.744
0.041 0.724 -0.779
-0.048 0.834 -0.771
-0.153 0.845 -0.727
-0.088 0.799 -0.739
-0.063 0.774 -0.715
-0.039 0.763 -0.747
0.001 0.734 -0.760
-0.045 0.806 -0.761
0.042 0.388 -1.453
0.043 0.414 -1.436
0.150 0.642 -0.991
0.070 0.819 -0.818
0.053 0.330 -1.413
0.057 0.464 -1.353
0.016 0.667 -0.825
0.043 0.376 -1.444
0.222 0.713 -0.854
0.045 0.685 -0.782
0.057 0.649 -0.827
0.079 0.541 -1.219
0.069 0.502 -1.286
0.119 0.611 -1.079
0.049 0.416 -1.370
0.053 0.431 -1.321
0.052 0.752 -0.788
0.063 0.491 -1.222
0.069 0.523 -1.179
0.059 0.455 -1.188
0.051 0.459 -1.126
0.062 0.533 -1.033
0.033 0.595 -0.904
0.139 0.651 -0.907
0.182 0.666 -0.885
0.134 0.713 -0.819
0.117 0.765 -0.820
0.034 0.791 -0.792
0.062 0.500 -1.137
0.059 0.424 -1.232
0.058 0.505 -1.078
0.077 0.576 -1.001
0.046 0.382 -1.397
0.059 0.458 -1.277
0.079 0.557 -1.100
0.113 0.630 -0.946
0.057 0.555 -0.970
0.090 0.571 -1.157
0.054 0.371 -1.323
0.074 0.588 -0.946
0.112 0.614 -1.014
0.039 0.621 -0.869
0.089 0.584 -1.056
0.078 0.682 -0.809
0.112 0.658 -0.862
0.057 0.401 -1.273
0.070 0.612 -0.890
-0.538 0.751 -0.874
-0.443 0.797 -0.849
-0.513 0.764 -0.872
-0.553 0.743 -0.874
-0.497 0.674 -0.789
-0.479 0.730 -0.761
-0.359 0.791 -0.729
-0.416 0.803 -0.789
-0.420 0.768 -0.747
-0.517 0.707 -0.784
-0.524 0.746 -0.790
-0.537 0.747 -0.842
-0.559 0.693 -0.809
-0.271 0.730 -0.783
-0.253 0.716 -0.812
-0.163 0.714 -0.796
-0.125 0.698 -0.780
-0.366 0.708 -0.750
-0.290 0.847 -0.743
-0.344 0.709 -0.768
-0.352 0.759 -0.699
-0.334 0.820 -0.742
-0.318 0.729 -0.746
-0.092 0.791 -0.727
-0.310 0.774 -0.721
-0.193 0.725 -0.799
-0.110 0.744 -0.722
-0.247 0.828 -0.699
-0.155 0.740 -0.754
-0.169 0.777 -0.737
-0.228 0.735 -0.797
-0.278 0.750 -0.740
-0.250 0.785 -0.723
-0.217 0.769 -0.767
-0.197 0.829 -0.711
-0.135 0.822 -0.727
-0.284 0.807 -0.728
-0.380 0.234 -1.311
-0.436 0.276 -1.314
-0.313 0.706 -0.797
-0.223 0.328 -1.358
-0.397 0.649 -0.803
-0.181 0.313 -1.394
-0.086 0.342 -1.348
-0.067 0.610 -0.854
-0.141 0.679 -0.816
-0.472 0.338 -1.241
-0.341 0.244 -1.314
-0.299 0.694 -0.825
-0.104 0.368 -1.292
-0.079 0.470 -1.127
-0.439 0.593 -0.901
-0.248 0.300 -1.378
-0.073 0.522 -1.038
-0.093 0.525 -0.987
-0.191 0.679 -0.847
-0.118 0.421 -1.173
-0.163 0.410 -1.217
-0.085 0.397 -1.232
-0.309 0.306 -1.360
-0.390 0.493 -0.967
-0.093 0.482 -1.077
-0.439 0.293 -1.291
-0.377 0.445 -1.028
-0.168 0.631 -0.890
-0.159 0.380 -1.272
-0.172 0.354 -1.322
-0.111 0.324 -1.392
-0.151 0.336 -1.364
-0.085 0.581 -0.890
-0.411 0.419 -1.068
-0.422 0.591 -0.864
-0.401 0.561 -0.889
-0.430 0.372 -1.157
-0.434 0.533 -0.922
-0.377 0.538 -0.927
-0.180 0.443 -1.180
-0.136 0.640 -0.856
-0.358 0.678 -0.805
-0.346 0.641 -0.874
-0.325 0.664 -0.855
-0.253 0.351 -1.328
-0.088 0.631 -0.816
-0.441 0.402 -1.124
-0.396 0.387 -1.107
-0.369 0.362 -1.138
-0.346 0.405 -1.118
-0.127 0.442 -1.134
-0.170 0.477 -1.117
-0.257 0.690 -0.844
-0.084 0.551 -0.945
-0.192 0.572 -0.978
-0.138 0.537 -0.994
-0.139 0.579 -0.929
-0.382 0.279 -1.250
-0.326 0.375 -1.239
-0.344 0.317 -1.219
-0.337 0.289 -1.276
-0.318 0.343 -1.296
-0.253 0.390 -1.274
-0.440 0.341 -1.212
-0.425 0.464 -1.005
-0.361 0.416 -1.076
-0.333 0.454 -1.121
-0.350 0.468 -1.041
-0.329 0.554 -0.999
-0.331 0.520 -1.040
-0.358 0.509 -0.983
-0.374 0.591 -0.878
-0.221 0.413 -1.236
-0.391 0.322 -1.194
-0.107 0.501 -1.025
-0.129 0.478 -1.072
-0.344 0.353 -1.177
-0.328 0.415 -1.185
-0.272 0.589 -0.979
-0.265 0.558 -1.024
-0.342 0.584 -0.949
-0.280 0.420 -1.216
-0.246 0.658 -0.881
-0.327 0.613 -0.925
-0.214 0.487 -1.117
-0.307 0.489 -1.100
-0.271 0.517 -1.082
-0.221 0.526 -1.064
-0.276 0.464 -1.155
-0.220 0.620 -0.920
-0.284 0.631 -0.919
-0.176 0.528 -1.042
-0.232 0.456 -1.167
-0.398 0.669 -0.795
-0.391 0.612 -0.840
