-0.562 0.319 -1.379
-0.556 0.336 -1.343
-0.557 0.363 -1.312
-0.555 0.376 -1.279
-0.555 0.393 -1.262
-0.552 0.419 -1.203
-0.550 0.449 -1.197
-0.544 0.503 -1.047
-0.537 0.555 -0.961
-0.636 0.618 -1.005
-0.604 0.586 -1.132
-0.561 0.402 -1.432
-0.584 0.523 -1.247
-0.689 0.666 -0.883
-0.503 0.643 -0.843
-0.528 0.653 -0.836
-0.575 0.442 -1.389
-0.614 0.604 -1.074
-0.597 0.615 -1.006
-0.543 0.583 -0.929
-0.560 0.348 -1.355
-0.554 0.665 -0.843
-0.585 0.485 -1.315
-0.572 0.474 -1.275
-0.588 0.552 -1.195
-0.551 0.542 -1.083
-0.659 0.619 -0.929
-0.616 0.628 -0.924
-0.639 0.684 -0.850
-0.535 0.614 -0.881
-0.551 0.396 -1.370
-0.569 0.446 -1.339
-0.550 0.444 -1.257
-0.549 0.415 -1.306
-0.559 0.493 -1.201
-0.576 0.554 -1.144
-0.581 0.580 -1.083
-0.567 0.612 -0.949
-0.549 0.495 -1.157
-0.553 0.575 -1.011
-0.590 0.654 -0.874
-0.044 0.639 -0.846
-0.040 0.628 -0.880
-0.044 0.610 -0.910
-0.046 0.587 -0.954
-0.063 0.550 -1.017
-0.051 0.507 -1.101
-0.068 0.424 -1.218
-0.062 0.385 -1.290
-0.025 0.312 -1.413
0.035 0.298 -1.406
0.009 0.313 -1.384
0.034 0.322 -1.361
0.038 0.351 -1.313
0.037 0.405 -1.219
0.040 0.433 -1.169
0.031 0.473 -1.100
0.036 0.528 -1.011
0.009 0.611 -0.930
-0.032 0.541 -1.050
0.000 0.630 -0.909
0.008 0.519 -1.059
-0.061 0.334 -1.405
-0.006 0.341 -1.358
-0.061 0.371 -1.323
-0.005 0.438 -1.213
0.008 0.451 -1.179
-0.003 0.508 -1.090
-0.003 0.482 -1.134
0.002 0.559 -1.007
-0.043 0.569 -1.005
-0.021 0.596 -0.967
-0.040 0.358 -1.357
-0.020 0.411 -1.263
0.019 0.391 -1.252
-0.011 0.374 -1.315
-0.045 0.446 -1.187
-0.446 0.675 -0.859
-0.435 0.641 -0.875
-0.442 0.625 -0.891
-0.452 0.548 -0.956
-0.466 0.498 -0.991
-0.465 0.457 -1.062
-0.462 0.433 -1.102
-0.439 0.322 -1.264
-0.451 0.314 -1.287
-0.555 0.346 -1.325
-0.554 0.397 -1.237
-0.553 0.417 -1.224
-0.550 0.434 -1.174
-0.550 0.451 -1.150
-0.549 0.462 -1.131
-0.548 0.468 -1.111
-0.546 0.475 -1.094
-0.545 0.489 -1.078
-0.545 0.529 -1.029
-0.544 0.540 -1.001
-0.532 0.531 -0.983
-0.526 0.573 -0.923
-0.508 0.593 -0.898
-0.471 0.662 -0.852
-0.516 0.516 -1.001
-0.459 0.660 -0.867
-0.468 0.281 -1.357
-0.483 0.313 -1.317
-0.520 0.366 -1.252
-0.475 0.538 -0.976
-0.485 0.564 -0.934
-0.501 0.295 -1.363
-0.508 0.410 -1.168
-0.470 0.378 -1.206
-0.516 0.432 -1.130
-0.459 0.589 -0.928
-0.476 0.476 -1.030
-0.501 0.452 -1.084
-0.529 0.326 -1.328
-0.523 0.392 -1.212
-0.526 0.485 -1.048
-0.507 0.340 -1.285
-0.470 0.626 -0.889
0.052 0.329 -1.386
0.039 0.337 -1.337
0.037 0.361 -1.293
0.039 0.375 -1.271
0.039 0.389 -1.248
0.038 0.419 -1.195
0.035 0.456 -1.127
0.040 0.486 -1.078
0.037 0.506 -1.046
0.027 0.523 -1.025
0.027 0.545 -0.994
0.029 0.560 -0.970
0.033 0.575 -0.946
0.009 0.648 -0.879
-0.018 0.644 -0.863
-0.499 0.607 -0.880
-0.011 0.812 -0.789
-0.031 0.739 -0.756
0.041 0.723 -0.790
-0.048 0.834 -0.780
-0.153 0.845 -0.737
-0.088 0.799 -0.750
-0.064 0.773 -0.726
-0.039 0.762 -0.758
0.000 0.734 -0.771
-0.045 0.806 -0.771
0.042 0.394 -1.467
0.043 0.420 -1.450
0.149 0.643 -1.003
0.070 0.820 -0.827
0.052 0.336 -1.427
0.057 0.469 -1.367
0.015 0.668 -0.837
0.043 0.382 -1.458
0.222 0.713 -0.864
0.045 0.685 -0.793
0.056 0.649 -0.838
0.079 0.545 -1.232
0.069 0.507 -1.299
0.119 0.614 -1.091
0.049 0.421 -1.384
0.053 0.435 -1.335
0.052 0.752 -0.798
0.063 0.495 -1.235
0.069 0.526 -1.192
0.059 0.459 -1.201
0.051 0.462 -1.139
0.062 0.535 -1.046
0.033 0.596 -0.917
0.139 0.652 -0.919
0.181 0.667 -0.896
0.134 0.712 -0.830
0.117 0.765 -0.830
0.034 0.791 -0.801
0.062 0.503 -1.150
0.058 0.428 -1.245
0.058 0.508 -1.091
0.077 0.578 -1.013
0.046 0.387 -1.412
0.058 0.462 -1.290
0.079 0.560 -1.112
0.113 0.632 -0.958
0.057 0.557 -0.983
0.090 0.574 -1.169
0.054 0.376 -1.337
0.073 0.589 -0.958
0.112 0.616 -1.026
0.038 0.621 -0.881
0.089 0.586 -1.068
0.078 0.682 -0.820
0.112 0.658 -0.874
0.057 0.405 -1.287
0.070 0.613 -0.902
-0.538 0.752 -0.883
-0.443 0.798 -0.859
-0.513 0.765 -0.882
-0.553 0.744 -0.883
-0.496 0.674 -0.800
-0.478 0.730 -0.772
-0.358 0.790 -0.739
-0.416 0.803 -0.799
-0.420 0.768 -0.757
-0.517 0.707 -0.794
-0.523 0.746 -0.800
-0.537 0.747 -0.852
-0.558 0.693 -0.820
-0.272 0.732 -0.796
-0.253 0.718 -0.825
-0.164 0.715 -0.808
-0.126 0.699 -0.792
-0.365 0.707 -0.761
-0.290 0.847 -0.753
-0.344 0.709 -0.780
-0.351 0.758 -0.710
-0.333 0.820 -0.752
-0.318 0.730 -0.759
-0.092 0.790 -0.737
-0.309 0.773 -0.732
-0.193 0.727 -0.812
-0.111 0.743 -0.734
-0.247 0.827 -0.710
-0.156 0.740 -0.766
-0.170 0.777 -0.748
-0.228 0.737 -0.810
-0.278 0.750 -0.752
-0.250 0.785 -0.734
-0.217 0.770 -0.779
-0.198 0.829 -0.722
-0.135 0.822 -0.738
-0.283 0.807 -0.738
-0.380 0.239 -1.327
-0.437 0.281 -1.329
-0.313 0.706 -0.808
-0.223 0.334 -1.373
-0.396 0.649 -0.815
-0.181 0.319 -1.409
-0.086 0.347 -1.363
-0.068 0.611 -0.866
-0.141 0.680 -0.828
-0.473 0.341 -1.255
-0.342 0.249 -1.330
-0.299 0.694 -0.836
-0.105 0.373 -1.306
-0.079 0.474 -1.140
-0.439 0.594 -0.913
-0.249 0.306 -1.393
-0.073 0.525 -1.052
-0.094 0.527 -1.000
-0.191 0.681 -0.860
-0.118 0.424 -1.187
-0.163 0.414 -1.232
-0.086 0.401 -1.246
-0.309 0.312 -1.376
-0.390 0.495 -0.980
-0.093 0.485 -1.091
-0.440 0.297 -1.306
-0.377 0.448 -1.042
-0.168 0.633 -0.903
-0.160 0.384 -1.287
-0.172 0.359 -1.337
-0.111 0.330 -1.407
-0.151 0.342 -1.379
-0.085 0.583 -0.903
-0.411 0.421 -1.082
-0.422 0.591 -0.876
-0.401 0.562 -0.902
-0.430 0.376 -1.172
-0.434 0.534 -0.934
-0.377 0.540 -0.940
-0.180 0.447 -1.194
-0.137 0.642 -0.869
-0.358 0.678 -0.817
-0.346 0.643 -0.887
-0.325 0.665 -0.867
-0.254 0.356 -1.343
-0.088 0.632 -0.828
-0.442 0.404 -1.138
-0.396 0.390 -1.121
-0.370 0.366 -1.152
-0.346 0.408 -1.132
-0.127 0.446 -1.148
-0.170 0.481 -1.131
-0.257 0.691 -0.857
-0.085 0.553 -0.957
-0.193 0.574 -0.991
-0.138 0.539 -1.007
-0.139 0.581 -0.942
-0.383 0.283 -1.266
-0.327 0.380 -1.254
-0.344 0.321 -1.234
-0.337 0.294 -1.291
-0.318 0.348 -1.311
-0.254 0.395 -1.289
-0.441 0.344 -1.226
-0.425 0.466 -1.019
-0.361 0.419 -1.090
-0.333 0.457 -1.135
-0.350 0.471 -1.055
-0.329 0.557 -1.012
-0.331 0.523 -1.054
-0.358 0.511 -0.997
-0.374 0.592 -0.891
-0.222 0.418 -1.250
-0.391 0.327 -1.209
-0.108 0.504 -1.038
-0.130 0.481 -1.086
-0.345 0.357 -1.192
-0.328 0.419 -1.199
-0.272 0.592 -0.992
-0.265 0.561 -1.037
-0.343 0.586 -0.962
-0.280 0.425 -1.231
-0.246 0.660 -0.894
-0.327 0.615 -0.938
-0.214 0.491 -1.130
-0.307 0.493 -1.114
-0.271 0.520 -1.096
-0.222 0.529 -1.078
-0.276 0.468 -1.169
-0.220 0.622 -0.933
-0.284 0.633 -0.932
-0.177 0.531 -1.055
-0.232 0.460 -1.181
-0.397 0.669 -0.807
-0.391 0.613 -0.853
