-0.564 0.320 -1.390
-0.558 0.336 -1.354
-0.560 0.363 -1.323
-0.557 0.377 -1.291
-0.557 0.393 -1.274
-0.554 0.420 -1.214
-0.552 0.449 -1.208
-0.545 0.503 -1.059
-0.537 0.555 -0.972
-0.637 0.619 -1.015
-0.606 0.586 -1.143
-0.567 0.402 -1.443
-0.588 0.523 -1.257
-0.689 0.666 -0.893
-0.503 0.644 -0.854
-0.527 0.653 -0.847
-0.580 0.442 -1.399
-0.616 0.604 -1.084
-0.598 0.615 -1.017
-0.543 0.583 -0.941
-0.563 0.348 -1.366
-0.553 0.664 -0.854
-0.590 0.485 -1.326
-0.576 0.474 -1.286
-0.592 0.552 -1.206
-0.553 0.542 -1.094
-0.659 0.619 -0.939
-0.616 0.628 -0.934
-0.639 0.684 -0.860
-0.535 0.614 -0.892
-0.556 0.396 -1.382
-0.574 0.447 -1.350
-0.553 0.445 -1.269
-0.553 0.416 -1.318
-0.561 0.493 -1.212
-0.578 0.554 -1.155
-0.582 0.580 -1.094
-0.568 0.613 -0.960
-0.551 0.495 -1.168
-0.554 0.575 -1.022
-0.590 0.654 -0.884
-0.044 0.640 -0.857
-0.040 0.629 -0.892
-0.044 0.611 -0.923
-0.047 0.589 -0.966
-0.063 0.552 -1.030
-0.052 0.509 -1.114
-0.068 0.427 -1.231
-0.062 0.388 -1.303
-0.025 0.315 -1.426
0.035 0.301 -1.419
0.009 0.316 -1.398
0.034 0.325 -1.375
0.038 0.354 -1.326
0.037 0.407 -1.232
0.039 0.435 -1.182
0.031 0.475 -1.113
0.036 0.530 -1.023
0.009 0.612 -0.942
-0.032 0.543 -1.063
-0.000 0.631 -0.921
0.007 0.521 -1.071
-0.061 0.337 -1.419
-0.006 0.344 -1.371
-0.061 0.374 -1.336
-0.005 0.440 -1.226
0.008 0.454 -1.192
-0.003 0.510 -1.102
-0.003 0.484 -1.146
0.002 0.561 -1.020
-0.043 0.571 -1.017
-0.021 0.597 -0.979
-0.040 0.362 -1.371
-0.020 0.414 -1.275
0.018 0.394 -1.265
-0.011 0.377 -1.329
-0.045 0.449 -1.199
-0.446 0.676 -0.871
-0.435 0.642 -0.887
-0.442 0.626 -0.903
-0.452 0.549 -0.968
-0.466 0.499 -1.003
-0.465 0.458 -1.074
-0.463 0.435 -1.114
-0.440 0.325 -1.278
-0.452 0.317 -1.300
-0.558 0.347 -1.337
-0.556 0.397 -1.248
-0.555 0.418 -1.235
-0.551 0.434 -1.185
-0.552 0.452 -1.161
-0.550 0.463 -1.142
-0.549 0.469 -1.122
-0.547 0.475 -1.105
-0.546 0.489 -1.089
-0.546 0.530 -1.041
-0.544 0.540 -1.012
-0.532 0.531 -0.995
-0.526 0.573 -0.935
-0.508 0.594 -0.910
-0.471 0.662 -0.863
-0.516 0.517 -1.013
-0.459 0.661 -0.878
-0.469 0.283 -1.370
-0.484 0.315 -1.329
-0.521 0.367 -1.264
-0.475 0.539 -0.988
-0.485 0.565 -0.946
-0.503 0.297 -1.375
-0.509 0.411 -1.180
-0.471 0.380 -1.219
-0.517 0.433 -1.141
-0.459 0.590 -0.939
-0.476 0.477 -1.042
-0.501 0.453 -1.096
-0.531 0.327 -1.340
-0.524 0.393 -1.223
-0.527 0.486 -1.060
-0.509 0.342 -1.297
-0.470 0.626 -0.901
0.052 0.332 -1.399
0.038 0.340 -1.350
0.037 0.363 -1.306
0.038 0.378 -1.284
0.039 0.391 -1.260
0.038 0.421 -1.208
0.035 0.458 -1.140
0.039 0.488 -1.091
0.036 0.507 -1.059
0.027 0.525 -1.037
0.027 0.546 -1.006
0.029 0.561 -0.982
0.032 0.576 -0.958
0.009 0.649 -0.890
-0.018 0.645 -0.875
-0.499 0.607 -0.891
-0.011 0.812 -0.799
-0.032 0.738 -0.766
0.040 0.723 -0.800
-0.047 0.834 -0.790
-0.153 0.845 -0.747
-0.089 0.798 -0.760
-0.064 0.772 -0.737
-0.040 0.762 -0.769
0.000 0.734 -0.781
-0.045 0.805 -0.781
0.043 0.398 -1.479
0.043 0.423 -1.463
0.149 0.644 -1.014
0.070 0.820 -0.836
0.052 0.339 -1.440
0.058 0.472 -1.379
0.015 0.668 -0.849
0.043 0.385 -1.471
0.222 0.713 -0.874
0.044 0.684 -0.804
0.056 0.650 -0.850
0.079 0.547 -1.244
0.069 0.509 -1.312
0.120 0.616 -1.103
0.049 0.424 -1.396
0.053 0.438 -1.348
0.052 0.752 -0.808
0.063 0.498 -1.247
0.069 0.528 -1.204
0.059 0.461 -1.214
0.051 0.464 -1.152
0.062 0.536 -1.058
0.032 0.597 -0.929
0.139 0.652 -0.930
0.181 0.667 -0.907
0.133 0.712 -0.840
0.117 0.765 -0.840
0.034 0.791 -0.811
0.062 0.506 -1.162
0.058 0.430 -1.258
0.058 0.510 -1.103
0.077 0.579 -1.025
0.046 0.391 -1.424
0.059 0.465 -1.303
0.079 0.562 -1.124
0.113 0.633 -0.969
0.057 0.558 -0.995
0.091 0.576 -1.181
0.054 0.379 -1.350
0.073 0.590 -0.970
0.112 0.617 -1.038
0.038 0.622 -0.893
0.089 0.588 -1.080
0.078 0.682 -0.831
0.112 0.659 -0.885
0.057 0.408 -1.300
0.069 0.614 -0.914
-0.539 0.753 -0.893
-0.444 0.799 -0.869
-0.514 0.766 -0.892
-0.554 0.745 -0.893
-0.496 0.674 -0.811
-0.478 0.729 -0.782
-0.358 0.790 -0.750
-0.416 0.803 -0.809
-0.420 0.767 -0.768
-0.516 0.706 -0.805
-0.523 0.746 -0.810
-0.538 0.747 -0.862
-0.558 0.693 -0.830
-0.272 0.733 -0.808
-0.253 0.719 -0.837
-0.164 0.716 -0.820
-0.126 0.699 -0.804
-0.365 0.707 -0.772
-0.290 0.847 -0.763
-0.344 0.709 -0.791
-0.350 0.758 -0.720
-0.333 0.820 -0.762
-0.318 0.730 -0.770
-0.093 0.790 -0.748
-0.309 0.773 -0.743
-0.193 0.728 -0.824
-0.112 0.743 -0.745
-0.247 0.826 -0.720
-0.157 0.741 -0.778
-0.170 0.778 -0.760
-0.228 0.739 -0.822
-0.278 0.750 -0.763
-0.250 0.785 -0.745
-0.217 0.771 -0.791
-0.198 0.829 -0.733
-0.135 0.822 -0.748
-0.283 0.807 -0.749
-0.381 0.243 -1.342
-0.438 0.283 -1.342
-0.313 0.706 -0.820
-0.223 0.338 -1.387
-0.396 0.649 -0.827
-0.181 0.323 -1.422
-0.087 0.350 -1.376
-0.068 0.612 -0.878
-0.142 0.681 -0.840
-0.475 0.343 -1.267
-0.342 0.254 -1.345
-0.299 0.695 -0.848
-0.105 0.376 -1.320
-0.079 0.476 -1.153
-0.439 0.595 -0.925
-0.249 0.310 -1.407
-0.073 0.527 -1.064
-0.094 0.529 -1.013
-0.192 0.682 -0.872
-0.118 0.427 -1.200
-0.164 0.417 -1.245
-0.086 0.404 -1.259
-0.310 0.317 -1.390
-0.390 0.496 -0.993
-0.094 0.488 -1.103
-0.441 0.300 -1.319
-0.377 0.450 -1.055
-0.169 0.635 -0.915
-0.160 0.388 -1.300
-0.173 0.362 -1.350
-0.112 0.333 -1.421
-0.151 0.345 -1.392
-0.086 0.584 -0.916
-0.412 0.423 -1.096
-0.421 0.592 -0.888
-0.400 0.563 -0.914
-0.431 0.378 -1.185
-0.434 0.535 -0.947
-0.377 0.541 -0.953
-0.181 0.450 -1.207
-0.137 0.643 -0.881
-0.358 0.679 -0.829
-0.346 0.644 -0.899
-0.325 0.666 -0.879
-0.254 0.360 -1.357
-0.089 0.633 -0.840
-0.442 0.407 -1.151
-0.396 0.393 -1.135
-0.370 0.369 -1.166
-0.346 0.411 -1.146
-0.128 0.448 -1.161
-0.171 0.483 -1.144
-0.257 0.693 -0.869
-0.085 0.554 -0.970
-0.193 0.576 -1.004
-0.138 0.541 -1.020
-0.140 0.582 -0.954
-0.383 0.287 -1.280
-0.327 0.384 -1.268
-0.345 0.325 -1.249
-0.338 0.298 -1.306
-0.319 0.352 -1.325
-0.254 0.398 -1.303
-0.442 0.347 -1.240
-0.425 0.468 -1.032
-0.361 0.421 -1.104
-0.334 0.460 -1.148
-0.350 0.473 -1.068
-0.330 0.559 -1.025
-0.332 0.526 -1.067
-0.358 0.513 -1.009
-0.374 0.593 -0.903
-0.222 0.421 -1.264
-0.391 0.330 -1.223
-0.108 0.506 -1.051
-0.130 0.483 -1.099
-0.345 0.361 -1.206
-0.329 0.422 -1.213
-0.272 0.594 -1.005
-0.265 0.563 -1.050
-0.343 0.588 -0.974
-0.280 0.428 -1.244
-0.246 0.661 -0.906
-0.328 0.617 -0.950
-0.214 0.494 -1.143
-0.308 0.496 -1.127
-0.271 0.522 -1.109
-0.222 0.532 -1.090
-0.276 0.471 -1.182
-0.220 0.624 -0.945
-0.284 0.634 -0.945
-0.177 0.534 -1.068
-0.233 0.463 -1.194
-0.397 0.670 -0.818
-0.390 0.614 -0.865
