-0.567 0.318 -1.400
-0.561 0.335 -1.364
-0.562 0.362 -1.333
-0.560 0.376 -1.301
-0.560 0.392 -1.284
-0.555 0.419 -1.225
-0.554 0.449 -1.219
-0.545 0.503 -1.069
-0.537 0.555 -0.983
-0.638 0.618 -1.025
-0.609 0.585 -1.153
-0.572 0.401 -1.453
-0.592 0.522 -1.267
-0.689 0.666 -0.903
-0.503 0.644 -0.865
-0.527 0.653 -0.857
-0.586 0.441 -1.409
-0.617 0.604 -1.094
-0.598 0.615 -1.027
-0.543 0.583 -0.951
-0.566 0.347 -1.376
-0.553 0.664 -0.864
-0.595 0.483 -1.336
-0.579 0.473 -1.296
-0.595 0.551 -1.216
-0.554 0.542 -1.105
-0.659 0.619 -0.949
-0.617 0.628 -0.944
-0.639 0.684 -0.870
-0.535 0.614 -0.903
-0.560 0.395 -1.392
-0.578 0.445 -1.360
-0.556 0.444 -1.279
-0.556 0.415 -1.328
-0.564 0.492 -1.223
-0.580 0.553 -1.165
-0.584 0.580 -1.104
-0.568 0.612 -0.971
-0.553 0.495 -1.179
-0.555 0.575 -1.033
-0.590 0.654 -0.895
-0.045 0.641 -0.869
-0.041 0.630 -0.904
-0.045 0.612 -0.934
-0.047 0.590 -0.978
-0.063 0.553 -1.042
-0.052 0.510 -1.126
-0.069 0.429 -1.243
-0.062 0.389 -1.315
-0.025 0.317 -1.438
0.034 0.302 -1.431
0.009 0.318 -1.410
0.033 0.327 -1.386
0.038 0.355 -1.338
0.037 0.409 -1.243
0.039 0.437 -1.194
0.031 0.476 -1.125
0.036 0.531 -1.035
0.009 0.613 -0.954
-0.032 0.544 -1.074
-0.000 0.632 -0.933
0.007 0.522 -1.083
-0.061 0.339 -1.431
-0.007 0.346 -1.383
-0.062 0.376 -1.348
-0.005 0.442 -1.238
0.007 0.455 -1.204
-0.003 0.511 -1.114
-0.003 0.485 -1.158
0.002 0.562 -1.031
-0.043 0.572 -1.029
-0.021 0.598 -0.991
-0.041 0.363 -1.383
-0.020 0.416 -1.287
0.018 0.395 -1.277
-0.011 0.379 -1.341
-0.045 0.451 -1.211
-0.446 0.676 -0.882
-0.435 0.642 -0.898
-0.442 0.626 -0.914
-0.452 0.550 -0.979
-0.466 0.499 -1.014
-0.465 0.459 -1.086
-0.463 0.436 -1.126
-0.440 0.326 -1.290
-0.453 0.318 -1.312
-0.560 0.346 -1.347
-0.558 0.396 -1.259
-0.557 0.417 -1.246
-0.552 0.434 -1.196
-0.553 0.451 -1.172
-0.551 0.462 -1.152
-0.550 0.469 -1.133
-0.548 0.475 -1.116
-0.547 0.489 -1.100
-0.546 0.530 -1.052
-0.544 0.540 -1.023
-0.532 0.532 -1.006
-0.526 0.573 -0.946
-0.508 0.594 -0.921
-0.471 0.662 -0.874
-0.516 0.517 -1.024
-0.459 0.661 -0.889
-0.471 0.284 -1.382
-0.486 0.316 -1.341
-0.523 0.367 -1.275
-0.475 0.540 -0.999
-0.484 0.565 -0.957
-0.505 0.297 -1.386
-0.510 0.411 -1.191
-0.472 0.381 -1.231
-0.517 0.433 -1.152
-0.459 0.590 -0.951
-0.476 0.478 -1.053
-0.502 0.453 -1.107
-0.533 0.326 -1.351
-0.525 0.392 -1.234
-0.527 0.486 -1.071
-0.510 0.342 -1.308
-0.470 0.626 -0.912
0.052 0.333 -1.411
0.038 0.341 -1.362
0.037 0.365 -1.318
0.038 0.379 -1.296
0.039 0.392 -1.272
0.037 0.422 -1.219
0.035 0.459 -1.152
0.039 0.489 -1.103
0.036 0.509 -1.070
0.027 0.526 -1.049
0.027 0.547 -1.017
0.029 0.562 -0.993
0.032 0.577 -0.970
0.009 0.650 -0.902
-0.019 0.645 -0.886
-0.499 0.608 -0.902
-0.011 0.812 -0.809
-0.032 0.738 -0.777
0.040 0.723 -0.811
-0.047 0.835 -0.799
-0.153 0.845 -0.757
-0.089 0.798 -0.770
-0.065 0.771 -0.747
-0.040 0.762 -0.779
-0.000 0.734 -0.792
-0.045 0.805 -0.791
0.043 0.399 -1.491
0.044 0.425 -1.475
0.150 0.645 -1.025
0.071 0.820 -0.846
0.053 0.340 -1.452
0.058 0.473 -1.391
0.015 0.669 -0.860
0.044 0.387 -1.483
0.222 0.713 -0.884
0.044 0.684 -0.815
0.056 0.650 -0.861
0.080 0.548 -1.255
0.070 0.510 -1.323
0.120 0.616 -1.114
0.049 0.425 -1.408
0.053 0.440 -1.359
0.051 0.752 -0.819
0.064 0.499 -1.259
0.069 0.529 -1.215
0.059 0.462 -1.225
0.050 0.465 -1.163
0.062 0.537 -1.070
0.032 0.598 -0.940
0.139 0.653 -0.941
0.181 0.668 -0.918
0.133 0.712 -0.850
0.117 0.765 -0.850
0.034 0.791 -0.821
0.062 0.507 -1.174
0.058 0.432 -1.270
0.058 0.511 -1.115
0.077 0.580 -1.037
0.046 0.392 -1.436
0.059 0.466 -1.314
0.079 0.563 -1.136
0.113 0.633 -0.980
0.056 0.559 -1.007
0.091 0.577 -1.193
0.054 0.380 -1.362
0.073 0.591 -0.981
0.112 0.618 -1.049
0.038 0.623 -0.904
0.090 0.589 -1.091
0.077 0.682 -0.842
0.111 0.659 -0.896
0.057 0.409 -1.311
0.069 0.615 -0.925
-0.539 0.753 -0.903
-0.444 0.799 -0.879
-0.514 0.767 -0.902
-0.554 0.745 -0.903
-0.496 0.673 -0.822
-0.478 0.729 -0.793
-0.358 0.790 -0.760
-0.416 0.803 -0.819
-0.419 0.767 -0.778
-0.516 0.706 -0.815
-0.523 0.745 -0.820
-0.538 0.747 -0.872
-0.558 0.692 -0.840
-0.272 0.734 -0.819
-0.253 0.720 -0.849
-0.164 0.717 -0.832
-0.126 0.700 -0.815
-0.365 0.707 -0.783
-0.290 0.847 -0.773
-0.344 0.709 -0.802
-0.350 0.757 -0.731
-0.333 0.820 -0.773
-0.318 0.730 -0.781
-0.093 0.790 -0.758
-0.309 0.773 -0.754
-0.194 0.729 -0.836
-0.112 0.743 -0.756
-0.247 0.826 -0.730
-0.157 0.742 -0.789
-0.171 0.778 -0.771
-0.228 0.740 -0.834
-0.278 0.750 -0.775
-0.249 0.785 -0.756
-0.217 0.772 -0.802
-0.198 0.830 -0.743
-0.135 0.822 -0.758
-0.283 0.807 -0.759
-0.381 0.246 -1.355
-0.439 0.285 -1.355
-0.313 0.707 -0.832
-0.223 0.341 -1.399
-0.396 0.649 -0.838
-0.181 0.326 -1.435
-0.087 0.352 -1.389
-0.069 0.613 -0.890
-0.142 0.682 -0.852
-0.476 0.344 -1.279
-0.343 0.257 -1.359
-0.299 0.696 -0.860
-0.105 0.378 -1.332
-0.080 0.478 -1.165
-0.439 0.596 -0.936
-0.249 0.313 -1.420
-0.074 0.529 -1.076
-0.094 0.530 -1.025
-0.192 0.684 -0.884
-0.119 0.429 -1.212
-0.164 0.419 -1.257
-0.086 0.406 -1.271
-0.310 0.320 -1.403
-0.390 0.498 -1.005
-0.094 0.489 -1.116
-0.442 0.301 -1.331
-0.376 0.451 -1.068
-0.169 0.636 -0.927
-0.160 0.390 -1.312
-0.173 0.365 -1.363
-0.112 0.336 -1.433
-0.151 0.348 -1.405
-0.086 0.585 -0.927
-0.412 0.425 -1.108
-0.421 0.592 -0.900
-0.400 0.564 -0.926
-0.431 0.379 -1.197
-0.434 0.536 -0.958
-0.377 0.542 -0.964
-0.181 0.452 -1.220
-0.137 0.644 -0.893
-0.357 0.679 -0.840
-0.346 0.645 -0.910
-0.325 0.667 -0.891
-0.254 0.363 -1.369
-0.089 0.633 -0.852
-0.443 0.408 -1.163
-0.396 0.395 -1.147
-0.370 0.371 -1.179
-0.347 0.413 -1.159
-0.128 0.450 -1.174
-0.171 0.485 -1.156
-0.257 0.694 -0.880
-0.086 0.556 -0.982
-0.193 0.578 -1.016
-0.139 0.543 -1.032
-0.140 0.584 -0.966
-0.383 0.290 -1.293
-0.327 0.387 -1.281
-0.345 0.328 -1.262
-0.338 0.301 -1.319
-0.319 0.356 -1.338
-0.254 0.401 -1.315
-0.442 0.348 -1.252
-0.425 0.469 -1.044
-0.362 0.423 -1.117
-0.334 0.462 -1.161
-0.350 0.475 -1.080
-0.330 0.560 -1.037
-0.332 0.527 -1.079
-0.358 0.514 -1.022
-0.374 0.594 -0.915
-0.222 0.423 -1.276
-0.392 0.332 -1.236
-0.108 0.508 -1.063
-0.130 0.485 -1.111
-0.346 0.363 -1.219
-0.329 0.425 -1.225
-0.272 0.595 -1.017
-0.266 0.565 -1.062
-0.343 0.589 -0.986
-0.280 0.431 -1.257
-0.247 0.663 -0.918
-0.328 0.618 -0.962
-0.215 0.495 -1.156
-0.308 0.498 -1.140
-0.272 0.524 -1.121
-0.222 0.534 -1.103
-0.276 0.473 -1.194
-0.220 0.626 -0.957
-0.284 0.636 -0.956
-0.177 0.535 -1.080
-0.233 0.465 -1.207
-0.397 0.670 -0.830
-0.390 0.614 -0.876
