-0.569 0.315 -1.409
-0.563 0.332 -1.373
-0.564 0.359 -1.342
-0.561 0.374 -1.310
-0.561 0.390 -1.293
-0.556 0.418 -1.234
-0.555 0.447 -1.229
-0.546 0.502 -1.079
-0.537 0.555 -0.993
-0.639 0.617 -1.035
-0.611 0.583 -1.162
-0.578 0.397 -1.462
-0.595 0.519 -1.277
-0.689 0.666 -0.913
-0.502 0.644 -0.876
-0.527 0.653 -0.868
-0.591 0.437 -1.418
-0.619 0.602 -1.104
-0.599 0.614 -1.037
-0.543 0.583 -0.962
-0.568 0.344 -1.385
-0.553 0.664 -0.874
-0.599 0.480 -1.345
-0.583 0.470 -1.305
-0.598 0.549 -1.226
-0.555 0.541 -1.115
-0.659 0.619 -0.959
-0.617 0.628 -0.954
-0.639 0.684 -0.880
-0.535 0.614 -0.913
-0.564 0.392 -1.401
-0.583 0.442 -1.369
-0.559 0.442 -1.289
-0.559 0.412 -1.337
-0.566 0.491 -1.233
-0.583 0.552 -1.175
-0.585 0.579 -1.114
-0.569 0.612 -0.981
-0.554 0.494 -1.188
-0.556 0.575 -1.043
-0.590 0.654 -0.905
-0.045 0.642 -0.880
-0.041 0.631 -0.915
-0.045 0.613 -0.945
-0.047 0.591 -0.989
-0.063 0.554 -1.053
-0.052 0.511 -1.137
-0.069 0.430 -1.254
-0.062 0.390 -1.326
-0.025 0.317 -1.449
0.034 0.302 -1.441
0.009 0.318 -1.420
0.033 0.327 -1.397
0.037 0.355 -1.349
0.036 0.409 -1.254
0.039 0.437 -1.205
0.030 0.476 -1.135
0.035 0.531 -1.046
0.009 0.613 -0.965
-0.033 0.545 -1.086
-0.000 0.633 -0.944
0.007 0.523 -1.094
-0.061 0.340 -1.442
-0.007 0.346 -1.394
-0.062 0.376 -1.359
-0.005 0.442 -1.249
0.007 0.456 -1.215
-0.003 0.512 -1.125
-0.004 0.486 -1.169
0.002 0.563 -1.042
-0.043 0.573 -1.040
-0.021 0.599 -1.002
-0.041 0.364 -1.394
-0.020 0.416 -1.299
0.018 0.395 -1.288
-0.011 0.379 -1.351
-0.045 0.451 -1.223
-0.446 0.676 -0.892
-0.435 0.643 -0.909
-0.442 0.626 -0.925
-0.452 0.550 -0.990
-0.466 0.500 -1.025
-0.465 0.459 -1.097
-0.463 0.436 -1.137
-0.441 0.327 -1.301
-0.454 0.318 -1.323
-0.562 0.343 -1.356
-0.559 0.394 -1.268
-0.559 0.415 -1.255
-0.554 0.432 -1.205
-0.554 0.450 -1.181
-0.552 0.461 -1.162
-0.551 0.468 -1.142
-0.549 0.474 -1.126
-0.548 0.488 -1.110
-0.547 0.529 -1.062
-0.545 0.540 -1.033
-0.532 0.531 -1.016
-0.526 0.573 -0.956
-0.508 0.594 -0.931
-0.470 0.662 -0.884
-0.516 0.517 -1.034
-0.459 0.661 -0.900
-0.472 0.284 -1.392
-0.487 0.315 -1.351
-0.524 0.366 -1.284
-0.475 0.540 -1.010
-0.484 0.566 -0.968
-0.506 0.296 -1.396
-0.511 0.411 -1.201
-0.473 0.381 -1.241
-0.518 0.432 -1.163
-0.459 0.591 -0.961
-0.476 0.478 -1.064
-0.502 0.453 -1.118
-0.535 0.324 -1.360
-0.526 0.391 -1.244
-0.527 0.485 -1.081
-0.511 0.341 -1.318
-0.470 0.627 -0.923
0.052 0.333 -1.421
0.038 0.341 -1.372
0.036 0.365 -1.329
0.038 0.379 -1.306
0.038 0.393 -1.283
0.037 0.422 -1.230
0.034 0.460 -1.163
0.039 0.490 -1.114
0.036 0.509 -1.081
0.026 0.527 -1.060
0.026 0.548 -1.029
0.029 0.563 -1.005
0.032 0.577 -0.981
0.009 0.650 -0.913
-0.019 0.646 -0.897
-0.498 0.608 -0.913
-0.011 0.812 -0.818
-0.033 0.738 -0.788
0.040 0.723 -0.821
-0.047 0.835 -0.809
-0.153 0.845 -0.767
-0.089 0.798 -0.781
-0.065 0.771 -0.758
-0.040 0.762 -0.790
-0.001 0.733 -0.803
-0.045 0.805 -0.801
0.044 0.398 -1.502
0.045 0.424 -1.485
0.150 0.645 -1.036
0.071 0.820 -0.855
0.053 0.340 -1.463
0.059 0.473 -1.402
0.014 0.669 -0.871
0.045 0.386 -1.493
0.222 0.713 -0.894
0.044 0.684 -0.826
0.055 0.650 -0.872
0.081 0.548 -1.266
0.071 0.510 -1.334
0.121 0.616 -1.125
0.050 0.425 -1.419
0.054 0.439 -1.370
0.051 0.751 -0.829
0.064 0.499 -1.270
0.070 0.529 -1.226
0.059 0.462 -1.236
0.050 0.465 -1.174
0.062 0.538 -1.081
0.032 0.598 -0.951
0.139 0.653 -0.952
0.181 0.668 -0.928
0.133 0.712 -0.861
0.117 0.765 -0.859
0.034 0.791 -0.831
0.062 0.507 -1.184
0.058 0.432 -1.281
0.058 0.511 -1.126
0.077 0.581 -1.048
0.047 0.392 -1.447
0.060 0.465 -1.325
0.079 0.563 -1.147
0.113 0.634 -0.991
0.056 0.560 -1.018
0.092 0.577 -1.204
0.054 0.380 -1.372
0.073 0.591 -0.992
0.113 0.618 -1.060
0.037 0.623 -0.915
0.090 0.589 -1.102
0.077 0.682 -0.853
0.111 0.660 -0.907
0.057 0.409 -1.322
0.069 0.615 -0.936
-0.539 0.754 -0.913
-0.444 0.800 -0.888
-0.514 0.767 -0.912
-0.554 0.745 -0.913
-0.495 0.673 -0.832
-0.477 0.729 -0.803
-0.358 0.789 -0.770
-0.416 0.803 -0.829
-0.419 0.767 -0.788
-0.516 0.706 -0.825
-0.523 0.745 -0.830
-0.538 0.748 -0.882
-0.558 0.692 -0.851
-0.272 0.734 -0.830
-0.253 0.721 -0.860
-0.165 0.718 -0.843
-0.127 0.700 -0.826
-0.364 0.707 -0.794
-0.290 0.847 -0.783
-0.343 0.709 -0.813
-0.350 0.757 -0.741
-0.333 0.820 -0.783
-0.317 0.730 -0.792
-0.093 0.789 -0.769
-0.309 0.773 -0.764
-0.194 0.730 -0.847
-0.113 0.743 -0.766
-0.247 0.826 -0.740
-0.157 0.742 -0.800
-0.171 0.778 -0.782
-0.228 0.740 -0.845
-0.277 0.750 -0.785
-0.249 0.785 -0.766
-0.217 0.773 -0.813
-0.198 0.830 -0.754
-0.135 0.822 -0.768
-0.283 0.807 -0.770
-0.381 0.247 -1.367
-0.440 0.285 -1.365
-0.313 0.707 -0.842
-0.223 0.342 -1.411
-0.396 0.649 -0.849
-0.181 0.327 -1.447
-0.087 0.353 -1.400
-0.069 0.613 -0.901
-0.142 0.683 -0.863
-0.476 0.344 -1.289
-0.343 0.259 -1.371
-0.299 0.697 -0.871
-0.105 0.379 -1.343
-0.080 0.479 -1.176
-0.439 0.596 -0.947
-0.249 0.315 -1.432
-0.074 0.530 -1.088
-0.095 0.531 -1.036
-0.192 0.684 -0.895
-0.119 0.430 -1.224
-0.164 0.421 -1.269
-0.086 0.407 -1.283
-0.310 0.322 -1.415
-0.390 0.498 -1.016
-0.094 0.490 -1.127
-0.443 0.302 -1.342
-0.376 0.452 -1.079
-0.169 0.637 -0.939
-0.160 0.391 -1.324
-0.173 0.366 -1.375
-0.112 0.337 -1.444
-0.151 0.349 -1.416
-0.086 0.586 -0.939
-0.412 0.426 -1.119
-0.421 0.593 -0.911
-0.400 0.564 -0.937
-0.432 0.380 -1.208
-0.433 0.536 -0.969
-0.377 0.543 -0.976
-0.181 0.453 -1.231
-0.137 0.645 -0.904
-0.357 0.679 -0.851
-0.346 0.645 -0.921
-0.326 0.668 -0.902
-0.254 0.364 -1.381
-0.090 0.634 -0.863
-0.443 0.408 -1.174
-0.396 0.396 -1.159
-0.370 0.373 -1.191
-0.347 0.415 -1.170
-0.128 0.451 -1.185
-0.171 0.486 -1.167
-0.257 0.695 -0.892
-0.086 0.557 -0.993
-0.193 0.579 -1.028
-0.139 0.544 -1.043
-0.140 0.585 -0.978
-0.383 0.291 -1.305
-0.327 0.388 -1.293
-0.345 0.330 -1.274
-0.338 0.303 -1.331
-0.319 0.357 -1.350
-0.254 0.403 -1.327
-0.443 0.348 -1.263
-0.425 0.470 -1.055
-0.361 0.425 -1.128
-0.334 0.464 -1.172
-0.350 0.476 -1.092
-0.330 0.561 -1.048
-0.332 0.529 -1.090
-0.358 0.515 -1.033
-0.373 0.595 -0.926
-0.222 0.425 -1.288
-0.392 0.333 -1.248
-0.109 0.509 -1.074
-0.131 0.486 -1.123
-0.346 0.365 -1.231
-0.329 0.427 -1.237
-0.273 0.597 -1.028
-0.266 0.567 -1.074
-0.343 0.590 -0.997
-0.281 0.432 -1.269
-0.247 0.664 -0.930
-0.328 0.619 -0.973
-0.215 0.497 -1.167
-0.308 0.499 -1.151
-0.272 0.526 -1.133
-0.222 0.535 -1.114
-0.277 0.474 -1.206
-0.221 0.627 -0.969
-0.285 0.637 -0.968
-0.177 0.537 -1.091
-0.233 0.467 -1.218
-0.397 0.670 -0.840
-0.390 0.614 -0.887
