-0.571 0.311 -1.416
-0.565 0.328 -1.381
-0.566 0.356 -1.350
-0.563 0.370 -1.318
-0.563 0.387 -1.301
-0.557 0.415 -1.243
-0.557 0.445 -1.237
-0.546 0.501 -1.089
-0.537 0.555 -1.003
-0.639 0.616 -1.045
-0.613 0.581 -1.172
-0.582 0.392 -1.470
-0.599 0.516 -1.286
-0.689 0.666 -0.923
-0.502 0.643 -0.886
-0.527 0.652 -0.878
-0.595 0.432 -1.426
-0.620 0.601 -1.114
-0.600 0.613 -1.047
-0.543 0.583 -0.972
-0.570 0.340 -1.393
-0.553 0.664 -0.885
-0.603 0.476 -1.353
-0.586 0.466 -1.314
-0.600 0.546 -1.235
-0.556 0.540 -1.125
-0.660 0.618 -0.968
-0.617 0.627 -0.964
-0.639 0.684 -0.890
-0.535 0.614 -0.923
-0.567 0.388 -1.409
-0.586 0.438 -1.378
-0.561 0.439 -1.298
-0.562 0.409 -1.346
-0.568 0.488 -1.242
-0.584 0.550 -1.185
-0.587 0.577 -1.124
-0.569 0.611 -0.991
-0.556 0.491 -1.198
-0.556 0.574 -1.053
-0.590 0.653 -0.915
-0.045 0.642 -0.891
-0.041 0.631 -0.926
-0.045 0.613 -0.956
-0.047 0.591 -1.000
-0.063 0.555 -1.064
-0.052 0.511 -1.148
-0.069 0.429 -1.264
-0.062 0.390 -1.336
-0.026 0.316 -1.459
0.034 0.300 -1.450
0.008 0.316 -1.430
0.033 0.325 -1.406
0.037 0.354 -1.358
0.036 0.408 -1.264
0.038 0.436 -1.214
0.030 0.476 -1.146
0.035 0.531 -1.056
0.009 0.614 -0.975
-0.033 0.545 -1.096
-0.000 0.633 -0.954
0.007 0.523 -1.105
-0.061 0.339 -1.452
-0.007 0.345 -1.403
-0.062 0.376 -1.369
-0.005 0.442 -1.259
0.007 0.455 -1.225
-0.003 0.512 -1.136
-0.004 0.486 -1.179
0.002 0.563 -1.053
-0.044 0.573 -1.051
-0.021 0.599 -1.012
-0.041 0.363 -1.404
-0.020 0.416 -1.309
0.018 0.395 -1.297
-0.011 0.378 -1.361
-0.045 0.451 -1.233
-0.446 0.676 -0.903
-0.435 0.643 -0.919
-0.442 0.627 -0.935
-0.452 0.550 -1.001
-0.466 0.500 -1.035
-0.465 0.459 -1.107
-0.463 0.435 -1.147
-0.441 0.326 -1.310
-0.454 0.317 -1.333
-0.564 0.339 -1.364
-0.561 0.391 -1.276
-0.560 0.412 -1.263
-0.554 0.430 -1.214
-0.555 0.448 -1.190
-0.553 0.459 -1.171
-0.551 0.466 -1.152
-0.549 0.473 -1.135
-0.548 0.487 -1.119
-0.547 0.528 -1.071
-0.545 0.539 -1.043
-0.532 0.531 -1.026
-0.526 0.573 -0.966
-0.508 0.594 -0.941
-0.470 0.662 -0.895
-0.516 0.516 -1.044
-0.459 0.661 -0.910
-0.473 0.282 -1.401
-0.488 0.313 -1.360
-0.525 0.364 -1.293
-0.475 0.540 -1.020
-0.484 0.565 -0.978
-0.508 0.293 -1.404
-0.511 0.409 -1.210
-0.473 0.380 -1.251
-0.518 0.431 -1.172
-0.459 0.590 -0.972
-0.476 0.478 -1.074
-0.502 0.452 -1.127
-0.536 0.321 -1.368
-0.527 0.389 -1.253
-0.527 0.484 -1.090
-0.512 0.338 -1.326
-0.470 0.627 -0.933
0.051 0.331 -1.430
0.037 0.340 -1.382
0.036 0.363 -1.338
0.037 0.378 -1.316
0.038 0.391 -1.293
0.037 0.422 -1.240
0.034 0.459 -1.173
0.039 0.490 -1.124
0.036 0.509 -1.092
0.026 0.527 -1.070
0.026 0.548 -1.039
0.029 0.563 -1.015
0.032 0.577 -0.991
0.009 0.651 -0.923
-0.019 0.646 -0.908
-0.498 0.608 -0.923
-0.011 0.812 -0.828
-0.033 0.738 -0.798
0.040 0.723 -0.832
-0.047 0.835 -0.819
-0.153 0.845 -0.777
-0.089 0.798 -0.791
-0.065 0.771 -0.768
-0.040 0.762 -0.800
-0.001 0.733 -0.813
-0.045 0.805 -0.811
0.045 0.396 -1.512
0.047 0.422 -1.495
0.150 0.644 -1.046
0.071 0.820 -0.865
0.053 0.337 -1.472
0.061 0.471 -1.412
0.014 0.670 -0.882
0.045 0.384 -1.503
0.222 0.713 -0.904
0.044 0.684 -0.836
0.055 0.650 -0.883
0.082 0.547 -1.276
0.072 0.508 -1.344
0.122 0.615 -1.135
0.051 0.423 -1.429
0.055 0.437 -1.380
0.051 0.751 -0.839
0.065 0.497 -1.280
0.071 0.528 -1.236
0.059 0.461 -1.246
0.050 0.465 -1.184
0.062 0.537 -1.091
0.032 0.598 -0.962
0.139 0.653 -0.962
0.181 0.668 -0.939
0.133 0.712 -0.871
0.117 0.765 -0.869
0.034 0.791 -0.841
0.062 0.506 -1.194
0.058 0.430 -1.290
0.058 0.511 -1.136
0.077 0.580 -1.058
0.047 0.389 -1.456
0.060 0.464 -1.335
0.080 0.562 -1.157
0.113 0.633 -1.001
0.056 0.560 -1.028
0.093 0.576 -1.214
0.054 0.378 -1.382
0.073 0.591 -1.003
0.113 0.617 -1.070
0.037 0.623 -0.926
0.091 0.588 -1.112
0.077 0.682 -0.863
0.111 0.660 -0.917
0.057 0.407 -1.332
0.069 0.615 -0.947
-0.539 0.754 -0.923
-0.445 0.800 -0.898
-0.514 0.767 -0.922
-0.554 0.746 -0.923
-0.495 0.673 -0.842
-0.477 0.728 -0.813
-0.358 0.789 -0.780
-0.416 0.803 -0.839
-0.419 0.767 -0.798
-0.516 0.705 -0.835
-0.523 0.745 -0.840
-0.538 0.748 -0.892
-0.558 0.692 -0.861
-0.272 0.735 -0.840
-0.253 0.722 -0.870
-0.165 0.718 -0.853
-0.127 0.701 -0.837
-0.364 0.707 -0.805
-0.290 0.847 -0.793
-0.343 0.709 -0.823
-0.350 0.756 -0.752
-0.333 0.820 -0.793
-0.317 0.730 -0.802
-0.093 0.789 -0.779
-0.308 0.772 -0.774
-0.194 0.730 -0.857
-0.113 0.743 -0.777
-0.247 0.826 -0.750
-0.157 0.742 -0.811
-0.171 0.779 -0.792
-0.228 0.741 -0.855
-0.277 0.750 -0.796
-0.249 0.785 -0.777
-0.218 0.773 -0.824
-0.198 0.830 -0.764
-0.135 0.822 -0.778
-0.283 0.807 -0.780
-0.381 0.247 -1.377
-0.441 0.284 -1.375
-0.313 0.708 -0.853
-0.224 0.342 -1.422
-0.396 0.650 -0.859
-0.181 0.327 -1.457
-0.087 0.352 -1.410
-0.069 0.614 -0.912
-0.142 0.683 -0.874
-0.477 0.342 -1.299
-0.343 0.259 -1.381
-0.300 0.697 -0.881
-0.105 0.379 -1.353
-0.080 0.479 -1.187
-0.439 0.596 -0.957
-0.250 0.315 -1.442
-0.074 0.530 -1.098
-0.095 0.532 -1.047
-0.192 0.685 -0.906
-0.119 0.431 -1.234
-0.164 0.421 -1.279
-0.087 0.407 -1.293
-0.310 0.322 -1.426
-0.389 0.499 -1.027
-0.094 0.491 -1.138
-0.443 0.300 -1.352
-0.376 0.453 -1.090
-0.169 0.638 -0.949
-0.160 0.392 -1.334
-0.173 0.366 -1.385
-0.112 0.336 -1.455
-0.151 0.349 -1.427
-0.086 0.587 -0.950
-0.411 0.426 -1.130
-0.421 0.593 -0.921
-0.400 0.565 -0.948
-0.432 0.380 -1.218
-0.433 0.536 -0.980
-0.376 0.543 -0.986
-0.181 0.454 -1.242
-0.138 0.646 -0.915
-0.357 0.680 -0.861
-0.346 0.646 -0.932
-0.326 0.669 -0.912
-0.254 0.365 -1.392
-0.090 0.634 -0.874
-0.443 0.408 -1.184
-0.396 0.396 -1.169
-0.370 0.373 -1.201
-0.347 0.416 -1.181
-0.129 0.452 -1.196
-0.171 0.487 -1.178
-0.257 0.695 -0.902
-0.086 0.557 -1.004
-0.194 0.580 -1.038
-0.139 0.544 -1.054
-0.140 0.586 -0.989
-0.383 0.291 -1.315
-0.328 0.389 -1.303
-0.345 0.330 -1.284
-0.338 0.303 -1.342
-0.319 0.358 -1.360
-0.254 0.403 -1.338
-0.443 0.348 -1.272
-0.425 0.470 -1.065
-0.361 0.425 -1.139
-0.334 0.465 -1.183
-0.350 0.477 -1.102
-0.330 0.562 -1.059
-0.332 0.529 -1.101
-0.358 0.516 -1.044
-0.373 0.595 -0.936
-0.222 0.425 -1.298
-0.391 0.333 -1.258
-0.109 0.509 -1.085
-0.131 0.487 -1.133
-0.346 0.365 -1.241
-0.329 0.427 -1.248
-0.273 0.597 -1.039
-0.266 0.567 -1.085
-0.343 0.590 -1.008
-0.281 0.433 -1.279
-0.247 0.664 -0.940
-0.328 0.620 -0.984
-0.215 0.497 -1.178
-0.308 0.500 -1.162
-0.272 0.526 -1.143
-0.223 0.536 -1.125
-0.277 0.475 -1.217
-0.221 0.628 -0.980
-0.285 0.637 -0.978
-0.177 0.537 -1.102
-0.233 0.467 -1.229
-0.397 0.670 -0.851
-0.390 0.615 -0.898
