-0.573 0.305 -1.422
-0.566 0.323 -1.387
-0.567 0.351 -1.357
-0.564 0.366 -1.325
-0.564 0.383 -1.309
-0.558 0.412 -1.251
-0.558 0.441 -1.245
-0.546 0.500 -1.098
-0.537 0.554 -1.012
-0.640 0.615 -1.054
-0.614 0.578 -1.181
-0.586 0.386 -1.477
-0.601 0.511 -1.294
-0.689 0.666 -0.933
-0.502 0.643 -0.896
-0.527 0.652 -0.888
-0.599 0.426 -1.434
-0.621 0.598 -1.123
-0.600 0.612 -1.056
-0.543 0.582 -0.981
-0.572 0.335 -1.399
-0.553 0.664 -0.895
-0.606 0.470 -1.361
-0.588 0.462 -1.321
-0.603 0.542 -1.243
-0.557 0.538 -1.134
-0.660 0.617 -0.978
-0.617 0.627 -0.974
-0.639 0.684 -0.900
-0.535 0.613 -0.933
-0.570 0.383 -1.417
-0.589 0.433 -1.385
-0.563 0.435 -1.305
-0.564 0.404 -1.353
-0.570 0.484 -1.250
-0.586 0.547 -1.193
-0.588 0.575 -1.133
-0.569 0.611 -1.001
-0.557 0.488 -1.206
-0.557 0.572 -1.062
-0.590 0.653 -0.925
-0.045 0.642 -0.901
-0.041 0.631 -0.936
-0.045 0.613 -0.966
-0.047 0.591 -1.010
-0.063 0.554 -1.074
-0.052 0.511 -1.158
-0.069 0.428 -1.274
-0.062 0.388 -1.346
-0.026 0.313 -1.467
0.033 0.297 -1.458
0.008 0.314 -1.438
0.032 0.322 -1.414
0.037 0.351 -1.366
0.036 0.406 -1.273
0.038 0.435 -1.223
0.030 0.475 -1.155
0.035 0.531 -1.066
0.009 0.613 -0.985
-0.033 0.545 -1.106
-0.000 0.633 -0.965
0.007 0.522 -1.114
-0.061 0.336 -1.461
-0.007 0.342 -1.412
-0.062 0.374 -1.379
-0.005 0.440 -1.268
0.007 0.454 -1.234
-0.003 0.511 -1.145
-0.004 0.485 -1.189
0.002 0.562 -1.063
-0.043 0.573 -1.061
-0.021 0.599 -1.022
-0.041 0.361 -1.413
-0.020 0.414 -1.318
0.017 0.393 -1.306
-0.011 0.376 -1.370
-0.045 0.450 -1.242
-0.446 0.676 -0.913
-0.435 0.643 -0.929
-0.442 0.626 -0.945
-0.452 0.550 -1.010
-0.466 0.499 -1.045
-0.465 0.458 -1.116
-0.463 0.434 -1.156
-0.441 0.324 -1.319
-0.454 0.315 -1.341
-0.565 0.335 -1.370
-0.561 0.388 -1.284
-0.561 0.409 -1.271
-0.555 0.427 -1.222
-0.555 0.445 -1.198
-0.553 0.456 -1.179
-0.552 0.463 -1.160
-0.549 0.470 -1.143
-0.548 0.485 -1.128
-0.547 0.526 -1.080
-0.545 0.538 -1.052
-0.532 0.530 -1.035
-0.526 0.572 -0.976
-0.508 0.593 -0.951
-0.471 0.662 -0.905
-0.516 0.515 -1.053
-0.459 0.661 -0.920
-0.473 0.278 -1.409
-0.488 0.309 -1.367
-0.525 0.360 -1.301
-0.475 0.539 -1.030
-0.484 0.565 -0.988
-0.508 0.289 -1.412
-0.511 0.406 -1.218
-0.473 0.377 -1.259
-0.518 0.429 -1.180
-0.459 0.590 -0.982
-0.476 0.477 -1.083
-0.502 0.450 -1.136
-0.537 0.317 -1.375
-0.528 0.386 -1.261
-0.528 0.483 -1.099
-0.513 0.335 -1.334
-0.470 0.626 -0.943
0.051 0.327 -1.438
0.037 0.337 -1.390
0.036 0.361 -1.347
0.037 0.376 -1.325
0.038 0.389 -1.301
0.036 0.420 -1.249
0.034 0.458 -1.182
0.038 0.489 -1.133
0.036 0.508 -1.101
0.026 0.526 -1.080
0.026 0.547 -1.049
0.028 0.563 -1.025
0.032 0.577 -1.001
0.009 0.651 -0.933
-0.019 0.646 -0.918
-0.498 0.607 -0.933
-0.011 0.812 -0.838
-0.033 0.738 -0.808
0.040 0.723 -0.842
-0.047 0.835 -0.829
-0.153 0.845 -0.787
-0.089 0.798 -0.801
-0.065 0.771 -0.778
-0.040 0.762 -0.810
-0.001 0.733 -0.823
-0.045 0.805 -0.821
0.046 0.392 -1.520
0.048 0.418 -1.504
0.151 0.643 -1.056
0.071 0.820 -0.875
0.053 0.334 -1.480
0.062 0.467 -1.421
0.014 0.670 -0.892
0.046 0.380 -1.511
0.222 0.713 -0.914
0.043 0.684 -0.846
0.055 0.650 -0.893
0.083 0.544 -1.286
0.074 0.505 -1.353
0.122 0.613 -1.145
0.052 0.420 -1.437
0.056 0.434 -1.389
0.051 0.751 -0.849
0.066 0.495 -1.289
0.072 0.526 -1.246
0.059 0.459 -1.255
0.050 0.463 -1.193
0.062 0.536 -1.101
0.032 0.598 -0.972
0.139 0.653 -0.972
0.181 0.668 -0.948
0.133 0.712 -0.881
0.117 0.765 -0.879
0.034 0.791 -0.851
0.062 0.504 -1.204
0.058 0.428 -1.299
0.058 0.509 -1.145
0.078 0.579 -1.068
0.048 0.386 -1.465
0.061 0.461 -1.344
0.081 0.560 -1.167
0.114 0.633 -1.011
0.056 0.559 -1.038
0.095 0.574 -1.224
0.054 0.375 -1.390
0.073 0.591 -1.013
0.114 0.616 -1.080
0.037 0.623 -0.936
0.091 0.587 -1.122
0.077 0.682 -0.873
0.111 0.660 -0.927
0.057 0.404 -1.340
0.069 0.615 -0.957
-0.539 0.754 -0.933
-0.445 0.800 -0.908
-0.514 0.768 -0.932
-0.554 0.746 -0.933
-0.495 0.673 -0.852
-0.477 0.728 -0.823
-0.358 0.789 -0.790
-0.416 0.803 -0.849
-0.419 0.767 -0.808
-0.516 0.705 -0.845
-0.523 0.745 -0.850
-0.538 0.748 -0.902
-0.558 0.692 -0.871
-0.272 0.735 -0.850
-0.254 0.722 -0.881
-0.165 0.718 -0.863
-0.127 0.701 -0.847
-0.364 0.707 -0.815
-0.290 0.847 -0.803
-0.343 0.709 -0.833
-0.350 0.756 -0.762
-0.333 0.820 -0.803
-0.317 0.730 -0.812
-0.093 0.789 -0.789
-0.308 0.772 -0.784
-0.194 0.730 -0.867
-0.113 0.743 -0.787
-0.247 0.826 -0.760
-0.157 0.742 -0.821
-0.171 0.779 -0.802
-0.229 0.741 -0.865
-0.277 0.750 -0.806
-0.249 0.785 -0.787
-0.218 0.773 -0.834
-0.198 0.830 -0.774
-0.135 0.822 -0.788
-0.283 0.807 -0.790
-0.380 0.245 -1.385
-0.441 0.282 -1.383
-0.313 0.708 -0.863
-0.224 0.341 -1.431
-0.396 0.650 -0.869
-0.181 0.325 -1.466
-0.087 0.351 -1.419
-0.069 0.614 -0.922
-0.142 0.684 -0.884
-0.477 0.339 -1.307
-0.343 0.258 -1.390
-0.300 0.697 -0.891
-0.106 0.378 -1.363
-0.080 0.479 -1.197
-0.439 0.596 -0.967
-0.250 0.314 -1.451
-0.074 0.530 -1.108
-0.095 0.532 -1.057
-0.192 0.685 -0.916
-0.119 0.430 -1.244
-0.164 0.421 -1.289
-0.087 0.406 -1.302
-0.311 0.321 -1.435
-0.389 0.499 -1.037
-0.095 0.490 -1.147
-0.444 0.298 -1.360
-0.376 0.453 -1.099
-0.169 0.638 -0.959
-0.160 0.391 -1.344
-0.173 0.365 -1.394
-0.112 0.334 -1.464
-0.151 0.347 -1.436
-0.086 0.587 -0.960
-0.411 0.425 -1.139
-0.421 0.593 -0.931
-0.400 0.565 -0.958
-0.432 0.378 -1.227
-0.433 0.536 -0.989
-0.376 0.543 -0.996
-0.181 0.453 -1.252
-0.138 0.646 -0.925
-0.357 0.680 -0.871
-0.346 0.646 -0.942
-0.326 0.669 -0.923
-0.254 0.364 -1.401
-0.090 0.635 -0.884
-0.443 0.407 -1.193
-0.396 0.395 -1.179
-0.370 0.373 -1.211
-0.347 0.415 -1.191
-0.129 0.451 -1.205
-0.171 0.487 -1.188
-0.257 0.695 -0.912
-0.086 0.557 -1.014
-0.194 0.580 -1.049
-0.139 0.545 -1.064
-0.140 0.586 -0.999
-0.383 0.290 -1.324
-0.328 0.388 -1.313
-0.345 0.329 -1.294
-0.338 0.303 -1.351
-0.319 0.357 -1.370
-0.254 0.402 -1.347
-0.443 0.346 -1.281
-0.424 0.469 -1.074
-0.361 0.425 -1.149
-0.334 0.464 -1.193
-0.350 0.476 -1.112
-0.330 0.562 -1.069
-0.332 0.529 -1.111
-0.358 0.516 -1.054
-0.373 0.595 -0.946
-0.222 0.425 -1.308
-0.391 0.332 -1.267
-0.109 0.509 -1.095
-0.131 0.487 -1.143
-0.346 0.365 -1.251
-0.330 0.427 -1.258
-0.273 0.597 -1.049
-0.266 0.567 -1.095
-0.343 0.591 -1.018
-0.281 0.432 -1.289
-0.247 0.664 -0.950
-0.328 0.620 -0.994
-0.215 0.497 -1.188
-0.308 0.500 -1.172
-0.272 0.526 -1.153
-0.223 0.536 -1.135
-0.277 0.475 -1.227
-0.221 0.628 -0.990
-0.285 0.637 -0.989
-0.177 0.537 -1.112
-0.233 0.467 -1.239
-0.397 0.670 -0.861
-0.390 0.615 -0.908
