-0.573 0.299 -1.428
-0.566 0.317 -1.393
-0.568 0.345 -1.363
-0.564 0.361 -1.332
-0.564 0.378 -1.315
-0.559 0.407 -1.258
-0.558 0.437 -1.253
-0.546 0.497 -1.106
-0.537 0.553 -1.021
-0.640 0.613 -1.063
-0.615 0.574 -1.189
-0.588 0.379 -1.484
-0.603 0.506 -1.302
-0.689 0.666 -0.943
-0.502 0.643 -0.905
-0.527 0.652 -0.897
-0.601 0.419 -1.440
-0.622 0.596 -1.132
-0.601 0.610 -1.066
-0.543 0.581 -0.990
-0.573 0.329 -1.405
-0.553 0.664 -0.904
-0.608 0.464 -1.368
-0.590 0.456 -1.329
-0.604 0.538 -1.252
-0.558 0.535 -1.142
-0.660 0.617 -0.987
-0.617 0.626 -0.983
-0.639 0.684 -0.910
-0.535 0.613 -0.943
-0.571 0.376 -1.423
-0.591 0.426 -1.392
-0.564 0.430 -1.313
-0.565 0.399 -1.360
-0.571 0.480 -1.258
-0.587 0.543 -1.202
-0.588 0.572 -1.142
-0.569 0.609 -1.010
-0.558 0.485 -1.214
-0.557 0.570 -1.071
-0.590 0.653 -0.934
-0.045 0.642 -0.911
-0.041 0.631 -0.945
-0.045 0.613 -0.976
-0.047 0.591 -1.019
-0.063 0.554 -1.083
-0.052 0.510 -1.167
-0.069 0.426 -1.282
-0.063 0.386 -1.354
-0.026 0.309 -1.474
0.033 0.292 -1.465
0.007 0.309 -1.445
0.032 0.318 -1.421
0.036 0.347 -1.374
0.035 0.403 -1.281
0.038 0.432 -1.231
0.030 0.473 -1.163
0.035 0.530 -1.074
0.009 0.613 -0.995
-0.033 0.544 -1.115
-0.000 0.633 -0.974
0.007 0.521 -1.123
-0.061 0.333 -1.468
-0.008 0.339 -1.419
-0.062 0.371 -1.387
-0.005 0.438 -1.277
0.007 0.451 -1.243
-0.003 0.509 -1.154
-0.004 0.483 -1.198
0.002 0.561 -1.072
-0.043 0.572 -1.070
-0.021 0.599 -1.032
-0.041 0.357 -1.420
-0.020 0.411 -1.326
0.017 0.390 -1.314
-0.011 0.372 -1.378
-0.045 0.448 -1.251
-0.446 0.676 -0.922
-0.435 0.642 -0.938
-0.442 0.626 -0.955
-0.452 0.549 -1.019
-0.466 0.498 -1.053
-0.465 0.456 -1.124
-0.463 0.432 -1.164
-0.441 0.321 -1.326
-0.454 0.311 -1.348
-0.565 0.329 -1.376
-0.562 0.383 -1.290
-0.562 0.404 -1.278
-0.555 0.423 -1.229
-0.555 0.441 -1.206
-0.554 0.453 -1.187
-0.552 0.460 -1.168
-0.549 0.468 -1.151
-0.548 0.482 -1.136
-0.547 0.524 -1.089
-0.545 0.536 -1.061
-0.532 0.528 -1.044
-0.526 0.571 -0.985
-0.508 0.593 -0.960
-0.471 0.662 -0.914
-0.516 0.514 -1.062
-0.459 0.661 -0.929
-0.473 0.274 -1.415
-0.488 0.305 -1.374
-0.525 0.356 -1.307
-0.475 0.538 -1.039
-0.484 0.564 -0.997
-0.509 0.283 -1.418
-0.511 0.403 -1.225
-0.473 0.374 -1.266
-0.518 0.426 -1.188
-0.459 0.589 -0.991
-0.476 0.475 -1.091
-0.502 0.448 -1.144
-0.537 0.311 -1.381
-0.528 0.382 -1.268
-0.527 0.481 -1.107
-0.513 0.330 -1.340
-0.470 0.626 -0.952
0.051 0.323 -1.445
0.036 0.333 -1.397
0.035 0.357 -1.354
0.037 0.372 -1.332
0.037 0.386 -1.309
0.036 0.417 -1.257
0.034 0.456 -1.190
0.038 0.487 -1.142
0.035 0.507 -1.110
0.026 0.525 -1.089
0.026 0.547 -1.058
0.028 0.562 -1.034
0.032 0.577 -1.010
0.009 0.650 -0.943
-0.019 0.646 -0.928
-0.498 0.607 -0.942
-0.011 0.812 -0.848
-0.033 0.738 -0.818
0.040 0.723 -0.852
-0.047 0.835 -0.839
-0.153 0.845 -0.797
-0.089 0.798 -0.811
-0.065 0.771 -0.788
-0.040 0.762 -0.820
-0.001 0.733 -0.833
-0.045 0.805 -0.831
0.048 0.387 -1.528
0.049 0.413 -1.512
0.151 0.642 -1.065
0.071 0.820 -0.885
0.053 0.328 -1.487
0.064 0.463 -1.429
0.014 0.670 -0.901
0.047 0.375 -1.519
0.222 0.713 -0.924
0.044 0.684 -0.856
0.055 0.650 -0.902
0.084 0.541 -1.295
0.075 0.501 -1.362
0.123 0.611 -1.154
0.053 0.415 -1.445
0.056 0.430 -1.397
0.051 0.751 -0.859
0.067 0.491 -1.297
0.072 0.523 -1.255
0.059 0.456 -1.263
0.050 0.461 -1.202
0.062 0.535 -1.110
0.032 0.598 -0.981
0.139 0.652 -0.982
0.181 0.668 -0.958
0.133 0.712 -0.891
0.117 0.765 -0.889
0.034 0.791 -0.861
0.063 0.502 -1.212
0.058 0.424 -1.307
0.058 0.507 -1.154
0.078 0.578 -1.077
0.049 0.381 -1.472
0.062 0.457 -1.352
0.081 0.558 -1.176
0.114 0.632 -1.021
0.056 0.558 -1.047
0.095 0.571 -1.233
0.054 0.371 -1.398
0.073 0.590 -1.022
0.114 0.615 -1.089
0.037 0.623 -0.945
0.092 0.585 -1.131
0.077 0.682 -0.883
0.111 0.659 -0.937
0.057 0.401 -1.348
0.069 0.615 -0.966
-0.539 0.754 -0.943
-0.445 0.800 -0.918
-0.514 0.767 -0.942
-0.554 0.746 -0.943
-0.495 0.673 -0.862
-0.477 0.728 -0.833
-0.358 0.789 -0.800
-0.416 0.803 -0.859
-0.419 0.767 -0.818
-0.516 0.705 -0.855
-0.523 0.745 -0.860
-0.538 0.748 -0.912
-0.558 0.692 -0.881
-0.272 0.735 -0.860
-0.253 0.722 -0.890
-0.165 0.718 -0.873
-0.127 0.701 -0.857
-0.364 0.707 -0.824
-0.290 0.847 -0.813
-0.343 0.709 -0.843
-0.350 0.757 -0.771
-0.333 0.820 -0.813
-0.317 0.730 -0.822
-0.093 0.789 -0.799
-0.309 0.773 -0.794
-0.194 0.730 -0.877
-0.113 0.743 -0.796
-0.247 0.826 -0.770
-0.157 0.742 -0.830
-0.171 0.779 -0.812
-0.229 0.741 -0.875
-0.277 0.750 -0.815
-0.249 0.785 -0.796
-0.218 0.773 -0.843
-0.198 0.830 -0.784
-0.135 0.822 -0.798
-0.283 0.807 -0.800
-0.379 0.243 -1.393
-0.441 0.278 -1.390
-0.313 0.708 -0.873
-0.224 0.339 -1.439
-0.396 0.650 -0.879
-0.181 0.323 -1.474
-0.087 0.348 -1.427
-0.069 0.614 -0.932
-0.142 0.683 -0.894
-0.477 0.336 -1.314
-0.342 0.256 -1.398
-0.300 0.697 -0.901
-0.106 0.375 -1.371
-0.080 0.477 -1.206
-0.439 0.595 -0.976
-0.250 0.311 -1.459
-0.074 0.529 -1.117
-0.095 0.531 -1.066
-0.192 0.685 -0.925
-0.119 0.429 -1.253
-0.165 0.419 -1.298
-0.087 0.404 -1.311
-0.311 0.319 -1.443
-0.389 0.498 -1.045
-0.095 0.489 -1.156
-0.443 0.294 -1.367
-0.375 0.452 -1.108
-0.169 0.638 -0.969
-0.161 0.389 -1.352
-0.173 0.363 -1.403
-0.112 0.331 -1.471
-0.152 0.345 -1.444
-0.086 0.587 -0.969
-0.411 0.424 -1.147
-0.421 0.593 -0.940
-0.399 0.564 -0.967
-0.431 0.376 -1.235
-0.433 0.535 -0.998
-0.376 0.543 -1.005
-0.181 0.452 -1.260
-0.138 0.646 -0.935
-0.357 0.680 -0.881
-0.346 0.646 -0.952
-0.326 0.668 -0.932
-0.254 0.362 -1.410
-0.090 0.635 -0.894
-0.443 0.404 -1.201
-0.395 0.394 -1.187
-0.369 0.371 -1.219
-0.346 0.414 -1.199
-0.129 0.450 -1.214
-0.171 0.486 -1.197
-0.257 0.695 -0.922
-0.086 0.557 -1.023
-0.194 0.580 -1.058
-0.139 0.544 -1.074
-0.140 0.586 -1.008
-0.382 0.288 -1.331
-0.328 0.386 -1.321
-0.344 0.328 -1.302
-0.338 0.301 -1.359
-0.320 0.355 -1.378
-0.254 0.401 -1.356
-0.443 0.343 -1.288
-0.424 0.468 -1.083
-0.361 0.424 -1.157
-0.334 0.463 -1.202
-0.350 0.476 -1.121
-0.330 0.561 -1.078
-0.332 0.528 -1.120
-0.358 0.515 -1.062
-0.373 0.595 -0.956
-0.222 0.423 -1.317
-0.390 0.330 -1.275
-0.109 0.509 -1.104
-0.131 0.486 -1.152
-0.345 0.363 -1.259
-0.330 0.425 -1.266
-0.273 0.597 -1.058
-0.266 0.567 -1.104
-0.343 0.590 -1.027
-0.281 0.431 -1.298
-0.247 0.664 -0.960
-0.328 0.619 -1.004
-0.215 0.496 -1.197
-0.308 0.499 -1.181
-0.272 0.525 -1.163
-0.223 0.535 -1.144
-0.277 0.474 -1.236
-0.221 0.627 -0.999
-0.285 0.637 -0.998
-0.178 0.537 -1.121
-0.233 0.466 -1.248
-0.397 0.670 -0.871
-0.390 0.615 -0.917
