-0.573 0.292 -1.433
-0.566 0.311 -1.398
-0.568 0.339 -1.369
-0.564 0.355 -1.337
-0.565 0.372 -1.321
-0.558 0.402 -1.264
-0.559 0.432 -1.259
-0.546 0.495 -1.113
-0.537 0.551 -1.029
-0.640 0.611 -1.072
-0.615 0.570 -1.198
-0.589 0.370 -1.489
-0.604 0.500 -1.309
-0.689 0.666 -0.953
-0.503 0.643 -0.915
-0.527 0.652 -0.907
-0.602 0.412 -1.446
-0.622 0.593 -1.141
-0.601 0.608 -1.075
-0.543 0.580 -0.999
-0.573 0.322 -1.410
-0.553 0.664 -0.914
-0.609 0.457 -1.375
-0.591 0.450 -1.335
-0.605 0.533 -1.260
-0.558 0.532 -1.150
-0.660 0.616 -0.996
-0.617 0.625 -0.993
-0.639 0.684 -0.920
-0.535 0.612 -0.952
-0.572 0.369 -1.429
-0.592 0.419 -1.398
-0.564 0.424 -1.319
-0.565 0.392 -1.366
-0.572 0.475 -1.265
-0.587 0.539 -1.210
-0.588 0.569 -1.150
-0.569 0.608 -1.019
-0.558 0.481 -1.221
-0.557 0.568 -1.080
-0.591 0.652 -0.944
-0.045 0.642 -0.920
-0.041 0.631 -0.954
-0.045 0.612 -0.985
-0.047 0.590 -1.028
-0.063 0.552 -1.091
-0.052 0.508 -1.175
-0.069 0.424 -1.290
-0.063 0.382 -1.361
-0.026 0.304 -1.480
0.032 0.286 -1.471
0.007 0.304 -1.451
0.031 0.312 -1.427
0.036 0.342 -1.380
0.035 0.399 -1.287
0.038 0.429 -1.239
0.029 0.471 -1.171
0.035 0.528 -1.083
0.009 0.612 -1.004
-0.032 0.542 -1.124
-0.000 0.632 -0.983
0.007 0.519 -1.131
-0.061 0.328 -1.475
-0.008 0.334 -1.425
-0.062 0.367 -1.393
-0.005 0.434 -1.284
0.007 0.448 -1.250
-0.003 0.507 -1.162
-0.004 0.480 -1.205
0.002 0.560 -1.081
-0.043 0.571 -1.079
-0.021 0.598 -1.041
-0.041 0.353 -1.427
-0.020 0.407 -1.333
0.017 0.386 -1.321
-0.012 0.368 -1.384
-0.045 0.446 -1.259
-0.447 0.675 -0.932
-0.435 0.642 -0.947
-0.442 0.625 -0.963
-0.452 0.548 -1.027
-0.465 0.496 -1.061
-0.465 0.454 -1.131
-0.463 0.429 -1.171
-0.441 0.316 -1.332
-0.454 0.306 -1.353
-0.565 0.322 -1.381
-0.562 0.378 -1.296
-0.562 0.399 -1.284
-0.555 0.418 -1.236
-0.555 0.437 -1.213
-0.554 0.449 -1.194
-0.552 0.457 -1.175
-0.549 0.464 -1.158
-0.548 0.479 -1.143
-0.547 0.522 -1.097
-0.545 0.534 -1.069
-0.532 0.526 -1.052
-0.526 0.570 -0.993
-0.508 0.592 -0.969
-0.471 0.662 -0.923
-0.516 0.512 -1.070
-0.459 0.660 -0.939
-0.473 0.268 -1.421
-0.488 0.299 -1.379
-0.525 0.351 -1.313
-0.475 0.536 -1.047
-0.484 0.563 -1.005
-0.508 0.277 -1.423
-0.511 0.399 -1.232
-0.473 0.370 -1.273
-0.518 0.422 -1.194
-0.459 0.588 -0.999
-0.476 0.473 -1.099
-0.502 0.445 -1.151
-0.537 0.305 -1.386
-0.528 0.377 -1.274
-0.527 0.478 -1.115
-0.512 0.325 -1.346
-0.470 0.625 -0.961
0.051 0.317 -1.451
0.036 0.328 -1.403
0.035 0.353 -1.360
0.036 0.368 -1.338
0.037 0.382 -1.315
0.036 0.414 -1.264
0.033 0.453 -1.198
0.038 0.485 -1.149
0.035 0.505 -1.118
0.026 0.523 -1.097
0.026 0.545 -1.066
0.028 0.561 -1.042
0.032 0.576 -1.019
0.009 0.650 -0.952
-0.019 0.646 -0.937
-0.498 0.606 -0.951
-0.011 0.812 -0.858
-0.033 0.738 -0.828
0.040 0.723 -0.861
-0.047 0.835 -0.849
-0.153 0.845 -0.807
-0.089 0.798 -0.820
-0.065 0.771 -0.798
-0.040 0.762 -0.830
-0.000 0.733 -0.843
-0.045 0.805 -0.841
0.048 0.380 -1.534
0.050 0.406 -1.519
0.151 0.640 -1.075
0.071 0.820 -0.895
0.053 0.322 -1.493
0.065 0.457 -1.436
0.015 0.669 -0.911
0.048 0.368 -1.525
0.222 0.713 -0.934
0.044 0.684 -0.866
0.056 0.650 -0.912
0.085 0.536 -1.303
0.076 0.496 -1.370
0.124 0.608 -1.163
0.054 0.409 -1.452
0.057 0.425 -1.404
0.051 0.752 -0.869
0.067 0.487 -1.305
0.073 0.519 -1.262
0.059 0.452 -1.271
0.050 0.458 -1.209
0.062 0.533 -1.118
0.032 0.597 -0.990
0.139 0.651 -0.991
0.181 0.667 -0.968
0.133 0.712 -0.901
0.117 0.765 -0.899
0.034 0.791 -0.871
0.063 0.498 -1.220
0.058 0.420 -1.314
0.058 0.505 -1.162
0.078 0.576 -1.085
0.049 0.375 -1.479
0.062 0.452 -1.359
0.081 0.555 -1.184
0.114 0.631 -1.030
0.056 0.557 -1.055
0.096 0.567 -1.241
0.054 0.365 -1.404
0.073 0.589 -1.031
0.114 0.613 -1.098
0.037 0.623 -0.954
0.092 0.583 -1.140
0.077 0.682 -0.892
0.111 0.659 -0.947
0.057 0.396 -1.354
0.069 0.614 -0.975
-0.539 0.754 -0.953
-0.444 0.800 -0.929
-0.514 0.767 -0.952
-0.554 0.745 -0.953
-0.495 0.673 -0.871
-0.478 0.729 -0.843
-0.358 0.790 -0.810
-0.416 0.803 -0.869
-0.419 0.767 -0.828
-0.516 0.706 -0.865
-0.523 0.745 -0.870
-0.538 0.748 -0.922
-0.558 0.692 -0.891
-0.272 0.734 -0.869
-0.253 0.721 -0.899
-0.165 0.718 -0.882
-0.127 0.700 -0.866
-0.365 0.707 -0.834
-0.290 0.847 -0.823
-0.344 0.709 -0.852
-0.350 0.757 -0.781
-0.333 0.820 -0.823
-0.317 0.730 -0.831
-0.093 0.790 -0.809
-0.309 0.773 -0.803
-0.194 0.730 -0.886
-0.113 0.743 -0.806
-0.247 0.826 -0.780
-0.157 0.742 -0.839
-0.171 0.778 -0.821
-0.228 0.740 -0.884
-0.278 0.750 -0.825
-0.249 0.785 -0.806
-0.218 0.773 -0.852
-0.198 0.830 -0.793
-0.135 0.822 -0.808
-0.283 0.807 -0.809
-0.378 0.238 -1.398
-0.440 0.273 -1.395
-0.313 0.707 -0.882
-0.224 0.335 -1.446
-0.396 0.650 -0.888
-0.181 0.318 -1.481
-0.087 0.343 -1.434
-0.069 0.613 -0.941
-0.142 0.683 -0.903
-0.477 0.331 -1.319
-0.341 0.252 -1.404
-0.300 0.697 -0.910
-0.106 0.372 -1.378
-0.080 0.475 -1.214
-0.439 0.594 -0.985
-0.250 0.307 -1.466
-0.074 0.527 -1.126
-0.095 0.530 -1.074
-0.192 0.684 -0.934
-0.120 0.426 -1.260
-0.165 0.416 -1.305
-0.087 0.401 -1.318
-0.311 0.315 -1.450
-0.389 0.497 -1.053
-0.095 0.488 -1.164
-0.443 0.289 -1.372
-0.375 0.450 -1.116
-0.169 0.637 -0.978
-0.161 0.386 -1.360
-0.173 0.360 -1.410
-0.112 0.326 -1.478
-0.152 0.341 -1.451
-0.086 0.586 -0.978
-0.410 0.422 -1.154
-0.421 0.592 -0.949
-0.399 0.564 -0.975
-0.431 0.373 -1.241
-0.433 0.534 -1.007
-0.376 0.542 -1.014
-0.181 0.450 -1.268
-0.137 0.645 -0.944
-0.357 0.680 -0.890
-0.346 0.645 -0.960
-0.326 0.668 -0.941
-0.255 0.358 -1.417
-0.090 0.634 -0.903
-0.443 0.401 -1.207
-0.395 0.391 -1.194
-0.369 0.368 -1.226
-0.346 0.412 -1.207
-0.129 0.448 -1.222
-0.172 0.484 -1.205
-0.257 0.695 -0.931
-0.086 0.556 -1.032
-0.194 0.579 -1.067
-0.139 0.543 -1.082
-0.140 0.585 -1.017
-0.381 0.284 -1.337
-0.328 0.383 -1.328
-0.344 0.325 -1.308
-0.337 0.297 -1.365
-0.320 0.351 -1.385
-0.255 0.397 -1.363
-0.442 0.339 -1.294
-0.424 0.466 -1.090
-0.360 0.422 -1.164
-0.334 0.461 -1.209
-0.350 0.474 -1.129
-0.330 0.560 -1.087
-0.332 0.527 -1.128
-0.358 0.514 -1.071
-0.373 0.594 -0.964
-0.223 0.420 -1.325
-0.390 0.327 -1.281
-0.109 0.507 -1.112
-0.131 0.484 -1.160
-0.345 0.361 -1.266
-0.329 0.423 -1.274
-0.273 0.596 -1.067
-0.266 0.565 -1.112
-0.343 0.589 -1.036
-0.281 0.428 -1.305
-0.247 0.663 -0.969
-0.328 0.619 -1.012
-0.215 0.494 -1.205
-0.308 0.497 -1.189
-0.272 0.524 -1.171
-0.223 0.533 -1.153
-0.277 0.471 -1.243
-0.221 0.627 -1.008
-0.285 0.636 -1.007
-0.178 0.535 -1.130
-0.233 0.464 -1.256
-0.397 0.670 -0.880
-0.390 0.614 -0.926
