-0.423 0.033 -0.207
-0.427 0.072 -0.203
-0.421 0.112 -0.210
-0.425 0.148 -0.209
-0.421 0.171 -0.212
-0.428 0.235 -0.213
-0.406 0.256 -0.217
-0.435 0.413 -0.217
-0.432 0.515 -0.218
-0.349 0.511 -0.317
-0.329 0.378 -0.292
-0.328 0.029 -0.231
-0.326 0.248 -0.270
-0.363 0.664 -0.334
-0.417 0.667 -0.193
-0.414 0.674 -0.220
-0.320 0.086 -0.251
-0.338 0.439 -0.299
-0.357 0.504 -0.278
-0.422 0.556 -0.225
-0.412 0.068 -0.211
-0.392 0.671 -0.238
-0.325 0.169 -0.267
-0.351 0.200 -0.249
-0.327 0.307 -0.277
-0.385 0.401 -0.234
-0.366 0.590 -0.330
-0.367 0.587 -0.288
-0.376 0.679 -0.303
-0.422 0.614 -0.221
-0.362 0.080 -0.216
-0.340 0.131 -0.244
-0.379 0.201 -0.220
-0.378 0.145 -0.215
-0.370 0.274 -0.237
-0.349 0.353 -0.262
-0.356 0.419 -0.267
-0.384 0.553 -0.246
-0.388 0.314 -0.225
-0.392 0.480 -0.236
-0.375 0.639 -0.261
-0.047 0.669 -0.100
-0.056 0.635 -0.109
-0.064 0.600 -0.108
-0.073 0.552 -0.110
-0.087 0.479 -0.101
-0.085 0.385 -0.115
-0.084 0.243 -0.090
-0.082 0.161 -0.096
-0.049 0.018 -0.117
0.004 0.019 -0.149
-0.016 0.044 -0.133
0.002 0.069 -0.150
0.001 0.125 -0.157
-0.003 0.233 -0.161
-0.003 0.290 -0.166
-0.010 0.370 -0.163
-0.012 0.475 -0.173
-0.052 0.586 -0.161
-0.075 0.446 -0.131
-0.060 0.614 -0.154
-0.040 0.428 -0.155
-0.085 0.035 -0.104
-0.036 0.081 -0.130
-0.083 0.125 -0.099
-0.049 0.254 -0.144
-0.038 0.290 -0.151
-0.051 0.396 -0.149
-0.049 0.345 -0.147
-0.051 0.493 -0.155
-0.081 0.500 -0.121
-0.071 0.546 -0.139
-0.072 0.089 -0.118
-0.059 0.198 -0.133
-0.017 0.198 -0.147
-0.047 0.133 -0.134
-0.071 0.281 -0.110
-0.365 0.671 -0.153
-0.383 0.640 -0.136
-0.389 0.617 -0.139
-0.420 0.522 -0.134
-0.448 0.465 -0.137
-0.447 0.383 -0.130
-0.445 0.337 -0.124
-0.435 0.143 -0.081
-0.435 0.119 -0.092
-0.427 0.093 -0.204
-0.430 0.194 -0.211
-0.420 0.216 -0.215
-0.431 0.268 -0.212
-0.428 0.298 -0.216
-0.428 0.320 -0.216
-0.433 0.340 -0.216
-0.435 0.359 -0.215
-0.432 0.379 -0.216
-0.421 0.442 -0.223
-0.426 0.472 -0.222
-0.441 0.484 -0.209
-0.434 0.558 -0.209
-0.430 0.592 -0.193
-0.387 0.670 -0.171
-0.441 0.462 -0.190
-0.377 0.656 -0.162
-0.430 0.040 -0.104
-0.434 0.090 -0.124
-0.439 0.169 -0.171
-0.425 0.498 -0.155
-0.429 0.546 -0.167
-0.431 0.040 -0.140
-0.445 0.265 -0.166
-0.442 0.219 -0.124
-0.446 0.308 -0.177
-0.404 0.566 -0.150
-0.450 0.420 -0.143
-0.448 0.359 -0.165
-0.433 0.082 -0.173
-0.441 0.216 -0.178
-0.445 0.405 -0.196
-0.437 0.129 -0.153
-0.396 0.617 -0.166
0.001 0.050 -0.175
0.003 0.098 -0.156
0.001 0.147 -0.156
-0.000 0.173 -0.159
-0.001 0.200 -0.161
-0.003 0.261 -0.163
-0.007 0.338 -0.164
-0.007 0.395 -0.172
-0.010 0.433 -0.171
-0.019 0.460 -0.166
-0.022 0.498 -0.168
-0.022 0.526 -0.170
-0.021 0.554 -0.174
-0.055 0.650 -0.160
-0.052 0.659 -0.130
-0.425 0.615 -0.186
-0.123 0.814 -0.234
-0.052 0.824 -0.188
-0.052 0.768 -0.218
-0.144 0.823 -0.223
-0.157 0.847 -0.186
-0.112 0.836 -0.179
-0.073 0.833 -0.162
-0.072 0.826 -0.195
-0.047 0.801 -0.204
-0.114 0.824 -0.210
-0.080 0.005 -0.224
-0.093 0.031 -0.233
-0.084 0.538 -0.304
-0.140 0.786 -0.279
-0.017 0.015 -0.190
-0.095 0.128 -0.244
-0.047 0.697 -0.162
-0.067 0.008 -0.216
-0.105 0.712 -0.316
-0.032 0.743 -0.197
-0.023 0.684 -0.198
-0.096 0.284 -0.261
-0.095 0.206 -0.253
-0.092 0.443 -0.287
-0.068 0.092 -0.219
-0.060 0.142 -0.216
-0.075 0.776 -0.241
-0.065 0.258 -0.228
-0.070 0.311 -0.237
-0.025 0.273 -0.201
-0.007 0.330 -0.183
-0.023 0.446 -0.205
-0.025 0.590 -0.175
-0.064 0.617 -0.282
-0.071 0.650 -0.319
-0.067 0.722 -0.273
-0.108 0.755 -0.280
-0.107 0.794 -0.249
-0.038 0.339 -0.213
-0.019 0.219 -0.196
-0.020 0.393 -0.200
-0.041 0.495 -0.227
-0.053 0.052 -0.209
-0.062 0.194 -0.222
-0.065 0.398 -0.240
-0.061 0.571 -0.261
-0.016 0.512 -0.197
-0.094 0.353 -0.267
-0.014 0.114 -0.190
-0.028 0.550 -0.218
-0.073 0.502 -0.269
-0.026 0.634 -0.181
-0.067 0.450 -0.249
-0.039 0.715 -0.224
-0.049 0.657 -0.252
-0.017 0.172 -0.193
-0.023 0.611 -0.212
-0.305 0.730 -0.310
-0.280 0.783 -0.276
-0.295 0.743 -0.304
-0.312 0.722 -0.314
-0.410 0.721 -0.199
-0.392 0.775 -0.225
-0.343 0.832 -0.184
-0.319 0.806 -0.246
-0.369 0.814 -0.221
-0.392 0.735 -0.231
-0.371 0.750 -0.261
-0.332 0.735 -0.291
-0.380 0.702 -0.249
-0.276 0.767 -0.092
-0.254 0.736 -0.089
-0.161 0.747 -0.086
-0.116 0.748 -0.086
-0.376 0.769 -0.113
-0.286 0.848 -0.202
-0.351 0.759 -0.108
-0.368 0.828 -0.147
-0.313 0.839 -0.198
-0.329 0.791 -0.108
-0.105 0.832 -0.163
-0.316 0.829 -0.140
-0.193 0.752 -0.089
-0.100 0.815 -0.116
-0.249 0.879 -0.158
-0.149 0.794 -0.097
-0.166 0.825 -0.120
-0.229 0.760 -0.092
-0.289 0.811 -0.108
-0.257 0.844 -0.125
-0.218 0.803 -0.107
-0.197 0.870 -0.154
-0.141 0.844 -0.171
-0.281 0.841 -0.159
-0.424 0.053 -0.003
-0.431 0.067 -0.072
-0.316 0.738 -0.097
-0.227 0.065 -0.028
-0.406 0.697 -0.103
-0.188 0.026 -0.043
-0.102 0.078 -0.083
-0.060 0.637 -0.074
-0.136 0.709 -0.078
-0.439 0.158 -0.119
-0.390 0.059 0.017
-0.300 0.710 -0.090
-0.115 0.141 -0.068
-0.098 0.335 -0.089
-0.402 0.583 -0.131
-0.255 0.032 -0.024
-0.092 0.437 -0.092
-0.088 0.481 -0.059
-0.190 0.686 -0.081
-0.117 0.270 -0.049
-0.163 0.227 -0.035
-0.097 0.207 -0.076
-0.315 0.052 -0.021
-0.418 0.478 -0.067
-0.098 0.383 -0.068
-0.433 0.095 -0.078
-0.411 0.402 -0.049
-0.165 0.622 -0.071
-0.161 0.164 -0.039
-0.176 0.107 -0.038
-0.126 0.031 -0.073
-0.159 0.062 -0.052
-0.075 0.592 -0.060
-0.434 0.352 -0.071
-0.420 0.613 -0.113
-0.418 0.578 -0.087
-0.438 0.251 -0.082
-0.437 0.533 -0.111
-0.400 0.536 -0.067
-0.181 0.276 -0.033
-0.131 0.655 -0.067
-0.361 0.712 -0.103
-0.344 0.637 -0.095
-0.323 0.666 -0.094
-0.256 0.103 -0.023
-0.073 0.681 -0.061
-0.441 0.293 -0.099
-0.426 0.304 -0.052
-0.411 0.268 -0.026
-0.377 0.308 -0.030
-0.123 0.314 -0.043
-0.170 0.348 -0.040
-0.256 0.694 -0.083
-0.079 0.530 -0.064
-0.190 0.515 -0.062
-0.133 0.483 -0.048
-0.133 0.560 -0.056
-0.424 0.128 -0.016
-0.334 0.190 -0.037
-0.387 0.177 -0.003
-0.375 0.115 0.003
-0.325 0.125 -0.030
-0.255 0.169 -0.026
-0.438 0.187 -0.086
-0.438 0.428 -0.092
-0.398 0.348 -0.035
-0.339 0.330 -0.055
-0.374 0.405 -0.048
-0.328 0.486 -0.077
-0.332 0.434 -0.071
-0.380 0.474 -0.058
-0.388 0.606 -0.077
-0.223 0.213 -0.031
-0.426 0.197 -0.033
-0.101 0.438 -0.050
-0.123 0.386 -0.041
-0.383 0.231 -0.014
-0.333 0.256 -0.046
-0.271 0.525 -0.062
-0.265 0.470 -0.056
-0.342 0.544 -0.084
-0.281 0.234 -0.032
-0.245 0.645 -0.078
-0.324 0.581 -0.086
-0.215 0.354 -0.043
-0.308 0.367 -0.056
-0.272 0.399 -0.048
-0.222 0.419 -0.051
-0.277 0.309 -0.038
-0.217 0.591 -0.072
-0.282 0.597 -0.073
-0.176 0.438 -0.051
-0.233 0.294 -0.036
-0.401 0.713 -0.115
-0.406 0.647 -0.090
