-0.573 0.283 -1.436
-0.566 0.303 -1.402
-0.567 0.332 -1.373
-0.564 0.348 -1.342
-0.564 0.366 -1.326
-0.558 0.397 -1.269
-0.558 0.427 -1.265
-0.546 0.492 -1.120
-0.537 0.549 -1.037
-0.640 0.609 -1.081
-0.615 0.566 -1.206
-0.589 0.361 -1.494
-0.604 0.494 -1.316
-0.689 0.666 -0.963
-0.503 0.643 -0.923
-0.527 0.652 -0.916
-0.603 0.403 -1.452
-0.622 0.589 -1.149
-0.601 0.605 -1.083
-0.543 0.579 -1.007
-0.572 0.314 -1.414
-0.553 0.663 -0.923
-0.609 0.450 -1.381
-0.591 0.443 -1.341
-0.605 0.527 -1.267
-0.558 0.528 -1.158
-0.660 0.615 -1.005
-0.617 0.624 -1.002
-0.639 0.684 -0.930
-0.535 0.612 -0.960
-0.572 0.361 -1.434
-0.592 0.412 -1.404
-0.564 0.418 -1.325
-0.565 0.385 -1.371
-0.572 0.469 -1.271
-0.587 0.534 -1.218
-0.588 0.565 -1.158
-0.569 0.606 -1.028
-0.558 0.476 -1.228
-0.557 0.566 -1.088
-0.591 0.652 -0.953
-0.045 0.641 -0.928
-0.041 0.630 -0.963
-0.044 0.611 -0.993
-0.047 0.588 -1.036
-0.063 0.550 -1.099
-0.052 0.505 -1.182
-0.069 0.420 -1.296
-0.063 0.377 -1.367
-0.027 0.297 -1.485
0.032 0.279 -1.475
0.007 0.297 -1.455
0.031 0.306 -1.432
0.035 0.337 -1.385
0.035 0.395 -1.293
0.037 0.425 -1.245
0.029 0.468 -1.178
0.035 0.526 -1.090
0.009 0.611 -1.012
-0.032 0.540 -1.131
-0.000 0.631 -0.992
0.007 0.516 -1.139
-0.061 0.322 -1.480
-0.008 0.328 -1.430
-0.062 0.362 -1.399
-0.005 0.430 -1.290
0.007 0.444 -1.256
-0.003 0.504 -1.169
-0.004 0.477 -1.212
0.002 0.558 -1.088
-0.043 0.569 -1.086
-0.021 0.596 -1.049
-0.041 0.347 -1.432
-0.020 0.403 -1.339
0.016 0.381 -1.326
-0.012 0.363 -1.390
-0.045 0.442 -1.265
-0.447 0.675 -0.941
-0.436 0.641 -0.956
-0.442 0.624 -0.972
-0.452 0.546 -1.035
-0.465 0.494 -1.068
-0.464 0.450 -1.138
-0.462 0.425 -1.177
-0.440 0.311 -1.336
-0.453 0.300 -1.358
-0.565 0.315 -1.386
-0.561 0.372 -1.301
-0.561 0.393 -1.289
-0.555 0.413 -1.241
-0.555 0.433 -1.219
-0.553 0.445 -1.200
-0.552 0.453 -1.181
-0.549 0.461 -1.164
-0.548 0.475 -1.150
-0.547 0.519 -1.104
-0.545 0.531 -1.076
-0.532 0.524 -1.059
-0.526 0.569 -1.001
-0.508 0.591 -0.977
-0.471 0.661 -0.932
-0.516 0.509 -1.077
-0.459 0.660 -0.948
-0.472 0.261 -1.424
-0.487 0.293 -1.383
-0.525 0.345 -1.318
-0.475 0.535 -1.054
-0.484 0.562 -1.013
-0.508 0.270 -1.426
-0.511 0.394 -1.237
-0.473 0.365 -1.278
-0.518 0.418 -1.200
-0.459 0.587 -1.007
-0.475 0.471 -1.106
-0.501 0.442 -1.157
-0.536 0.298 -1.390
-0.527 0.372 -1.279
-0.527 0.475 -1.121
-0.512 0.319 -1.350
-0.470 0.624 -0.970
0.050 0.310 -1.456
0.036 0.322 -1.408
0.034 0.347 -1.365
0.036 0.363 -1.344
0.037 0.377 -1.321
0.036 0.409 -1.270
0.033 0.450 -1.204
0.038 0.482 -1.156
0.035 0.502 -1.125
0.026 0.521 -1.104
0.026 0.543 -1.074
0.029 0.559 -1.050
0.032 0.574 -1.027
0.009 0.649 -0.961
-0.019 0.645 -0.945
-0.499 0.606 -0.959
-0.011 0.812 -0.869
-0.032 0.738 -0.837
0.040 0.723 -0.871
-0.047 0.835 -0.860
-0.153 0.845 -0.817
-0.089 0.798 -0.830
-0.065 0.772 -0.807
-0.040 0.762 -0.839
-0.000 0.734 -0.852
-0.045 0.805 -0.851
0.049 0.372 -1.540
0.051 0.398 -1.524
0.152 0.638 -1.083
0.071 0.820 -0.906
0.053 0.315 -1.497
0.065 0.450 -1.443
0.015 0.669 -0.920
0.048 0.360 -1.531
0.222 0.713 -0.944
0.044 0.684 -0.875
0.056 0.650 -0.920
0.086 0.531 -1.310
0.077 0.490 -1.377
0.124 0.605 -1.171
0.054 0.402 -1.458
0.057 0.419 -1.410
0.051 0.752 -0.879
0.068 0.482 -1.312
0.073 0.515 -1.270
0.059 0.448 -1.277
0.049 0.454 -1.215
0.062 0.530 -1.125
0.032 0.596 -0.998
0.139 0.650 -1.000
0.181 0.666 -0.977
0.133 0.712 -0.910
0.117 0.765 -0.910
0.034 0.791 -0.881
0.063 0.495 -1.227
0.058 0.415 -1.320
0.058 0.502 -1.169
0.078 0.574 -1.093
0.049 0.368 -1.484
0.063 0.447 -1.366
0.082 0.552 -1.192
0.114 0.629 -1.039
0.056 0.555 -1.063
0.097 0.563 -1.249
0.054 0.359 -1.409
0.073 0.587 -1.039
0.114 0.610 -1.106
0.038 0.622 -0.963
0.092 0.580 -1.148
0.077 0.682 -0.901
0.111 0.658 -0.956
0.057 0.390 -1.360
0.069 0.613 -0.984
-0.539 0.753 -0.963
-0.444 0.799 -0.939
-0.514 0.767 -0.962
-0.554 0.745 -0.963
-0.496 0.673 -0.881
-0.478 0.729 -0.852
-0.358 0.790 -0.820
-0.416 0.803 -0.879
-0.420 0.767 -0.838
-0.516 0.706 -0.875
-0.523 0.745 -0.880
-0.538 0.747 -0.932
-0.558 0.692 -0.900
-0.272 0.734 -0.878
-0.253 0.720 -0.908
-0.165 0.717 -0.891
-0.126 0.700 -0.874
-0.365 0.708 -0.843
-0.290 0.847 -0.833
-0.344 0.709 -0.861
-0.350 0.758 -0.790
-0.333 0.820 -0.832
-0.318 0.730 -0.840
-0.093 0.790 -0.818
-0.309 0.773 -0.813
-0.194 0.729 -0.894
-0.112 0.743 -0.815
-0.247 0.827 -0.790
-0.157 0.741 -0.848
-0.171 0.778 -0.830
-0.228 0.739 -0.892
-0.278 0.750 -0.833
-0.250 0.785 -0.815
-0.217 0.772 -0.861
-0.198 0.830 -0.802
-0.135 0.822 -0.818
-0.283 0.807 -0.819
-0.377 0.232 -1.402
-0.439 0.266 -1.399
-0.313 0.707 -0.890
-0.224 0.330 -1.452
-0.396 0.649 -0.896
-0.182 0.312 -1.486
-0.087 0.338 -1.439
-0.068 0.613 -0.949
-0.142 0.682 -0.911
-0.476 0.325 -1.324
-0.340 0.246 -1.408
-0.300 0.696 -0.918
-0.106 0.367 -1.384
-0.080 0.472 -1.221
-0.439 0.593 -0.993
-0.250 0.302 -1.471
-0.074 0.525 -1.133
-0.095 0.528 -1.082
-0.192 0.683 -0.943
-0.120 0.423 -1.267
-0.165 0.413 -1.312
-0.087 0.397 -1.324
-0.311 0.309 -1.455
-0.388 0.495 -1.060
-0.095 0.485 -1.172
-0.442 0.283 -1.377
-0.375 0.448 -1.122
-0.169 0.636 -0.986
-0.161 0.381 -1.366
-0.174 0.355 -1.416
-0.112 0.320 -1.483
-0.152 0.335 -1.456
-0.086 0.585 -0.986
-0.410 0.419 -1.160
-0.421 0.591 -0.957
-0.399 0.563 -0.983
-0.430 0.368 -1.247
-0.433 0.533 -1.014
-0.376 0.540 -1.021
-0.181 0.446 -1.275
-0.137 0.644 -0.952
-0.358 0.679 -0.899
-0.346 0.644 -0.969
-0.326 0.667 -0.949
-0.255 0.353 -1.423
-0.089 0.634 -0.911
-0.442 0.397 -1.213
-0.394 0.388 -1.199
-0.368 0.365 -1.231
-0.346 0.409 -1.213
-0.129 0.445 -1.229
-0.171 0.481 -1.212
-0.257 0.694 -0.939
-0.086 0.555 -1.040
-0.194 0.577 -1.074
-0.139 0.541 -1.090
-0.140 0.583 -1.025
-0.380 0.279 -1.342
-0.328 0.379 -1.334
-0.343 0.320 -1.313
-0.337 0.292 -1.370
-0.319 0.347 -1.391
-0.255 0.393 -1.370
-0.442 0.334 -1.299
-0.424 0.464 -1.097
-0.360 0.419 -1.170
-0.334 0.458 -1.216
-0.350 0.471 -1.135
-0.330 0.558 -1.094
-0.332 0.524 -1.135
-0.358 0.512 -1.078
-0.373 0.593 -0.972
-0.223 0.417 -1.331
-0.389 0.322 -1.286
-0.109 0.505 -1.120
-0.131 0.482 -1.167
-0.344 0.357 -1.271
-0.329 0.419 -1.280
-0.273 0.594 -1.075
-0.266 0.563 -1.120
-0.343 0.588 -1.044
-0.281 0.424 -1.312
-0.247 0.662 -0.977
-0.328 0.617 -1.020
-0.215 0.492 -1.212
-0.308 0.494 -1.196
-0.272 0.521 -1.178
-0.223 0.531 -1.160
-0.277 0.468 -1.250
-0.221 0.625 -1.016
-0.285 0.635 -1.015
-0.177 0.533 -1.137
-0.233 0.460 -1.263
-0.397 0.670 -0.889
-0.390 0.614 -0.934
