-0.572 0.275 -1.439
-0.565 0.295 -1.405
-0.566 0.324 -1.377
-0.563 0.341 -1.346
-0.564 0.359 -1.330
-0.558 0.391 -1.274
-0.558 0.421 -1.270
-0.546 0.488 -1.126
-0.537 0.547 -1.044
-0.640 0.606 -1.090
-0.615 0.561 -1.214
-0.588 0.351 -1.498
-0.603 0.487 -1.322
-0.689 0.666 -0.973
-0.503 0.642 -0.932
-0.528 0.652 -0.925
-0.602 0.394 -1.457
-0.621 0.585 -1.157
-0.600 0.603 -1.092
-0.543 0.577 -1.015
-0.571 0.305 -1.418
-0.554 0.663 -0.932
-0.609 0.442 -1.387
-0.590 0.436 -1.347
-0.604 0.522 -1.274
-0.557 0.524 -1.165
-0.660 0.614 -1.014
-0.617 0.623 -1.010
-0.639 0.684 -0.940
-0.535 0.611 -0.968
-0.571 0.352 -1.438
-0.591 0.403 -1.409
-0.564 0.411 -1.330
-0.565 0.378 -1.376
-0.571 0.463 -1.277
-0.587 0.529 -1.225
-0.588 0.561 -1.166
-0.569 0.605 -1.036
-0.557 0.471 -1.234
-0.557 0.563 -1.096
-0.591 0.651 -0.962
-0.044 0.640 -0.936
-0.040 0.629 -0.970
-0.044 0.610 -1.000
-0.047 0.586 -1.043
-0.063 0.548 -1.106
-0.052 0.501 -1.188
-0.069 0.415 -1.302
-0.063 0.371 -1.371
-0.027 0.289 -1.489
0.031 0.271 -1.478
0.006 0.290 -1.459
0.031 0.299 -1.435
0.035 0.330 -1.389
0.035 0.389 -1.298
0.037 0.420 -1.250
0.029 0.464 -1.184
0.035 0.524 -1.097
0.009 0.609 -1.020
-0.032 0.537 -1.138
0.000 0.629 -1.000
0.007 0.513 -1.145
-0.061 0.314 -1.484
-0.008 0.320 -1.434
-0.062 0.356 -1.404
-0.005 0.425 -1.296
0.007 0.440 -1.262
-0.003 0.501 -1.176
-0.004 0.473 -1.218
0.002 0.555 -1.095
-0.043 0.567 -1.094
-0.021 0.594 -1.056
-0.041 0.340 -1.437
-0.020 0.397 -1.344
0.016 0.375 -1.331
-0.012 0.356 -1.395
-0.045 0.437 -1.271
-0.447 0.674 -0.949
-0.436 0.640 -0.964
-0.442 0.623 -0.980
-0.452 0.544 -1.042
-0.465 0.492 -1.074
-0.464 0.447 -1.143
-0.462 0.421 -1.182
-0.439 0.304 -1.340
-0.452 0.293 -1.361
-0.564 0.307 -1.389
-0.561 0.365 -1.305
-0.561 0.387 -1.294
-0.554 0.408 -1.246
-0.555 0.428 -1.224
-0.553 0.440 -1.206
-0.551 0.448 -1.186
-0.549 0.456 -1.170
-0.548 0.472 -1.156
-0.547 0.516 -1.111
-0.545 0.529 -1.083
-0.532 0.522 -1.066
-0.526 0.568 -1.009
-0.508 0.590 -0.985
-0.471 0.661 -0.941
-0.515 0.507 -1.083
-0.459 0.659 -0.956
-0.471 0.253 -1.427
-0.486 0.285 -1.386
-0.524 0.338 -1.322
-0.475 0.532 -1.061
-0.484 0.560 -1.020
-0.507 0.261 -1.429
-0.510 0.389 -1.242
-0.472 0.359 -1.282
-0.517 0.413 -1.205
-0.459 0.586 -1.015
-0.475 0.468 -1.111
-0.501 0.438 -1.162
-0.535 0.290 -1.393
-0.527 0.366 -1.283
-0.527 0.472 -1.127
-0.511 0.311 -1.354
-0.471 0.623 -0.978
0.050 0.302 -1.459
0.035 0.315 -1.412
0.034 0.341 -1.369
0.036 0.357 -1.348
0.036 0.371 -1.326
0.036 0.404 -1.275
0.033 0.446 -1.210
0.038 0.478 -1.162
0.035 0.499 -1.131
0.026 0.518 -1.111
0.026 0.541 -1.081
0.029 0.557 -1.057
0.032 0.572 -1.034
0.009 0.648 -0.969
-0.018 0.644 -0.953
-0.499 0.605 -0.967
-0.011 0.812 -0.879
-0.032 0.739 -0.846
0.040 0.723 -0.880
-0.047 0.834 -0.870
-0.153 0.845 -0.827
-0.088 0.798 -0.840
-0.064 0.772 -0.817
-0.040 0.762 -0.849
0.000 0.734 -0.861
-0.045 0.806 -0.861
0.049 0.363 -1.544
0.051 0.389 -1.529
0.152 0.636 -1.092
0.070 0.820 -0.916
0.053 0.306 -1.501
0.066 0.442 -1.448
0.015 0.668 -0.928
0.049 0.351 -1.535
0.222 0.713 -0.954
0.045 0.684 -0.883
0.056 0.649 -0.929
0.086 0.525 -1.317
0.077 0.483 -1.383
0.124 0.601 -1.179
0.054 0.394 -1.463
0.057 0.411 -1.415
0.052 0.752 -0.888
0.068 0.476 -1.318
0.073 0.509 -1.276
0.059 0.442 -1.282
0.049 0.450 -1.221
0.062 0.527 -1.132
0.032 0.595 -1.006
0.140 0.649 -1.008
0.181 0.666 -0.986
0.133 0.712 -0.920
0.117 0.765 -0.920
0.034 0.791 -0.891
0.063 0.490 -1.233
0.058 0.409 -1.325
0.058 0.498 -1.175
0.078 0.572 -1.101
0.050 0.359 -1.489
0.063 0.440 -1.371
0.082 0.548 -1.199
0.114 0.627 -1.047
0.056 0.553 -1.070
0.097 0.558 -1.256
0.054 0.352 -1.413
0.073 0.586 -1.046
0.115 0.608 -1.115
0.038 0.621 -0.971
0.092 0.576 -1.156
0.078 0.682 -0.910
0.112 0.658 -0.964
0.057 0.384 -1.365
0.069 0.612 -0.992
-0.539 0.753 -0.974
-0.444 0.799 -0.949
-0.513 0.766 -0.972
-0.554 0.745 -0.973
-0.496 0.673 -0.890
-0.478 0.730 -0.862
-0.358 0.790 -0.829
-0.416 0.803 -0.889
-0.420 0.768 -0.847
-0.517 0.706 -0.884
-0.523 0.745 -0.891
-0.537 0.747 -0.942
-0.558 0.692 -0.910
-0.272 0.733 -0.886
-0.253 0.719 -0.916
-0.164 0.716 -0.899
-0.126 0.699 -0.882
-0.365 0.708 -0.851
-0.290 0.847 -0.843
-0.344 0.709 -0.870
-0.351 0.759 -0.799
-0.333 0.820 -0.842
-0.318 0.730 -0.849
-0.093 0.790 -0.828
-0.309 0.773 -0.822
-0.193 0.728 -0.902
-0.112 0.743 -0.824
-0.247 0.827 -0.799
-0.157 0.741 -0.856
-0.170 0.778 -0.838
-0.228 0.738 -0.900
-0.278 0.750 -0.842
-0.250 0.785 -0.824
-0.217 0.771 -0.869
-0.198 0.830 -0.812
-0.135 0.822 -0.828
-0.283 0.807 -0.828
-0.376 0.225 -1.404
-0.438 0.259 -1.402
-0.313 0.706 -0.898
-0.224 0.323 -1.456
-0.397 0.649 -0.904
-0.182 0.305 -1.490
-0.088 0.331 -1.443
-0.068 0.611 -0.956
-0.142 0.681 -0.919
-0.475 0.319 -1.328
-0.339 0.240 -1.410
-0.299 0.695 -0.926
-0.106 0.361 -1.389
-0.080 0.468 -1.227
-0.439 0.592 -1.001
-0.250 0.294 -1.475
-0.074 0.522 -1.140
-0.095 0.526 -1.089
-0.192 0.682 -0.950
-0.120 0.418 -1.272
-0.165 0.408 -1.317
-0.087 0.391 -1.329
-0.311 0.302 -1.459
-0.388 0.493 -1.066
-0.095 0.482 -1.178
-0.441 0.276 -1.380
-0.375 0.445 -1.127
-0.169 0.634 -0.993
-0.161 0.376 -1.371
-0.174 0.349 -1.420
-0.112 0.313 -1.487
-0.152 0.328 -1.461
-0.086 0.583 -0.993
-0.409 0.415 -1.165
-0.421 0.590 -0.964
-0.399 0.561 -0.990
-0.430 0.363 -1.251
-0.433 0.531 -1.021
-0.376 0.539 -1.028
-0.181 0.442 -1.281
-0.137 0.643 -0.959
-0.358 0.679 -0.907
-0.346 0.643 -0.976
-0.325 0.666 -0.957
-0.255 0.347 -1.427
-0.089 0.633 -0.919
-0.442 0.393 -1.218
-0.394 0.384 -1.204
-0.367 0.360 -1.235
-0.345 0.404 -1.217
-0.129 0.441 -1.235
-0.171 0.478 -1.218
-0.257 0.692 -0.947
-0.086 0.553 -1.047
-0.193 0.574 -1.081
-0.139 0.538 -1.096
-0.140 0.581 -1.032
-0.379 0.272 -1.345
-0.327 0.373 -1.339
-0.342 0.315 -1.317
-0.336 0.286 -1.373
-0.319 0.340 -1.395
-0.255 0.387 -1.375
-0.441 0.328 -1.303
-0.423 0.461 -1.103
-0.360 0.415 -1.175
-0.334 0.454 -1.221
-0.349 0.468 -1.141
-0.330 0.555 -1.101
-0.332 0.521 -1.142
-0.358 0.510 -1.084
-0.373 0.592 -0.979
-0.223 0.411 -1.336
-0.388 0.317 -1.290
-0.109 0.502 -1.126
-0.131 0.478 -1.174
-0.344 0.352 -1.276
-0.329 0.414 -1.285
-0.273 0.592 -1.082
-0.266 0.560 -1.127
-0.343 0.586 -1.051
-0.281 0.419 -1.317
-0.247 0.661 -0.985
-0.328 0.615 -1.028
-0.215 0.488 -1.219
-0.308 0.490 -1.202
-0.272 0.518 -1.185
-0.223 0.528 -1.167
-0.277 0.464 -1.256
-0.220 0.623 -1.023
-0.284 0.633 -1.022
-0.177 0.530 -1.144
-0.233 0.456 -1.269
-0.397 0.670 -0.897
-0.390 0.613 -0.942
