-0.570 0.265 -1.441
-0.563 0.286 -1.407
-0.565 0.316 -1.379
-0.562 0.333 -1.349
-0.563 0.351 -1.333
-0.557 0.385 -1.278
-0.557 0.415 -1.275
-0.545 0.485 -1.132
-0.537 0.545 -1.051
-0.639 0.604 -1.098
-0.614 0.556 -1.221
-0.586 0.341 -1.501
-0.602 0.480 -1.328
-0.689 0.666 -0.983
-0.504 0.642 -0.940
-0.528 0.652 -0.933
-0.600 0.384 -1.461
-0.620 0.581 -1.165
-0.600 0.600 -1.100
-0.543 0.575 -1.022
-0.570 0.296 -1.420
-0.554 0.663 -0.941
-0.607 0.434 -1.392
-0.589 0.429 -1.352
-0.603 0.515 -1.281
-0.557 0.520 -1.171
-0.660 0.613 -1.023
-0.617 0.622 -1.019
-0.639 0.684 -0.950
-0.536 0.610 -0.976
-0.570 0.343 -1.441
-0.590 0.395 -1.413
-0.563 0.404 -1.334
-0.563 0.369 -1.380
-0.570 0.457 -1.283
-0.586 0.524 -1.231
-0.587 0.557 -1.173
-0.569 0.603 -1.044
-0.557 0.465 -1.240
-0.556 0.560 -1.103
-0.591 0.651 -0.971
-0.044 0.639 -0.943
-0.040 0.627 -0.978
-0.044 0.608 -1.008
-0.046 0.584 -1.050
-0.063 0.544 -1.112
-0.051 0.497 -1.194
-0.069 0.409 -1.306
-0.063 0.364 -1.375
-0.027 0.280 -1.491
0.031 0.262 -1.480
0.006 0.281 -1.461
0.030 0.290 -1.438
0.035 0.322 -1.392
0.035 0.383 -1.302
0.037 0.415 -1.254
0.029 0.460 -1.189
0.035 0.521 -1.103
0.009 0.607 -1.027
-0.032 0.533 -1.144
0.000 0.628 -1.007
0.007 0.509 -1.151
-0.061 0.305 -1.487
-0.008 0.312 -1.437
-0.062 0.348 -1.407
-0.005 0.419 -1.300
0.007 0.434 -1.267
-0.003 0.497 -1.181
-0.004 0.468 -1.223
0.002 0.552 -1.102
-0.043 0.564 -1.100
-0.021 0.592 -1.063
-0.041 0.332 -1.440
-0.020 0.390 -1.348
0.016 0.368 -1.335
-0.012 0.349 -1.398
-0.045 0.432 -1.275
-0.447 0.673 -0.958
-0.436 0.639 -0.972
-0.442 0.622 -0.987
-0.452 0.542 -1.048
-0.465 0.489 -1.080
-0.464 0.443 -1.148
-0.462 0.417 -1.186
-0.438 0.296 -1.342
-0.451 0.285 -1.363
-0.563 0.299 -1.391
-0.560 0.358 -1.309
-0.560 0.380 -1.298
-0.554 0.402 -1.250
-0.554 0.422 -1.228
-0.552 0.435 -1.210
-0.551 0.444 -1.191
-0.548 0.452 -1.175
-0.547 0.467 -1.161
-0.547 0.513 -1.117
-0.544 0.526 -1.090
-0.532 0.519 -1.072
-0.526 0.566 -1.016
-0.509 0.589 -0.992
-0.471 0.660 -0.949
-0.515 0.504 -1.089
-0.459 0.658 -0.964
-0.470 0.243 -1.428
-0.485 0.277 -1.388
-0.523 0.331 -1.324
-0.475 0.530 -1.067
-0.485 0.558 -1.027
-0.505 0.252 -1.430
-0.510 0.383 -1.246
-0.471 0.353 -1.285
-0.517 0.408 -1.209
-0.459 0.584 -1.022
-0.475 0.464 -1.116
-0.501 0.433 -1.167
-0.534 0.281 -1.395
-0.526 0.359 -1.286
-0.527 0.468 -1.133
-0.510 0.304 -1.356
-0.471 0.622 -0.986
0.050 0.293 -1.462
0.035 0.307 -1.414
0.034 0.333 -1.372
0.036 0.350 -1.351
0.036 0.365 -1.329
0.036 0.399 -1.279
0.033 0.441 -1.214
0.038 0.474 -1.168
0.036 0.496 -1.137
0.026 0.515 -1.117
0.026 0.538 -1.087
0.029 0.555 -1.064
0.032 0.570 -1.041
0.010 0.647 -0.977
-0.018 0.643 -0.961
-0.499 0.604 -0.975
-0.011 0.812 -0.889
-0.031 0.739 -0.855
0.041 0.723 -0.889
-0.048 0.834 -0.880
-0.153 0.845 -0.837
-0.088 0.799 -0.850
-0.064 0.773 -0.826
-0.039 0.762 -0.858
0.001 0.734 -0.870
-0.045 0.806 -0.871
0.049 0.353 -1.547
0.051 0.380 -1.533
0.152 0.633 -1.100
0.070 0.820 -0.927
0.053 0.297 -1.504
0.066 0.434 -1.453
0.015 0.668 -0.936
0.048 0.341 -1.538
0.222 0.713 -0.964
0.045 0.685 -0.892
0.057 0.649 -0.937
0.086 0.519 -1.323
0.077 0.476 -1.388
0.124 0.597 -1.187
0.054 0.385 -1.467
0.057 0.403 -1.419
0.052 0.752 -0.898
0.068 0.470 -1.323
0.073 0.504 -1.282
0.059 0.437 -1.287
0.050 0.445 -1.226
0.062 0.524 -1.138
0.033 0.593 -1.013
0.140 0.648 -1.017
0.182 0.665 -0.994
0.133 0.712 -0.929
0.117 0.765 -0.930
0.034 0.791 -0.901
0.063 0.485 -1.239
0.058 0.403 -1.329
0.058 0.494 -1.181
0.078 0.569 -1.108
0.049 0.350 -1.492
0.063 0.433 -1.376
0.082 0.543 -1.205
0.114 0.625 -1.055
0.057 0.550 -1.077
0.097 0.552 -1.263
0.054 0.344 -1.417
0.074 0.583 -1.053
0.114 0.605 -1.122
0.038 0.620 -0.978
0.092 0.573 -1.163
0.078 0.682 -0.919
0.112 0.657 -0.973
0.057 0.377 -1.369
0.070 0.611 -0.999
-0.538 0.752 -0.984
-0.443 0.798 -0.959
-0.513 0.765 -0.983
-0.553 0.744 -0.984
-0.497 0.674 -0.898
-0.479 0.730 -0.871
-0.359 0.791 -0.839
-0.416 0.803 -0.899
-0.420 0.768 -0.857
-0.517 0.707 -0.893
-0.523 0.746 -0.901
-0.537 0.747 -0.952
-0.558 0.693 -0.919
-0.272 0.732 -0.893
-0.253 0.717 -0.923
-0.164 0.714 -0.906
-0.126 0.698 -0.890
-0.366 0.708 -0.859
-0.290 0.847 -0.853
-0.344 0.709 -0.878
-0.352 0.760 -0.809
-0.334 0.820 -0.852
-0.318 0.730 -0.857
-0.092 0.790 -0.837
-0.310 0.774 -0.831
-0.193 0.726 -0.910
-0.111 0.744 -0.832
-0.247 0.828 -0.809
-0.156 0.740 -0.864
-0.170 0.777 -0.847
-0.228 0.737 -0.908
-0.278 0.750 -0.850
-0.250 0.785 -0.832
-0.217 0.770 -0.877
-0.197 0.829 -0.821
-0.135 0.822 -0.838
-0.284 0.807 -0.838
-0.375 0.217 -1.405
-0.437 0.250 -1.403
-0.313 0.705 -0.906
-0.224 0.315 -1.459
-0.397 0.649 -0.912
-0.182 0.296 -1.492
-0.088 0.323 -1.446
-0.068 0.610 -0.963
-0.141 0.680 -0.926
-0.474 0.311 -1.330
-0.338 0.231 -1.411
-0.299 0.693 -0.934
-0.106 0.354 -1.392
-0.080 0.463 -1.232
-0.439 0.590 -1.008
-0.250 0.286 -1.477
-0.073 0.518 -1.146
-0.094 0.523 -1.095
-0.192 0.680 -0.957
-0.120 0.413 -1.277
-0.165 0.402 -1.321
-0.087 0.385 -1.333
-0.311 0.294 -1.461
-0.388 0.490 -1.072
-0.094 0.477 -1.183
-0.440 0.268 -1.381
-0.374 0.441 -1.132
-0.168 0.632 -1.000
-0.161 0.369 -1.375
-0.174 0.341 -1.424
-0.112 0.304 -1.490
-0.152 0.320 -1.464
-0.085 0.582 -1.000
-0.409 0.410 -1.169
-0.421 0.589 -0.971
-0.400 0.560 -0.996
-0.429 0.357 -1.254
-0.433 0.529 -1.027
-0.376 0.536 -1.033
-0.181 0.436 -1.286
-0.137 0.641 -0.966
-0.358 0.678 -0.915
-0.346 0.641 -0.984
-0.325 0.664 -0.965
-0.255 0.339 -1.430
-0.088 0.632 -0.926
-0.441 0.387 -1.221
-0.393 0.379 -1.207
-0.367 0.355 -1.238
-0.345 0.399 -1.221
-0.129 0.436 -1.239
-0.171 0.473 -1.224
-0.257 0.690 -0.954
-0.085 0.550 -1.053
-0.193 0.571 -1.088
-0.139 0.535 -1.102
-0.140 0.579 -1.038
-0.378 0.265 -1.346
-0.327 0.366 -1.342
-0.342 0.308 -1.319
-0.335 0.278 -1.375
-0.319 0.332 -1.397
-0.255 0.380 -1.378
-0.440 0.321 -1.305
-0.423 0.458 -1.107
-0.359 0.411 -1.179
-0.334 0.448 -1.226
-0.349 0.464 -1.146
-0.330 0.552 -1.107
-0.332 0.518 -1.147
-0.357 0.507 -1.089
-0.373 0.590 -0.986
-0.223 0.405 -1.341
-0.387 0.310 -1.292
-0.109 0.499 -1.132
-0.131 0.474 -1.179
-0.343 0.346 -1.278
-0.329 0.408 -1.289
-0.272 0.588 -1.088
-0.266 0.557 -1.133
-0.343 0.583 -1.057
-0.281 0.413 -1.321
-0.246 0.658 -0.992
-0.328 0.613 -1.034
-0.215 0.483 -1.224
-0.308 0.485 -1.207
-0.272 0.513 -1.190
-0.222 0.524 -1.172
-0.277 0.458 -1.261
-0.220 0.621 -1.030
-0.284 0.631 -1.029
-0.177 0.526 -1.150
-0.233 0.451 -1.273
-0.398 0.670 -0.905
-0.390 0.612 -0.949
