-0.569 0.255 -1.442
-0.562 0.277 -1.409
-0.564 0.307 -1.381
-0.561 0.325 -1.351
-0.562 0.344 -1.336
-0.556 0.378 -1.281
-0.556 0.408 -1.279
-0.545 0.481 -1.137
-0.537 0.543 -1.057
-0.639 0.601 -1.106
-0.613 0.551 -1.228
-0.584 0.330 -1.504
-0.600 0.472 -1.334
-0.689 0.666 -0.993
-0.504 0.642 -0.948
-0.529 0.652 -0.941
-0.598 0.374 -1.464
-0.619 0.577 -1.173
-0.599 0.597 -1.108
-0.544 0.574 -1.029
-0.569 0.287 -1.422
-0.554 0.663 -0.950
-0.605 0.425 -1.396
-0.587 0.420 -1.356
-0.601 0.509 -1.287
-0.556 0.515 -1.177
-0.660 0.612 -1.032
-0.617 0.620 -1.027
-0.639 0.684 -0.960
-0.536 0.609 -0.984
-0.568 0.333 -1.443
-0.588 0.385 -1.417
-0.561 0.396 -1.338
-0.562 0.360 -1.382
-0.569 0.450 -1.287
-0.585 0.518 -1.237
-0.586 0.552 -1.180
-0.569 0.601 -1.051
-0.556 0.459 -1.244
-0.556 0.556 -1.109
-0.591 0.650 -0.980
-0.043 0.638 -0.950
-0.040 0.625 -0.984
-0.044 0.606 -1.014
-0.046 0.581 -1.056
-0.063 0.541 -1.118
-0.051 0.492 -1.199
-0.069 0.402 -1.309
-0.063 0.356 -1.378
-0.027 0.270 -1.492
0.031 0.252 -1.481
0.006 0.272 -1.462
0.030 0.281 -1.439
0.035 0.314 -1.393
0.035 0.377 -1.305
0.037 0.409 -1.258
0.030 0.455 -1.193
0.036 0.517 -1.108
0.010 0.605 -1.034
-0.032 0.529 -1.150
0.001 0.626 -1.014
0.007 0.505 -1.156
-0.061 0.295 -1.488
-0.008 0.303 -1.439
-0.062 0.340 -1.409
-0.005 0.412 -1.303
0.007 0.428 -1.270
-0.003 0.492 -1.186
-0.003 0.462 -1.228
0.002 0.549 -1.108
-0.043 0.560 -1.106
-0.020 0.589 -1.070
-0.041 0.323 -1.442
-0.020 0.383 -1.351
0.016 0.361 -1.337
-0.012 0.340 -1.400
-0.045 0.425 -1.279
-0.447 0.672 -0.966
-0.436 0.637 -0.979
-0.442 0.620 -0.994
-0.452 0.539 -1.054
-0.465 0.485 -1.084
-0.464 0.438 -1.152
-0.461 0.411 -1.189
-0.437 0.288 -1.342
-0.450 0.276 -1.363
-0.561 0.290 -1.393
-0.559 0.351 -1.311
-0.559 0.373 -1.301
-0.553 0.396 -1.254
-0.554 0.416 -1.232
-0.552 0.430 -1.215
-0.550 0.438 -1.196
-0.548 0.447 -1.180
-0.547 0.463 -1.166
-0.547 0.509 -1.123
-0.544 0.523 -1.096
-0.532 0.517 -1.078
-0.526 0.564 -1.022
-0.509 0.588 -0.999
-0.472 0.659 -0.957
-0.515 0.500 -1.095
-0.460 0.657 -0.972
-0.469 0.233 -1.428
-0.484 0.268 -1.389
-0.522 0.323 -1.326
-0.475 0.527 -1.073
-0.485 0.556 -1.033
-0.504 0.242 -1.430
-0.509 0.377 -1.248
-0.471 0.346 -1.287
-0.516 0.402 -1.213
-0.459 0.581 -1.028
-0.475 0.460 -1.121
-0.501 0.429 -1.171
-0.533 0.272 -1.396
-0.525 0.352 -1.289
-0.526 0.464 -1.137
-0.509 0.295 -1.357
-0.471 0.621 -0.993
0.050 0.284 -1.463
0.035 0.298 -1.416
0.034 0.325 -1.374
0.036 0.342 -1.354
0.036 0.357 -1.332
0.036 0.392 -1.282
0.033 0.436 -1.218
0.038 0.470 -1.172
0.036 0.492 -1.142
0.027 0.512 -1.122
0.027 0.535 -1.092
0.029 0.552 -1.070
0.033 0.568 -1.047
0.010 0.645 -0.984
-0.017 0.641 -0.968
-0.500 0.603 -0.982
-0.011 0.812 -0.900
-0.031 0.739 -0.864
0.041 0.724 -0.898
-0.048 0.834 -0.891
-0.153 0.845 -0.847
-0.088 0.799 -0.859
-0.063 0.774 -0.835
-0.039 0.763 -0.867
0.001 0.735 -0.879
-0.045 0.806 -0.881
0.049 0.341 -1.550
0.051 0.369 -1.536
0.151 0.630 -1.108
0.069 0.819 -0.938
0.053 0.286 -1.505
0.065 0.424 -1.457
0.016 0.667 -0.943
0.048 0.330 -1.540
0.222 0.713 -0.974
0.046 0.685 -0.900
0.057 0.648 -0.944
0.086 0.512 -1.329
0.076 0.468 -1.393
0.123 0.593 -1.194
0.054 0.376 -1.470
0.057 0.394 -1.422
0.052 0.752 -0.908
0.067 0.463 -1.328
0.073 0.497 -1.287
0.059 0.430 -1.291
0.050 0.440 -1.230
0.062 0.520 -1.144
0.033 0.591 -1.019
0.140 0.646 -1.025
0.182 0.664 -1.003
0.134 0.713 -0.939
0.117 0.765 -0.940
0.034 0.791 -0.912
0.063 0.479 -1.244
0.058 0.395 -1.332
0.058 0.489 -1.186
0.078 0.565 -1.114
0.049 0.340 -1.494
0.063 0.425 -1.380
0.082 0.538 -1.211
0.114 0.623 -1.062
0.057 0.548 -1.083
0.096 0.546 -1.269
0.054 0.335 -1.419
0.074 0.581 -1.060
0.114 0.601 -1.129
0.039 0.619 -0.985
0.092 0.568 -1.169
0.079 0.682 -0.927
0.112 0.656 -0.981
0.057 0.369 -1.371
0.070 0.609 -1.006
-0.538 0.751 -0.994
-0.443 0.797 -0.970
-0.512 0.764 -0.993
-0.553 0.743 -0.994
-0.497 0.674 -0.907
-0.479 0.731 -0.881
-0.359 0.792 -0.849
-0.415 0.803 -0.909
-0.421 0.769 -0.867
-0.517 0.707 -0.903
-0.523 0.746 -0.911
-0.537 0.747 -0.962
-0.559 0.693 -0.929
-0.272 0.730 -0.901
-0.253 0.716 -0.930
-0.164 0.713 -0.913
-0.125 0.698 -0.897
-0.367 0.709 -0.868
-0.290 0.847 -0.863
-0.345 0.709 -0.885
-0.353 0.761 -0.817
-0.334 0.821 -0.862
-0.319 0.730 -0.865
-0.092 0.791 -0.847
-0.310 0.774 -0.840
-0.193 0.724 -0.917
-0.110 0.744 -0.840
-0.247 0.829 -0.818
-0.156 0.739 -0.872
-0.170 0.777 -0.855
-0.228 0.735 -0.915
-0.279 0.750 -0.858
-0.250 0.786 -0.841
-0.217 0.768 -0.885
-0.197 0.829 -0.830
-0.135 0.822 -0.847
-0.284 0.808 -0.847
-0.374 0.207 -1.404
-0.436 0.241 -1.403
-0.313 0.704 -0.913
-0.224 0.305 -1.460
-0.398 0.648 -0.919
-0.182 0.286 -1.493
-0.088 0.314 -1.448
-0.067 0.608 -0.970
-0.141 0.678 -0.933
-0.473 0.303 -1.331
-0.337 0.222 -1.410
-0.299 0.692 -0.941
-0.106 0.345 -1.394
-0.080 0.457 -1.236
-0.440 0.588 -1.014
-0.250 0.276 -1.478
-0.073 0.514 -1.151
-0.094 0.519 -1.100
-0.191 0.678 -0.964
-0.120 0.407 -1.280
-0.165 0.395 -1.324
-0.087 0.378 -1.336
-0.310 0.283 -1.461
-0.388 0.487 -1.076
-0.094 0.472 -1.187
-0.439 0.259 -1.381
-0.374 0.437 -1.135
-0.168 0.629 -1.006
-0.161 0.361 -1.377
-0.174 0.332 -1.426
-0.112 0.294 -1.491
-0.152 0.310 -1.465
-0.085 0.579 -1.006
-0.409 0.405 -1.172
-0.421 0.588 -0.978
-0.400 0.558 -1.002
-0.429 0.351 -1.256
-0.433 0.527 -1.032
-0.376 0.534 -1.039
-0.181 0.430 -1.289
-0.136 0.639 -0.973
-0.358 0.677 -0.922
-0.346 0.639 -0.990
-0.325 0.662 -0.971
-0.255 0.329 -1.432
-0.088 0.630 -0.932
-0.441 0.381 -1.224
-0.393 0.373 -1.209
-0.366 0.349 -1.240
-0.344 0.393 -1.223
-0.129 0.430 -1.243
-0.171 0.467 -1.228
-0.257 0.688 -0.961
-0.085 0.547 -1.058
-0.193 0.568 -1.093
-0.138 0.531 -1.107
-0.139 0.576 -1.044
-0.377 0.257 -1.346
-0.327 0.358 -1.344
-0.341 0.300 -1.320
-0.334 0.270 -1.375
-0.319 0.323 -1.399
-0.255 0.372 -1.381
-0.439 0.313 -1.306
-0.423 0.454 -1.111
-0.359 0.406 -1.182
-0.334 0.442 -1.229
-0.349 0.460 -1.149
-0.330 0.548 -1.112
-0.332 0.513 -1.152
-0.357 0.503 -1.094
-0.374 0.589 -0.992
-0.223 0.397 -1.344
-0.387 0.303 -1.292
-0.108 0.495 -1.136
-0.131 0.469 -1.183
-0.342 0.339 -1.280
-0.329 0.401 -1.291
-0.272 0.585 -1.094
-0.266 0.552 -1.138
-0.343 0.580 -1.063
-0.281 0.405 -1.324
-0.246 0.656 -0.998
-0.327 0.610 -1.040
-0.215 0.478 -1.228
-0.308 0.480 -1.211
-0.272 0.508 -1.195
-0.222 0.519 -1.177
-0.277 0.452 -1.264
-0.220 0.618 -1.036
-0.284 0.628 -1.035
-0.177 0.522 -1.155
-0.233 0.444 -1.277
-0.398 0.670 -0.913
-0.391 0.611 -0.955
