-0.567 0.245 -1.442
-0.561 0.267 -1.409
-0.563 0.298 -1.382
-0.560 0.316 -1.352
-0.560 0.335 -1.337
-0.555 0.371 -1.283
-0.555 0.401 -1.282
-0.545 0.476 -1.142
-0.537 0.540 -1.063
-0.638 0.598 -1.115
-0.611 0.545 -1.235
-0.581 0.318 -1.505
-0.598 0.464 -1.339
-0.689 0.666 -1.003
-0.505 0.641 -0.956
-0.529 0.651 -0.950
-0.595 0.363 -1.467
-0.618 0.573 -1.180
-0.599 0.593 -1.115
-0.544 0.572 -1.036
-0.567 0.277 -1.422
-0.555 0.663 -0.958
-0.603 0.416 -1.400
-0.585 0.412 -1.360
-0.599 0.502 -1.292
-0.555 0.510 -1.182
-0.660 0.611 -1.040
-0.617 0.619 -1.036
-0.639 0.685 -0.970
-0.536 0.608 -0.991
-0.565 0.323 -1.445
-0.586 0.375 -1.420
-0.560 0.387 -1.341
-0.560 0.351 -1.384
-0.567 0.443 -1.291
-0.583 0.512 -1.243
-0.585 0.547 -1.187
-0.569 0.598 -1.059
-0.555 0.452 -1.248
-0.556 0.553 -1.116
-0.591 0.650 -0.989
-0.043 0.636 -0.957
-0.039 0.623 -0.991
-0.043 0.603 -1.020
-0.046 0.578 -1.062
-0.062 0.536 -1.122
-0.051 0.486 -1.202
-0.069 0.394 -1.311
-0.063 0.347 -1.379
-0.027 0.259 -1.491
0.031 0.242 -1.480
0.006 0.261 -1.462
0.030 0.271 -1.439
0.035 0.305 -1.394
0.035 0.369 -1.307
0.038 0.402 -1.260
0.030 0.450 -1.196
0.036 0.514 -1.113
0.010 0.603 -1.040
-0.032 0.524 -1.154
0.001 0.624 -1.020
0.008 0.500 -1.160
-0.061 0.284 -1.488
-0.008 0.293 -1.439
-0.062 0.330 -1.410
-0.005 0.405 -1.306
0.007 0.421 -1.273
-0.003 0.487 -1.190
-0.003 0.456 -1.231
0.003 0.545 -1.113
-0.042 0.556 -1.111
-0.020 0.585 -1.075
-0.041 0.313 -1.442
-0.020 0.374 -1.353
0.017 0.353 -1.339
-0.012 0.331 -1.401
-0.045 0.418 -1.282
-0.447 0.671 -0.973
-0.437 0.636 -0.986
-0.443 0.618 -1.001
-0.452 0.536 -1.059
-0.465 0.482 -1.088
-0.464 0.433 -1.154
-0.461 0.405 -1.191
-0.436 0.279 -1.342
-0.449 0.267 -1.362
-0.560 0.280 -1.393
-0.558 0.343 -1.313
-0.558 0.365 -1.303
-0.552 0.389 -1.257
-0.553 0.410 -1.235
-0.551 0.424 -1.218
-0.550 0.433 -1.199
-0.548 0.442 -1.184
-0.547 0.458 -1.170
-0.546 0.505 -1.128
-0.544 0.520 -1.101
-0.532 0.514 -1.083
-0.527 0.563 -1.028
-0.509 0.586 -1.006
-0.472 0.658 -0.965
-0.515 0.497 -1.099
-0.460 0.656 -0.979
-0.467 0.223 -1.426
-0.483 0.258 -1.388
-0.521 0.314 -1.327
-0.475 0.524 -1.077
-0.485 0.554 -1.039
-0.503 0.232 -1.429
-0.509 0.370 -1.250
-0.470 0.338 -1.288
-0.516 0.396 -1.215
-0.459 0.579 -1.034
-0.475 0.456 -1.124
-0.500 0.424 -1.174
-0.532 0.262 -1.396
-0.524 0.345 -1.290
-0.526 0.460 -1.141
-0.508 0.286 -1.357
-0.471 0.619 -1.000
0.050 0.273 -1.463
0.035 0.288 -1.416
0.034 0.317 -1.375
0.036 0.334 -1.355
0.037 0.349 -1.333
0.036 0.385 -1.284
0.034 0.430 -1.221
0.039 0.465 -1.176
0.036 0.488 -1.146
0.027 0.508 -1.126
0.027 0.532 -1.097
0.030 0.549 -1.075
0.033 0.565 -1.053
0.010 0.644 -0.991
-0.017 0.640 -0.975
-0.500 0.602 -0.989
-0.011 0.812 -0.910
-0.030 0.740 -0.873
0.042 0.724 -0.907
-0.048 0.834 -0.901
-0.153 0.845 -0.857
-0.088 0.799 -0.869
-0.062 0.775 -0.844
-0.038 0.763 -0.876
0.002 0.735 -0.888
-0.045 0.806 -0.891
0.048 0.329 -1.551
0.050 0.357 -1.538
0.151 0.627 -1.115
0.069 0.819 -0.949
0.052 0.275 -1.505
0.065 0.414 -1.460
0.016 0.666 -0.951
0.048 0.318 -1.541
0.222 0.713 -0.984
0.047 0.685 -0.908
0.058 0.648 -0.952
0.085 0.504 -1.333
0.076 0.459 -1.397
0.123 0.588 -1.200
0.053 0.365 -1.472
0.057 0.385 -1.425
0.052 0.752 -0.917
0.067 0.455 -1.332
0.073 0.490 -1.292
0.059 0.423 -1.294
0.050 0.434 -1.233
0.062 0.516 -1.149
0.034 0.589 -1.026
0.140 0.645 -1.033
0.182 0.663 -1.012
0.134 0.713 -0.948
0.117 0.765 -0.951
0.034 0.791 -0.922
0.063 0.473 -1.248
0.058 0.388 -1.335
0.058 0.484 -1.190
0.078 0.562 -1.120
0.049 0.329 -1.496
0.062 0.416 -1.383
0.081 0.533 -1.217
0.114 0.621 -1.069
0.057 0.544 -1.088
0.095 0.540 -1.274
0.054 0.325 -1.420
0.074 0.579 -1.066
0.114 0.598 -1.136
0.039 0.617 -0.992
0.092 0.564 -1.175
0.079 0.682 -0.936
0.113 0.655 -0.988
0.057 0.360 -1.373
0.071 0.608 -1.013
-0.537 0.750 -1.004
-0.442 0.796 -0.980
-0.512 0.763 -1.003
-0.552 0.742 -1.004
-0.498 0.675 -0.915
-0.480 0.732 -0.890
-0.359 0.792 -0.858
-0.415 0.802 -0.920
-0.421 0.769 -0.876
-0.518 0.708 -0.912
-0.524 0.747 -0.921
-0.537 0.746 -0.973
-0.559 0.693 -0.938
-0.272 0.729 -0.908
-0.253 0.714 -0.937
-0.164 0.711 -0.920
-0.124 0.697 -0.904
-0.367 0.709 -0.875
-0.290 0.847 -0.873
-0.345 0.709 -0.893
-0.353 0.762 -0.826
-0.334 0.821 -0.872
-0.319 0.730 -0.872
-0.092 0.791 -0.856
-0.311 0.775 -0.848
-0.193 0.722 -0.924
-0.109 0.744 -0.848
-0.248 0.829 -0.828
-0.155 0.739 -0.879
-0.169 0.776 -0.863
-0.228 0.733 -0.922
-0.279 0.750 -0.866
-0.251 0.786 -0.849
-0.217 0.767 -0.892
-0.197 0.829 -0.839
-0.135 0.822 -0.857
-0.284 0.808 -0.856
-0.373 0.197 -1.401
-0.435 0.230 -1.401
-0.313 0.703 -0.920
-0.224 0.294 -1.460
-0.398 0.648 -0.926
-0.182 0.274 -1.493
-0.088 0.303 -1.448
-0.066 0.607 -0.976
-0.141 0.677 -0.939
-0.473 0.295 -1.331
-0.336 0.211 -1.408
-0.299 0.690 -0.948
-0.106 0.336 -1.395
-0.080 0.451 -1.239
-0.440 0.586 -1.020
-0.250 0.264 -1.477
-0.073 0.509 -1.155
-0.094 0.515 -1.104
-0.191 0.675 -0.970
-0.119 0.399 -1.282
-0.164 0.386 -1.326
-0.087 0.369 -1.338
-0.310 0.272 -1.460
-0.389 0.483 -1.079
-0.094 0.467 -1.191
-0.438 0.249 -1.380
-0.374 0.432 -1.137
-0.168 0.626 -1.012
-0.161 0.352 -1.378
-0.174 0.322 -1.426
-0.112 0.283 -1.491
-0.152 0.299 -1.465
-0.084 0.577 -1.011
-0.409 0.400 -1.174
-0.422 0.586 -0.983
-0.400 0.556 -1.007
-0.428 0.343 -1.256
-0.433 0.524 -1.036
-0.376 0.531 -1.043
-0.181 0.422 -1.291
-0.136 0.637 -0.978
-0.359 0.676 -0.929
-0.346 0.637 -0.996
-0.325 0.660 -0.978
-0.255 0.319 -1.432
-0.087 0.629 -0.938
-0.440 0.375 -1.225
-0.393 0.366 -1.210
-0.366 0.341 -1.240
-0.344 0.387 -1.225
-0.129 0.424 -1.245
-0.171 0.461 -1.231
-0.257 0.685 -0.967
-0.085 0.544 -1.063
-0.193 0.563 -1.098
-0.138 0.527 -1.111
-0.139 0.573 -1.049
-0.376 0.247 -1.344
-0.327 0.349 -1.344
-0.340 0.292 -1.319
-0.334 0.260 -1.374
-0.319 0.313 -1.398
-0.255 0.362 -1.382
-0.439 0.305 -1.306
-0.423 0.450 -1.114
-0.359 0.400 -1.183
-0.333 0.436 -1.231
-0.349 0.455 -1.152
-0.329 0.544 -1.116
-0.332 0.508 -1.155
-0.358 0.499 -1.097
-0.374 0.587 -0.997
-0.223 0.389 -1.345
-0.386 0.295 -1.292
-0.108 0.490 -1.140
-0.130 0.464 -1.186
-0.342 0.331 -1.280
-0.329 0.393 -1.293
-0.272 0.580 -1.099
-0.265 0.547 -1.142
-0.343 0.576 -1.068
-0.281 0.397 -1.326
-0.246 0.653 -1.004
-0.327 0.607 -1.046
-0.215 0.471 -1.231
-0.308 0.473 -1.214
-0.272 0.502 -1.198
-0.222 0.513 -1.181
-0.277 0.444 -1.267
-0.220 0.614 -1.041
-0.284 0.624 -1.041
-0.177 0.516 -1.158
-0.233 0.436 -1.279
-0.399 0.669 -0.920
-0.391 0.610 -0.961
