-0.566 0.234 -1.440
-0.559 0.257 -1.408
-0.562 0.288 -1.382
-0.559 0.307 -1.352
-0.559 0.327 -1.338
-0.554 0.363 -1.285
-0.554 0.393 -1.284
-0.545 0.472 -1.146
-0.538 0.538 -1.069
-0.637 0.595 -1.122
-0.609 0.539 -1.241
-0.578 0.306 -1.506
-0.596 0.456 -1.343
-0.689 0.666 -1.013
-0.505 0.641 -0.963
-0.530 0.651 -0.958
-0.592 0.352 -1.469
-0.617 0.568 -1.187
-0.598 0.590 -1.122
-0.544 0.570 -1.042
-0.566 0.266 -1.422
-0.555 0.663 -0.967
-0.600 0.406 -1.403
-0.583 0.403 -1.363
-0.597 0.494 -1.298
-0.554 0.505 -1.187
-0.660 0.610 -1.049
-0.617 0.618 -1.044
-0.639 0.685 -0.980
-0.537 0.607 -0.998
-0.563 0.311 -1.445
-0.583 0.365 -1.422
-0.558 0.378 -1.343
-0.558 0.341 -1.386
-0.566 0.435 -1.295
-0.582 0.505 -1.248
-0.584 0.542 -1.193
-0.569 0.596 -1.066
-0.553 0.446 -1.252
-0.555 0.549 -1.121
-0.592 0.649 -0.997
-0.042 0.635 -0.963
-0.038 0.621 -0.997
-0.043 0.601 -1.025
-0.045 0.574 -1.066
-0.062 0.531 -1.126
-0.051 0.480 -1.205
-0.069 0.385 -1.312
-0.063 0.337 -1.379
-0.027 0.247 -1.490
0.031 0.230 -1.478
0.006 0.250 -1.460
0.031 0.260 -1.438
0.035 0.295 -1.394
0.035 0.361 -1.308
0.038 0.395 -1.262
0.030 0.444 -1.199
0.037 0.510 -1.117
0.010 0.600 -1.045
-0.031 0.519 -1.158
0.001 0.621 -1.026
0.008 0.495 -1.164
-0.061 0.272 -1.487
-0.008 0.282 -1.438
-0.062 0.319 -1.410
-0.005 0.396 -1.307
0.007 0.414 -1.275
-0.003 0.481 -1.193
-0.003 0.450 -1.234
0.003 0.541 -1.117
-0.042 0.552 -1.115
-0.020 0.582 -1.080
-0.041 0.301 -1.442
-0.020 0.365 -1.354
0.017 0.344 -1.339
-0.012 0.320 -1.401
-0.045 0.410 -1.283
-0.447 0.670 -0.981
-0.437 0.634 -0.992
-0.443 0.617 -1.007
-0.452 0.533 -1.063
-0.466 0.478 -1.091
-0.464 0.428 -1.157
-0.461 0.399 -1.193
-0.436 0.269 -1.340
-0.449 0.256 -1.360
-0.559 0.270 -1.393
-0.557 0.335 -1.314
-0.557 0.357 -1.305
-0.552 0.382 -1.259
-0.552 0.404 -1.238
-0.551 0.418 -1.221
-0.549 0.427 -1.202
-0.547 0.437 -1.187
-0.546 0.453 -1.174
-0.546 0.501 -1.133
-0.544 0.516 -1.106
-0.532 0.511 -1.088
-0.527 0.561 -1.034
-0.510 0.585 -1.012
-0.472 0.658 -0.972
-0.515 0.493 -1.103
-0.460 0.654 -0.987
-0.466 0.211 -1.423
-0.482 0.247 -1.386
-0.521 0.305 -1.327
-0.475 0.520 -1.082
-0.485 0.551 -1.044
-0.502 0.220 -1.427
-0.508 0.363 -1.251
-0.469 0.329 -1.288
-0.516 0.390 -1.217
-0.460 0.577 -1.040
-0.475 0.452 -1.127
-0.500 0.418 -1.176
-0.531 0.252 -1.395
-0.524 0.337 -1.291
-0.526 0.455 -1.145
-0.507 0.276 -1.356
-0.472 0.618 -1.006
0.050 0.262 -1.462
0.036 0.278 -1.415
0.035 0.307 -1.375
0.036 0.325 -1.355
0.037 0.341 -1.334
0.036 0.378 -1.285
0.034 0.424 -1.224
0.039 0.460 -1.179
0.037 0.483 -1.149
0.027 0.503 -1.130
0.028 0.528 -1.102
0.030 0.546 -1.080
0.034 0.563 -1.058
0.011 0.642 -0.997
-0.016 0.638 -0.981
-0.501 0.601 -0.995
-0.011 0.812 -0.920
-0.029 0.741 -0.881
0.042 0.724 -0.916
-0.048 0.834 -0.912
-0.153 0.845 -0.867
-0.088 0.799 -0.878
-0.062 0.776 -0.854
-0.038 0.764 -0.885
0.002 0.736 -0.897
-0.045 0.806 -0.901
0.047 0.316 -1.551
0.049 0.344 -1.539
0.151 0.624 -1.123
0.068 0.819 -0.961
0.052 0.263 -1.504
0.064 0.403 -1.462
0.017 0.665 -0.958
0.047 0.305 -1.541
0.222 0.713 -0.994
0.047 0.686 -0.916
0.059 0.647 -0.959
0.084 0.496 -1.338
0.075 0.449 -1.400
0.122 0.583 -1.207
0.053 0.354 -1.472
0.056 0.375 -1.426
0.052 0.753 -0.927
0.066 0.447 -1.335
0.072 0.483 -1.296
0.059 0.416 -1.296
0.050 0.427 -1.236
0.063 0.511 -1.153
0.034 0.587 -1.031
0.140 0.643 -1.040
0.182 0.662 -1.020
0.134 0.713 -0.957
0.117 0.765 -0.961
0.034 0.791 -0.932
0.063 0.467 -1.251
0.058 0.379 -1.336
0.059 0.479 -1.194
0.078 0.558 -1.125
0.048 0.317 -1.496
0.062 0.407 -1.385
0.081 0.527 -1.221
0.115 0.618 -1.076
0.058 0.541 -1.093
0.095 0.533 -1.280
0.054 0.315 -1.420
0.074 0.576 -1.072
0.114 0.594 -1.142
0.040 0.616 -0.998
0.091 0.559 -1.181
0.080 0.682 -0.944
0.113 0.654 -0.996
0.057 0.351 -1.374
0.071 0.606 -1.019
-0.537 0.749 -1.015
-0.441 0.795 -0.990
-0.511 0.762 -1.014
-0.552 0.741 -1.014
-0.499 0.675 -0.923
-0.480 0.733 -0.899
-0.360 0.793 -0.868
-0.415 0.802 -0.930
-0.421 0.770 -0.886
-0.519 0.709 -0.921
-0.524 0.747 -0.931
-0.537 0.746 -0.983
-0.560 0.694 -0.947
-0.272 0.727 -0.915
-0.253 0.711 -0.943
-0.163 0.710 -0.926
-0.124 0.695 -0.911
-0.368 0.709 -0.883
-0.290 0.847 -0.883
-0.346 0.708 -0.900
-0.354 0.764 -0.835
-0.334 0.821 -0.882
-0.320 0.730 -0.880
-0.091 0.792 -0.865
-0.311 0.776 -0.857
-0.193 0.720 -0.930
-0.108 0.745 -0.856
-0.248 0.830 -0.838
-0.155 0.738 -0.886
-0.169 0.776 -0.871
-0.228 0.731 -0.928
-0.280 0.750 -0.873
-0.251 0.786 -0.857
-0.217 0.765 -0.899
-0.197 0.829 -0.847
-0.135 0.822 -0.867
-0.284 0.808 -0.865
-0.372 0.185 -1.396
-0.434 0.219 -1.398
-0.314 0.702 -0.927
-0.224 0.281 -1.458
-0.399 0.647 -0.932
-0.182 0.261 -1.491
-0.088 0.292 -1.447
-0.066 0.605 -0.981
-0.140 0.675 -0.945
-0.472 0.285 -1.330
-0.335 0.200 -1.404
-0.299 0.688 -0.954
-0.106 0.325 -1.395
-0.079 0.444 -1.241
-0.440 0.584 -1.025
-0.250 0.251 -1.474
-0.073 0.503 -1.158
-0.093 0.511 -1.107
-0.191 0.672 -0.975
-0.119 0.391 -1.283
-0.164 0.377 -1.326
-0.087 0.360 -1.338
-0.310 0.259 -1.458
-0.389 0.479 -1.082
-0.094 0.460 -1.193
-0.437 0.238 -1.377
-0.375 0.426 -1.139
-0.168 0.623 -1.017
-0.161 0.341 -1.378
-0.174 0.310 -1.425
-0.112 0.270 -1.490
-0.152 0.287 -1.464
-0.084 0.574 -1.016
-0.409 0.394 -1.175
-0.422 0.585 -0.989
-0.401 0.553 -1.011
-0.428 0.335 -1.256
-0.434 0.522 -1.040
-0.377 0.528 -1.046
-0.181 0.413 -1.292
-0.136 0.634 -0.984
-0.359 0.675 -0.936
-0.346 0.634 -1.002
-0.325 0.658 -0.984
-0.255 0.307 -1.430
-0.086 0.628 -0.944
-0.440 0.368 -1.226
-0.393 0.359 -1.210
-0.366 0.334 -1.239
-0.344 0.379 -1.225
-0.128 0.416 -1.247
-0.171 0.453 -1.232
-0.257 0.683 -0.973
-0.084 0.540 -1.067
-0.192 0.559 -1.101
-0.138 0.522 -1.115
-0.139 0.569 -1.053
-0.376 0.237 -1.341
-0.326 0.339 -1.343
-0.340 0.282 -1.317
-0.333 0.249 -1.371
-0.319 0.302 -1.397
-0.255 0.351 -1.381
-0.438 0.296 -1.305
-0.424 0.445 -1.116
-0.359 0.393 -1.184
-0.333 0.428 -1.232
-0.349 0.449 -1.154
-0.329 0.538 -1.120
-0.331 0.502 -1.158
-0.358 0.494 -1.100
-0.374 0.584 -1.002
-0.222 0.379 -1.345
-0.386 0.286 -1.290
-0.108 0.484 -1.143
-0.130 0.457 -1.188
-0.342 0.322 -1.278
-0.328 0.383 -1.293
-0.272 0.575 -1.103
-0.265 0.541 -1.146
-0.343 0.572 -1.072
-0.281 0.387 -1.326
-0.246 0.649 -1.009
-0.327 0.603 -1.051
-0.214 0.463 -1.233
-0.307 0.466 -1.216
-0.271 0.495 -1.201
-0.222 0.506 -1.184
-0.277 0.436 -1.268
-0.220 0.610 -1.046
-0.284 0.620 -1.046
-0.177 0.510 -1.161
-0.233 0.428 -1.281
-0.399 0.669 -0.927
-0.392 0.608 -0.967
