-0.565 0.222 -1.438
-0.558 0.246 -1.406
-0.560 0.278 -1.381
-0.558 0.298 -1.352
-0.558 0.317 -1.338
-0.554 0.355 -1.286
-0.553 0.385 -1.285
-0.545 0.468 -1.149
-0.538 0.535 -1.074
-0.637 0.592 -1.130
-0.607 0.533 -1.247
-0.575 0.293 -1.506
-0.593 0.447 -1.346
-0.689 0.666 -1.023
-0.506 0.641 -0.970
-0.530 0.651 -0.965
-0.588 0.340 -1.470
-0.615 0.563 -1.194
-0.597 0.586 -1.130
-0.544 0.568 -1.048
-0.564 0.255 -1.420
-0.556 0.663 -0.975
-0.597 0.396 -1.406
-0.581 0.393 -1.365
-0.595 0.486 -1.302
-0.554 0.499 -1.192
-0.660 0.609 -1.057
-0.617 0.616 -1.052
-0.640 0.685 -0.990
-0.538 0.607 -1.005
-0.561 0.300 -1.445
-0.580 0.354 -1.423
-0.556 0.369 -1.344
-0.556 0.331 -1.386
-0.564 0.427 -1.297
-0.580 0.499 -1.253
-0.583 0.537 -1.198
-0.569 0.594 -1.073
-0.552 0.439 -1.255
-0.555 0.545 -1.127
-0.592 0.649 -1.006
-0.041 0.634 -0.969
-0.038 0.619 -1.002
-0.042 0.598 -1.030
-0.045 0.571 -1.071
-0.062 0.526 -1.129
-0.051 0.473 -1.208
-0.069 0.376 -1.312
-0.062 0.326 -1.377
-0.027 0.234 -1.487
0.032 0.217 -1.475
0.006 0.237 -1.458
0.031 0.249 -1.435
0.036 0.284 -1.392
0.036 0.352 -1.308
0.039 0.388 -1.263
0.031 0.438 -1.201
0.037 0.505 -1.120
0.011 0.597 -1.051
-0.031 0.513 -1.161
0.002 0.619 -1.032
0.008 0.490 -1.167
-0.061 0.258 -1.484
-0.008 0.270 -1.436
-0.062 0.307 -1.408
-0.005 0.387 -1.308
0.008 0.405 -1.276
-0.002 0.474 -1.196
-0.003 0.442 -1.235
0.003 0.536 -1.121
-0.042 0.547 -1.119
-0.020 0.578 -1.085
-0.041 0.289 -1.440
-0.020 0.355 -1.353
0.017 0.335 -1.339
-0.011 0.309 -1.400
-0.045 0.401 -1.284
-0.448 0.669 -0.988
-0.437 0.633 -0.998
-0.443 0.615 -1.013
-0.453 0.530 -1.067
-0.466 0.475 -1.094
-0.464 0.423 -1.158
-0.461 0.393 -1.193
-0.435 0.259 -1.337
-0.448 0.245 -1.357
-0.558 0.259 -1.391
-0.556 0.326 -1.314
-0.556 0.349 -1.305
-0.551 0.375 -1.260
-0.552 0.397 -1.240
-0.550 0.411 -1.223
-0.549 0.421 -1.205
-0.547 0.431 -1.189
-0.546 0.448 -1.177
-0.546 0.497 -1.137
-0.544 0.513 -1.111
-0.533 0.507 -1.092
-0.528 0.559 -1.040
-0.510 0.583 -1.018
-0.473 0.657 -0.980
-0.516 0.490 -1.107
-0.460 0.653 -0.994
-0.465 0.199 -1.419
-0.481 0.236 -1.383
-0.520 0.296 -1.326
-0.475 0.517 -1.086
-0.486 0.549 -1.049
-0.500 0.208 -1.423
-0.508 0.355 -1.252
-0.469 0.321 -1.287
-0.516 0.384 -1.218
-0.460 0.574 -1.045
-0.475 0.447 -1.129
-0.500 0.412 -1.177
-0.530 0.241 -1.392
-0.523 0.328 -1.290
-0.526 0.450 -1.147
-0.507 0.266 -1.354
-0.472 0.616 -1.012
0.050 0.250 -1.460
0.036 0.267 -1.413
0.035 0.297 -1.374
0.037 0.315 -1.354
0.037 0.332 -1.333
0.037 0.370 -1.286
0.035 0.417 -1.225
0.040 0.454 -1.181
0.037 0.478 -1.152
0.028 0.499 -1.134
0.028 0.524 -1.106
0.031 0.542 -1.084
0.035 0.560 -1.063
0.011 0.640 -1.004
-0.016 0.637 -0.987
-0.501 0.599 -1.001
-0.012 0.812 -0.931
-0.029 0.741 -0.890
0.043 0.725 -0.924
-0.049 0.834 -0.923
-0.153 0.845 -0.877
-0.087 0.799 -0.888
-0.061 0.777 -0.863
-0.038 0.764 -0.894
0.003 0.736 -0.906
-0.045 0.806 -0.911
0.046 0.302 -1.550
0.048 0.330 -1.538
0.150 0.621 -1.130
0.068 0.818 -0.972
0.052 0.250 -1.502
0.062 0.391 -1.463
0.018 0.664 -0.965
0.046 0.291 -1.540
0.222 0.713 -1.004
0.048 0.686 -0.924
0.060 0.647 -0.966
0.083 0.487 -1.341
0.074 0.439 -1.402
0.121 0.578 -1.213
0.052 0.342 -1.472
0.055 0.363 -1.426
0.053 0.753 -0.936
0.066 0.438 -1.337
0.071 0.475 -1.299
0.059 0.407 -1.298
0.051 0.420 -1.237
0.063 0.506 -1.157
0.035 0.585 -1.037
0.140 0.641 -1.048
0.182 0.661 -1.028
0.135 0.713 -0.967
0.116 0.765 -0.971
0.034 0.790 -0.942
0.063 0.460 -1.254
0.058 0.370 -1.337
0.059 0.473 -1.197
0.079 0.554 -1.130
0.048 0.304 -1.495
0.061 0.396 -1.386
0.080 0.521 -1.226
0.115 0.615 -1.083
0.058 0.538 -1.097
0.094 0.526 -1.284
0.054 0.304 -1.419
0.075 0.573 -1.077
0.113 0.590 -1.149
0.041 0.614 -1.004
0.091 0.554 -1.186
0.081 0.682 -0.952
0.114 0.653 -1.004
0.057 0.341 -1.374
0.072 0.604 -1.025
-0.536 0.748 -1.025
-0.441 0.794 -1.001
-0.510 0.761 -1.024
-0.551 0.740 -1.025
-0.500 0.676 -0.931
-0.481 0.734 -0.909
-0.360 0.794 -0.877
-0.415 0.802 -0.940
-0.422 0.771 -0.896
-0.519 0.709 -0.930
-0.524 0.748 -0.941
-0.536 0.745 -0.993
-0.560 0.694 -0.956
-0.272 0.726 -0.921
-0.253 0.709 -0.949
-0.163 0.708 -0.932
-0.123 0.695 -0.917
-0.369 0.710 -0.891
-0.290 0.847 -0.893
-0.346 0.708 -0.908
-0.355 0.765 -0.844
-0.334 0.821 -0.892
-0.321 0.731 -0.887
-0.091 0.792 -0.875
-0.312 0.777 -0.865
-0.193 0.718 -0.936
-0.107 0.746 -0.864
-0.248 0.831 -0.847
-0.154 0.737 -0.893
-0.168 0.776 -0.879
-0.228 0.729 -0.934
-0.280 0.750 -0.881
-0.252 0.786 -0.866
-0.217 0.764 -0.906
-0.197 0.829 -0.857
-0.134 0.822 -0.876
-0.284 0.809 -0.874
-0.372 0.173 -1.390
-0.433 0.207 -1.394
-0.314 0.700 -0.934
-0.224 0.268 -1.454
-0.400 0.647 -0.939
-0.182 0.247 -1.487
-0.088 0.279 -1.445
-0.065 0.603 -0.986
-0.140 0.673 -0.951
-0.472 0.275 -1.328
-0.335 0.187 -1.398
-0.299 0.686 -0.960
-0.106 0.314 -1.393
-0.079 0.436 -1.242
-0.441 0.581 -1.030
-0.250 0.237 -1.470
-0.072 0.497 -1.161
-0.093 0.506 -1.110
-0.191 0.669 -0.981
-0.119 0.382 -1.282
-0.164 0.367 -1.326
-0.087 0.350 -1.337
-0.310 0.245 -1.453
-0.390 0.475 -1.084
-0.093 0.454 -1.194
-0.437 0.227 -1.373
-0.375 0.421 -1.139
-0.167 0.620 -1.021
-0.160 0.330 -1.376
-0.174 0.298 -1.423
-0.112 0.256 -1.487
-0.152 0.274 -1.461
-0.083 0.572 -1.020
-0.409 0.387 -1.174
-0.423 0.583 -0.994
-0.402 0.551 -1.015
-0.428 0.327 -1.255
-0.435 0.519 -1.044
-0.378 0.524 -1.049
-0.181 0.404 -1.292
-0.135 0.631 -0.989
-0.359 0.674 -0.942
-0.346 0.632 -1.007
-0.325 0.656 -0.989
-0.255 0.294 -1.428
-0.085 0.626 -0.949
-0.440 0.360 -1.225
-0.393 0.352 -1.209
-0.366 0.325 -1.237
-0.344 0.371 -1.223
-0.128 0.408 -1.247
-0.171 0.445 -1.233
-0.256 0.680 -0.978
-0.083 0.536 -1.070
-0.192 0.553 -1.105
-0.137 0.517 -1.117
-0.138 0.565 -1.057
-0.376 0.226 -1.336
-0.326 0.328 -1.341
-0.340 0.272 -1.313
-0.333 0.237 -1.366
-0.318 0.289 -1.393
-0.255 0.339 -1.379
-0.438 0.286 -1.303
-0.424 0.440 -1.118
-0.359 0.386 -1.183
-0.333 0.420 -1.232
-0.349 0.443 -1.154
-0.329 0.533 -1.123
-0.331 0.495 -1.160
-0.358 0.489 -1.102
-0.375 0.582 -1.007
-0.222 0.368 -1.344
-0.386 0.276 -1.287
-0.107 0.479 -1.144
-0.130 0.450 -1.189
-0.342 0.313 -1.276
-0.328 0.374 -1.291
-0.272 0.570 -1.106
-0.265 0.535 -1.148
-0.343 0.568 -1.076
-0.281 0.376 -1.325
-0.246 0.646 -1.014
-0.327 0.599 -1.055
-0.214 0.455 -1.234
-0.307 0.458 -1.217
-0.271 0.487 -1.202
-0.222 0.499 -1.185
-0.276 0.427 -1.268
-0.219 0.606 -1.050
-0.283 0.616 -1.050
-0.176 0.504 -1.164
-0.233 0.418 -1.281
-0.400 0.669 -0.934
-0.393 0.607 -0.972
