-0.563 0.210 -1.434
-0.557 0.234 -1.403
-0.559 0.267 -1.379
-0.557 0.288 -1.350
-0.557 0.308 -1.337
-0.553 0.347 -1.286
-0.552 0.377 -1.286
-0.545 0.463 -1.152
-0.538 0.532 -1.078
-0.636 0.588 -1.137
-0.605 0.526 -1.252
-0.571 0.279 -1.504
-0.591 0.438 -1.349
-0.689 0.666 -1.033
-0.507 0.640 -0.978
-0.531 0.652 -0.973
-0.585 0.327 -1.470
-0.614 0.558 -1.200
-0.597 0.583 -1.136
-0.545 0.566 -1.053
-0.563 0.243 -1.417
-0.556 0.663 -0.984
-0.594 0.385 -1.407
-0.578 0.383 -1.366
-0.593 0.478 -1.306
-0.553 0.493 -1.195
-0.660 0.608 -1.065
-0.617 0.615 -1.060
-0.640 0.686 -1.000
-0.538 0.606 -1.012
-0.558 0.287 -1.443
-0.578 0.342 -1.423
-0.555 0.359 -1.344
-0.554 0.320 -1.385
-0.563 0.419 -1.299
-0.578 0.491 -1.257
-0.581 0.531 -1.204
-0.569 0.591 -1.079
-0.551 0.431 -1.257
-0.554 0.541 -1.132
-0.592 0.648 -1.014
-0.040 0.632 -0.974
-0.037 0.617 -1.007
-0.042 0.595 -1.035
-0.044 0.567 -1.075
-0.061 0.521 -1.132
-0.051 0.465 -1.209
-0.068 0.365 -1.310
-0.062 0.314 -1.375
-0.027 0.219 -1.482
0.032 0.204 -1.470
0.007 0.224 -1.453
0.031 0.236 -1.432
0.036 0.273 -1.389
0.036 0.343 -1.306
0.039 0.380 -1.263
0.031 0.431 -1.202
0.038 0.501 -1.123
0.011 0.594 -1.056
-0.031 0.507 -1.164
0.002 0.616 -1.038
0.009 0.484 -1.169
-0.061 0.244 -1.480
-0.008 0.257 -1.432
-0.062 0.295 -1.405
-0.005 0.378 -1.307
0.008 0.397 -1.276
-0.002 0.468 -1.198
-0.003 0.435 -1.236
0.004 0.532 -1.125
-0.042 0.542 -1.123
-0.019 0.574 -1.089
-0.041 0.276 -1.436
-0.020 0.344 -1.352
0.018 0.324 -1.337
-0.011 0.297 -1.397
-0.045 0.392 -1.283
-0.448 0.667 -0.995
-0.438 0.631 -1.004
-0.444 0.613 -1.018
-0.453 0.527 -1.070
-0.467 0.471 -1.096
-0.464 0.417 -1.158
-0.461 0.386 -1.193
-0.435 0.248 -1.332
-0.448 0.234 -1.352
-0.557 0.248 -1.389
-0.556 0.317 -1.313
-0.555 0.340 -1.305
-0.551 0.367 -1.260
-0.551 0.390 -1.241
-0.550 0.405 -1.224
-0.549 0.415 -1.206
-0.547 0.426 -1.191
-0.546 0.442 -1.179
-0.546 0.493 -1.140
-0.544 0.509 -1.115
-0.533 0.504 -1.096
-0.528 0.557 -1.045
-0.511 0.582 -1.024
-0.473 0.656 -0.987
-0.516 0.486 -1.110
-0.460 0.652 -1.001
-0.465 0.186 -1.413
-0.481 0.224 -1.378
-0.520 0.286 -1.323
-0.476 0.513 -1.089
-0.486 0.546 -1.053
-0.500 0.196 -1.418
-0.508 0.348 -1.251
-0.469 0.311 -1.284
-0.516 0.377 -1.218
-0.460 0.571 -1.049
-0.476 0.442 -1.130
-0.501 0.407 -1.178
-0.529 0.230 -1.389
-0.523 0.319 -1.289
-0.527 0.446 -1.149
-0.506 0.255 -1.351
-0.472 0.614 -1.018
0.050 0.237 -1.456
0.036 0.255 -1.410
0.035 0.286 -1.371
0.037 0.305 -1.352
0.038 0.322 -1.332
0.037 0.361 -1.285
0.035 0.410 -1.226
0.040 0.448 -1.183
0.038 0.473 -1.155
0.029 0.494 -1.136
0.029 0.520 -1.109
0.032 0.539 -1.088
0.035 0.557 -1.067
0.012 0.638 -1.010
-0.015 0.635 -0.993
-0.502 0.598 -1.007
-0.012 0.812 -0.941
-0.028 0.742 -0.899
0.043 0.725 -0.933
-0.049 0.833 -0.933
-0.153 0.845 -0.887
-0.087 0.800 -0.897
-0.061 0.778 -0.872
-0.037 0.765 -0.904
0.003 0.737 -0.914
-0.045 0.806 -0.921
0.045 0.287 -1.548
0.047 0.315 -1.537
0.150 0.617 -1.137
0.067 0.818 -0.983
0.052 0.236 -1.498
0.061 0.378 -1.463
0.018 0.663 -0.971
0.045 0.276 -1.537
0.222 0.713 -1.014
0.049 0.687 -0.932
0.060 0.646 -0.972
0.081 0.478 -1.344
0.072 0.427 -1.404
0.120 0.571 -1.218
0.051 0.328 -1.471
0.055 0.351 -1.426
0.053 0.753 -0.946
0.065 0.428 -1.338
0.071 0.466 -1.301
0.059 0.399 -1.299
0.051 0.413 -1.238
0.063 0.501 -1.160
0.036 0.582 -1.042
0.141 0.639 -1.055
0.183 0.660 -1.037
0.135 0.713 -0.976
0.116 0.765 -0.982
0.033 0.790 -0.953
0.063 0.452 -1.256
0.058 0.360 -1.336
0.059 0.467 -1.199
0.079 0.550 -1.135
0.047 0.290 -1.492
0.060 0.385 -1.386
0.080 0.514 -1.229
0.115 0.612 -1.090
0.059 0.534 -1.101
0.092 0.518 -1.288
0.054 0.292 -1.417
0.075 0.570 -1.082
0.113 0.585 -1.154
0.042 0.613 -1.010
0.090 0.548 -1.190
0.081 0.682 -0.960
0.114 0.652 -1.011
0.057 0.330 -1.373
0.073 0.602 -1.031
-0.535 0.747 -1.035
-0.440 0.792 -1.011
-0.510 0.760 -1.034
-0.551 0.740 -1.035
-0.501 0.676 -0.939
-0.482 0.735 -0.918
-0.361 0.795 -0.887
-0.415 0.802 -0.950
-0.422 0.772 -0.905
-0.520 0.710 -0.939
-0.524 0.749 -0.951
-0.536 0.745 -1.003
-0.561 0.695 -0.966
-0.272 0.725 -0.927
-0.253 0.707 -0.955
-0.163 0.706 -0.938
-0.123 0.694 -0.923
-0.369 0.710 -0.898
-0.290 0.847 -0.903
-0.347 0.708 -0.915
-0.356 0.767 -0.853
-0.334 0.822 -0.902
-0.321 0.731 -0.895
-0.090 0.793 -0.884
-0.312 0.777 -0.874
-0.193 0.716 -0.942
-0.107 0.746 -0.872
-0.248 0.832 -0.857
-0.154 0.737 -0.900
-0.168 0.775 -0.886
-0.228 0.727 -0.940
-0.281 0.750 -0.888
-0.252 0.787 -0.874
-0.217 0.762 -0.913
-0.197 0.830 -0.866
-0.134 0.823 -0.886
-0.285 0.809 -0.883
-0.372 0.160 -1.383
-0.433 0.194 -1.388
-0.314 0.699 -0.940
-0.224 0.253 -1.449
-0.401 0.647 -0.945
-0.182 0.232 -1.482
-0.088 0.265 -1.441
-0.064 0.601 -0.991
-0.139 0.671 -0.956
-0.471 0.265 -1.324
-0.335 0.174 -1.390
-0.299 0.684 -0.965
-0.106 0.301 -1.390
-0.079 0.427 -1.242
-0.441 0.579 -1.035
-0.250 0.222 -1.464
-0.072 0.491 -1.162
-0.092 0.501 -1.112
-0.191 0.666 -0.986
-0.118 0.372 -1.281
-0.164 0.355 -1.323
-0.086 0.339 -1.335
-0.310 0.230 -1.447
-0.391 0.471 -1.085
-0.093 0.446 -1.195
-0.436 0.215 -1.368
-0.376 0.415 -1.138
-0.167 0.616 -1.025
-0.160 0.317 -1.373
-0.173 0.284 -1.418
-0.113 0.241 -1.482
-0.152 0.259 -1.456
-0.082 0.569 -1.023
-0.410 0.381 -1.173
-0.424 0.582 -0.998
-0.403 0.549 -1.019
-0.428 0.318 -1.252
-0.435 0.516 -1.047
-0.378 0.521 -1.052
-0.181 0.393 -1.291
-0.135 0.629 -0.993
-0.360 0.673 -0.948
-0.346 0.629 -1.012
-0.325 0.653 -0.995
-0.255 0.280 -1.423
-0.084 0.625 -0.954
-0.440 0.352 -1.224
-0.393 0.344 -1.206
-0.366 0.316 -1.234
-0.344 0.362 -1.221
-0.128 0.399 -1.246
-0.170 0.436 -1.233
-0.256 0.677 -0.983
-0.083 0.532 -1.073
-0.192 0.548 -1.107
-0.137 0.511 -1.119
-0.138 0.561 -1.060
-0.376 0.214 -1.330
-0.326 0.316 -1.337
-0.340 0.260 -1.308
-0.333 0.225 -1.360
-0.318 0.276 -1.389
-0.254 0.326 -1.376
-0.438 0.276 -1.299
-0.425 0.435 -1.118
-0.360 0.379 -1.181
-0.333 0.411 -1.232
-0.349 0.436 -1.154
-0.329 0.527 -1.125
-0.331 0.488 -1.161
-0.359 0.484 -1.103
-0.376 0.579 -1.011
-0.222 0.356 -1.342
-0.386 0.266 -1.282
-0.107 0.472 -1.146
-0.129 0.443 -1.189
-0.342 0.303 -1.272
-0.328 0.363 -1.289
-0.271 0.564 -1.109
-0.265 0.528 -1.150
-0.343 0.563 -1.079
-0.280 0.365 -1.323
-0.246 0.642 -1.018
-0.327 0.595 -1.059
-0.214 0.446 -1.234
-0.307 0.449 -1.217
-0.271 0.479 -1.203
-0.221 0.491 -1.187
-0.276 0.417 -1.267
-0.219 0.602 -1.054
-0.283 0.612 -1.054
-0.176 0.497 -1.165
-0.233 0.408 -1.280
-0.400 0.669 -0.941
-0.394 0.606 -0.977
