-0.562 0.197 -1.430
-0.557 0.222 -1.399
-0.559 0.256 -1.376
-0.556 0.277 -1.348
-0.557 0.298 -1.335
-0.553 0.338 -1.285
-0.551 0.368 -1.286
-0.545 0.458 -1.154
-0.539 0.529 -1.083
-0.635 0.585 -1.145
-0.604 0.519 -1.257
-0.568 0.264 -1.501
-0.588 0.428 -1.352
-0.689 0.666 -1.043
-0.507 0.640 -0.985
-0.532 0.652 -0.981
-0.582 0.314 -1.469
-0.613 0.552 -1.206
-0.596 0.579 -1.143
-0.545 0.564 -1.059
-0.562 0.231 -1.414
-0.557 0.663 -0.992
-0.591 0.373 -1.408
-0.576 0.373 -1.367
-0.591 0.469 -1.310
-0.552 0.487 -1.199
-0.660 0.606 -1.073
-0.617 0.613 -1.068
-0.640 0.686 -1.010
-0.539 0.605 -1.018
-0.556 0.274 -1.441
-0.575 0.330 -1.422
-0.553 0.349 -1.343
-0.553 0.309 -1.383
-0.561 0.410 -1.301
-0.577 0.484 -1.261
-0.580 0.525 -1.208
-0.569 0.589 -1.086
-0.550 0.423 -1.258
-0.554 0.537 -1.137
-0.592 0.648 -1.023
-0.040 0.631 -0.979
-0.037 0.615 -1.012
-0.041 0.592 -1.039
-0.044 0.563 -1.078
-0.061 0.515 -1.134
-0.050 0.457 -1.209
-0.068 0.354 -1.308
-0.062 0.301 -1.371
-0.027 0.204 -1.476
0.032 0.190 -1.464
0.007 0.210 -1.447
0.032 0.223 -1.426
0.037 0.261 -1.385
0.037 0.334 -1.304
0.040 0.371 -1.262
0.032 0.424 -1.202
0.039 0.496 -1.126
0.012 0.591 -1.061
-0.031 0.501 -1.166
0.003 0.614 -1.043
0.009 0.478 -1.171
-0.062 0.228 -1.474
-0.008 0.243 -1.427
-0.062 0.281 -1.400
-0.004 0.368 -1.306
0.008 0.388 -1.275
-0.002 0.461 -1.199
-0.002 0.427 -1.237
0.004 0.527 -1.128
-0.041 0.536 -1.125
-0.019 0.570 -1.093
-0.041 0.262 -1.431
-0.020 0.332 -1.349
0.018 0.314 -1.334
-0.011 0.285 -1.393
-0.044 0.382 -1.282
-0.448 0.666 -1.002
-0.438 0.629 -1.010
-0.444 0.611 -1.024
-0.454 0.523 -1.074
-0.468 0.467 -1.098
-0.465 0.411 -1.158
-0.462 0.379 -1.192
-0.436 0.236 -1.326
-0.448 0.222 -1.346
-0.556 0.237 -1.385
-0.555 0.308 -1.312
-0.555 0.331 -1.304
-0.550 0.359 -1.260
-0.551 0.383 -1.241
-0.550 0.398 -1.225
-0.549 0.409 -1.207
-0.547 0.420 -1.192
-0.546 0.437 -1.181
-0.546 0.488 -1.144
-0.545 0.505 -1.118
-0.534 0.501 -1.099
-0.529 0.555 -1.050
-0.512 0.580 -1.029
-0.474 0.655 -0.994
-0.517 0.482 -1.113
-0.461 0.650 -1.007
-0.464 0.173 -1.406
-0.481 0.212 -1.373
-0.519 0.276 -1.320
-0.476 0.509 -1.092
-0.487 0.544 -1.057
-0.499 0.183 -1.412
-0.508 0.340 -1.249
-0.469 0.302 -1.281
-0.516 0.370 -1.217
-0.461 0.569 -1.054
-0.477 0.437 -1.131
-0.501 0.401 -1.178
-0.528 0.218 -1.384
-0.523 0.310 -1.287
-0.527 0.441 -1.151
-0.506 0.244 -1.346
-0.473 0.612 -1.024
0.051 0.224 -1.451
0.037 0.243 -1.405
0.036 0.275 -1.368
0.038 0.294 -1.349
0.038 0.312 -1.329
0.038 0.352 -1.284
0.036 0.403 -1.226
0.041 0.442 -1.184
0.039 0.467 -1.156
0.029 0.489 -1.139
0.030 0.516 -1.112
0.032 0.535 -1.092
0.036 0.554 -1.071
0.012 0.637 -1.016
-0.014 0.634 -0.998
-0.503 0.597 -1.013
-0.012 0.812 -0.951
-0.028 0.743 -0.907
0.044 0.726 -0.942
-0.049 0.833 -0.944
-0.153 0.845 -0.897
-0.087 0.800 -0.907
-0.060 0.779 -0.881
-0.037 0.765 -0.913
0.004 0.737 -0.923
-0.045 0.806 -0.931
0.044 0.270 -1.544
0.045 0.299 -1.534
0.149 0.613 -1.144
0.067 0.817 -0.994
0.052 0.221 -1.493
0.059 0.364 -1.462
0.019 0.662 -0.978
0.044 0.260 -1.533
0.222 0.713 -1.024
0.050 0.687 -0.939
0.061 0.646 -0.979
0.080 0.467 -1.346
0.071 0.415 -1.404
0.119 0.565 -1.223
0.050 0.314 -1.469
0.054 0.338 -1.424
0.053 0.753 -0.955
0.064 0.418 -1.339
0.070 0.457 -1.303
0.059 0.389 -1.298
0.051 0.406 -1.238
0.064 0.496 -1.163
0.036 0.580 -1.046
0.141 0.638 -1.063
0.183 0.659 -1.045
0.135 0.714 -0.985
0.116 0.765 -0.992
0.033 0.790 -0.963
0.062 0.444 -1.257
0.058 0.350 -1.335
0.059 0.461 -1.201
0.079 0.545 -1.139
0.046 0.276 -1.489
0.059 0.374 -1.386
0.079 0.507 -1.233
0.115 0.609 -1.096
0.059 0.530 -1.105
0.091 0.509 -1.291
0.054 0.280 -1.414
0.076 0.567 -1.087
0.113 0.580 -1.160
0.042 0.611 -1.015
0.090 0.542 -1.195
0.082 0.683 -0.968
0.115 0.652 -1.019
0.057 0.319 -1.371
0.073 0.601 -1.037
-0.535 0.746 -1.045
-0.439 0.791 -1.021
-0.509 0.758 -1.044
-0.550 0.739 -1.045
-0.502 0.677 -0.947
-0.482 0.736 -0.928
-0.361 0.795 -0.896
-0.415 0.802 -0.961
-0.423 0.773 -0.915
-0.520 0.711 -0.949
-0.524 0.749 -0.961
-0.536 0.745 -1.013
-0.561 0.695 -0.975
-0.272 0.723 -0.934
-0.253 0.705 -0.960
-0.163 0.705 -0.944
-0.122 0.693 -0.929
-0.370 0.711 -0.905
-0.290 0.847 -0.913
-0.347 0.708 -0.922
-0.357 0.768 -0.861
-0.334 0.822 -0.912
-0.322 0.731 -0.902
-0.090 0.793 -0.893
-0.313 0.778 -0.883
-0.192 0.714 -0.948
-0.106 0.747 -0.880
-0.248 0.833 -0.867
-0.153 0.736 -0.907
-0.168 0.775 -0.894
-0.227 0.724 -0.946
-0.281 0.750 -0.895
-0.252 0.787 -0.882
-0.217 0.761 -0.920
-0.197 0.830 -0.875
-0.134 0.823 -0.896
-0.285 0.810 -0.892
-0.372 0.146 -1.374
-0.433 0.181 -1.380
-0.314 0.698 -0.946
-0.224 0.237 -1.442
-0.401 0.646 -0.951
-0.182 0.215 -1.475
-0.087 0.250 -1.435
-0.063 0.599 -0.995
-0.139 0.669 -0.962
-0.471 0.254 -1.319
-0.335 0.159 -1.381
-0.299 0.682 -0.971
-0.105 0.288 -1.385
-0.079 0.418 -1.241
-0.442 0.576 -1.040
-0.249 0.205 -1.456
-0.072 0.484 -1.164
-0.091 0.495 -1.113
-0.191 0.664 -0.990
-0.118 0.361 -1.278
-0.164 0.343 -1.320
-0.086 0.327 -1.331
-0.310 0.214 -1.440
-0.391 0.466 -1.086
-0.092 0.438 -1.194
-0.436 0.202 -1.361
-0.377 0.409 -1.137
-0.167 0.612 -1.029
-0.160 0.304 -1.368
-0.173 0.269 -1.413
-0.113 0.225 -1.475
-0.152 0.243 -1.450
-0.081 0.566 -1.027
-0.411 0.374 -1.171
-0.425 0.580 -1.003
-0.404 0.546 -1.022
-0.428 0.309 -1.248
-0.436 0.513 -1.049
-0.379 0.517 -1.054
-0.180 0.382 -1.288
-0.134 0.626 -0.997
-0.360 0.673 -0.954
-0.346 0.626 -1.017
-0.325 0.650 -1.000
-0.254 0.264 -1.417
-0.083 0.624 -0.959
-0.441 0.344 -1.221
-0.394 0.336 -1.203
-0.367 0.307 -1.229
-0.345 0.353 -1.218
-0.127 0.389 -1.244
-0.170 0.427 -1.232
-0.256 0.674 -0.988
-0.082 0.528 -1.076
-0.192 0.542 -1.109
-0.136 0.505 -1.121
-0.137 0.556 -1.062
-0.377 0.202 -1.323
-0.326 0.303 -1.332
-0.340 0.249 -1.301
-0.333 0.211 -1.352
-0.318 0.262 -1.382
-0.254 0.313 -1.371
-0.438 0.266 -1.294
-0.426 0.430 -1.118
-0.360 0.371 -1.179
-0.333 0.401 -1.230
-0.350 0.429 -1.153
-0.329 0.521 -1.126
-0.331 0.481 -1.162
-0.359 0.479 -1.104
-0.376 0.577 -1.014
-0.222 0.343 -1.338
-0.387 0.256 -1.276
-0.106 0.466 -1.146
-0.129 0.435 -1.189
-0.342 0.292 -1.267
-0.328 0.352 -1.286
-0.271 0.558 -1.111
-0.264 0.520 -1.151
-0.343 0.558 -1.082
-0.280 0.353 -1.319
-0.245 0.638 -1.022
-0.327 0.591 -1.062
-0.214 0.436 -1.233
-0.307 0.440 -1.216
-0.271 0.470 -1.203
-0.221 0.483 -1.187
-0.276 0.406 -1.265
-0.219 0.597 -1.057
-0.283 0.607 -1.058
-0.176 0.489 -1.166
-0.232 0.397 -1.277
-0.401 0.668 -0.947
-0.394 0.605 -0.982
