-0.562 0.184 -1.423
-0.556 0.210 -1.393
-0.558 0.245 -1.371
-0.556 0.267 -1.344
-0.556 0.287 -1.332
-0.552 0.330 -1.283
-0.551 0.360 -1.285
-0.545 0.453 -1.156
-0.539 0.527 -1.087
-0.635 0.581 -1.152
-0.602 0.511 -1.262
-0.565 0.249 -1.497
-0.586 0.417 -1.353
-0.689 0.666 -1.053
-0.508 0.640 -0.992
-0.533 0.652 -0.989
-0.579 0.299 -1.467
-0.612 0.546 -1.212
-0.595 0.574 -1.149
-0.546 0.562 -1.064
-0.561 0.218 -1.408
-0.557 0.663 -1.000
-0.589 0.361 -1.408
-0.574 0.361 -1.366
-0.589 0.460 -1.312
-0.552 0.481 -1.202
-0.661 0.605 -1.081
-0.617 0.612 -1.075
-0.640 0.686 -1.020
-0.539 0.604 -1.025
-0.554 0.260 -1.437
-0.573 0.317 -1.421
-0.552 0.339 -1.342
-0.551 0.297 -1.380
-0.560 0.401 -1.301
-0.575 0.476 -1.264
-0.579 0.519 -1.213
-0.569 0.586 -1.092
-0.549 0.415 -1.259
-0.554 0.533 -1.141
-0.593 0.648 -1.031
-0.039 0.630 -0.985
-0.036 0.613 -1.017
-0.040 0.589 -1.043
-0.044 0.559 -1.082
-0.061 0.509 -1.136
-0.050 0.449 -1.209
-0.068 0.343 -1.304
-0.062 0.288 -1.365
-0.027 0.188 -1.468
0.033 0.175 -1.457
0.008 0.195 -1.440
0.032 0.209 -1.420
0.037 0.249 -1.380
0.037 0.324 -1.301
0.040 0.363 -1.260
0.033 0.417 -1.202
0.039 0.492 -1.128
0.012 0.588 -1.065
-0.031 0.494 -1.167
0.003 0.611 -1.048
0.009 0.471 -1.172
-0.062 0.212 -1.466
-0.007 0.229 -1.421
-0.062 0.267 -1.394
-0.004 0.357 -1.303
0.008 0.378 -1.273
-0.002 0.453 -1.199
-0.002 0.418 -1.236
0.004 0.522 -1.130
-0.041 0.531 -1.128
-0.019 0.565 -1.097
-0.041 0.247 -1.425
-0.020 0.320 -1.345
0.018 0.302 -1.330
-0.011 0.271 -1.388
-0.044 0.372 -1.279
-0.448 0.665 -1.009
-0.439 0.628 -1.016
-0.444 0.609 -1.029
-0.455 0.520 -1.076
-0.469 0.463 -1.099
-0.466 0.405 -1.158
-0.462 0.372 -1.190
-0.436 0.225 -1.319
-0.448 0.210 -1.339
-0.556 0.225 -1.380
-0.555 0.298 -1.309
-0.554 0.322 -1.302
-0.550 0.351 -1.259
-0.551 0.375 -1.241
-0.550 0.391 -1.225
-0.549 0.403 -1.208
-0.547 0.414 -1.193
-0.546 0.431 -1.182
-0.546 0.484 -1.146
-0.545 0.501 -1.122
-0.534 0.497 -1.102
-0.530 0.553 -1.055
-0.513 0.579 -1.034
-0.474 0.654 -1.001
-0.517 0.478 -1.115
-0.461 0.649 -1.014
-0.464 0.159 -1.398
-0.481 0.200 -1.366
-0.519 0.266 -1.316
-0.477 0.506 -1.095
-0.488 0.542 -1.061
-0.499 0.169 -1.404
-0.508 0.331 -1.247
-0.469 0.292 -1.277
-0.516 0.363 -1.216
-0.461 0.566 -1.058
-0.477 0.432 -1.132
-0.502 0.394 -1.178
-0.528 0.206 -1.378
-0.523 0.301 -1.284
-0.528 0.436 -1.152
-0.506 0.233 -1.341
-0.473 0.611 -1.030
0.051 0.209 -1.445
0.037 0.229 -1.399
0.037 0.263 -1.363
0.038 0.282 -1.345
0.039 0.301 -1.325
0.038 0.342 -1.281
0.037 0.395 -1.225
0.042 0.436 -1.184
0.039 0.462 -1.157
0.030 0.484 -1.140
0.030 0.511 -1.115
0.033 0.531 -1.095
0.037 0.551 -1.075
0.013 0.635 -1.022
-0.014 0.632 -1.004
-0.504 0.596 -1.019
-0.012 0.811 -0.962
-0.027 0.743 -0.916
0.044 0.726 -0.951
-0.050 0.833 -0.954
-0.153 0.845 -0.907
-0.087 0.800 -0.916
-0.059 0.780 -0.891
-0.036 0.766 -0.922
0.005 0.738 -0.932
-0.045 0.806 -0.941
0.042 0.253 -1.539
0.043 0.282 -1.529
0.149 0.609 -1.150
0.066 0.817 -1.005
0.051 0.206 -1.487
0.058 0.350 -1.460
0.020 0.662 -0.985
0.043 0.243 -1.528
0.222 0.713 -1.034
0.051 0.688 -0.947
0.062 0.646 -0.986
0.079 0.456 -1.348
0.069 0.402 -1.404
0.118 0.558 -1.228
0.049 0.299 -1.465
0.053 0.325 -1.421
0.053 0.754 -0.965
0.063 0.407 -1.339
0.069 0.447 -1.304
0.059 0.380 -1.297
0.052 0.398 -1.238
0.064 0.491 -1.165
0.037 0.578 -1.051
0.141 0.636 -1.070
0.183 0.658 -1.054
0.135 0.714 -0.995
0.116 0.765 -1.002
0.033 0.790 -0.973
0.062 0.436 -1.258
0.058 0.339 -1.333
0.059 0.454 -1.202
0.079 0.540 -1.143
0.045 0.260 -1.484
0.059 0.361 -1.384
0.079 0.500 -1.235
0.115 0.606 -1.102
0.060 0.526 -1.108
0.090 0.500 -1.294
0.054 0.266 -1.409
0.076 0.564 -1.092
0.112 0.575 -1.165
0.043 0.610 -1.021
0.089 0.536 -1.199
0.083 0.683 -0.976
0.115 0.651 -1.026
0.057 0.307 -1.367
0.074 0.599 -1.042
-0.534 0.745 -1.056
-0.439 0.790 -1.031
-0.508 0.757 -1.054
-0.550 0.738 -1.055
-0.503 0.678 -0.955
-0.483 0.737 -0.937
-0.361 0.796 -0.906
-0.414 0.802 -0.971
-0.423 0.774 -0.925
-0.521 0.712 -0.958
-0.524 0.750 -0.972
-0.535 0.744 -1.024
-0.561 0.696 -0.984
-0.272 0.721 -0.939
-0.252 0.702 -0.965
-0.162 0.703 -0.950
-0.121 0.692 -0.935
-0.371 0.712 -0.913
-0.290 0.847 -0.923
-0.348 0.708 -0.929
-0.358 0.770 -0.870
-0.334 0.822 -0.921
-0.322 0.731 -0.909
-0.090 0.794 -0.903
-0.313 0.779 -0.891
-0.192 0.712 -0.953
-0.105 0.748 -0.888
-0.248 0.834 -0.876
-0.153 0.736 -0.913
-0.167 0.775 -0.902
-0.227 0.722 -0.951
-0.282 0.750 -0.903
-0.253 0.788 -0.891
-0.216 0.759 -0.926
-0.196 0.830 -0.884
-0.134 0.823 -0.905
-0.285 0.810 -0.902
-0.373 0.133 -1.363
-0.433 0.168 -1.372
-0.315 0.698 -0.953
-0.224 0.221 -1.434
-0.402 0.646 -0.957
-0.182 0.198 -1.466
-0.087 0.235 -1.428
-0.062 0.597 -0.999
-0.138 0.667 -0.967
-0.472 0.244 -1.314
-0.336 0.145 -1.370
-0.299 0.681 -0.977
-0.105 0.273 -1.379
-0.078 0.409 -1.239
-0.442 0.574 -1.044
-0.249 0.188 -1.447
-0.071 0.478 -1.164
-0.091 0.490 -1.114
-0.190 0.661 -0.995
-0.118 0.350 -1.274
-0.163 0.331 -1.315
-0.086 0.314 -1.326
-0.310 0.198 -1.430
-0.393 0.462 -1.086
-0.092 0.430 -1.193
-0.437 0.190 -1.353
-0.378 0.403 -1.135
-0.166 0.609 -1.033
-0.160 0.290 -1.362
-0.173 0.254 -1.405
-0.113 0.208 -1.467
-0.152 0.227 -1.442
-0.081 0.563 -1.030
-0.412 0.367 -1.169
-0.426 0.579 -1.007
-0.405 0.544 -1.025
-0.429 0.300 -1.244
-0.437 0.511 -1.052
-0.380 0.514 -1.055
-0.180 0.370 -1.285
-0.134 0.624 -1.002
-0.360 0.672 -0.961
-0.346 0.623 -1.021
-0.325 0.648 -1.005
-0.254 0.249 -1.409
-0.082 0.623 -0.964
-0.441 0.336 -1.218
-0.395 0.328 -1.199
-0.368 0.298 -1.224
-0.345 0.344 -1.213
-0.127 0.379 -1.241
-0.170 0.417 -1.230
-0.256 0.672 -0.994
-0.081 0.524 -1.077
-0.191 0.536 -1.111
-0.136 0.499 -1.121
-0.137 0.552 -1.065
-0.378 0.190 -1.314
-0.326 0.290 -1.326
-0.341 0.237 -1.293
-0.334 0.198 -1.343
-0.318 0.247 -1.375
-0.254 0.298 -1.365
-0.439 0.255 -1.288
-0.427 0.426 -1.118
-0.361 0.364 -1.175
-0.333 0.392 -1.227
-0.350 0.422 -1.151
-0.329 0.514 -1.127
-0.331 0.473 -1.161
-0.360 0.474 -1.104
-0.377 0.575 -1.018
-0.222 0.329 -1.333
-0.388 0.245 -1.269
-0.105 0.460 -1.146
-0.128 0.427 -1.187
-0.343 0.281 -1.260
-0.328 0.341 -1.281
-0.271 0.552 -1.113
-0.264 0.513 -1.152
-0.342 0.554 -1.084
-0.280 0.340 -1.314
-0.245 0.634 -1.026
-0.327 0.586 -1.066
-0.213 0.426 -1.231
-0.307 0.431 -1.214
-0.271 0.461 -1.202
-0.221 0.475 -1.186
-0.276 0.395 -1.262
-0.219 0.593 -1.060
-0.283 0.603 -1.061
-0.175 0.482 -1.165
-0.232 0.385 -1.274
-0.401 0.668 -0.954
-0.395 0.604 -0.986
