-0.428 0.035 -0.203
-0.432 0.075 -0.200
-0.426 0.115 -0.208
-0.431 0.150 -0.208
-0.426 0.173 -0.211
-0.434 0.238 -0.213
-0.412 0.258 -0.218
-0.441 0.415 -0.219
-0.438 0.518 -0.222
-0.360 0.511 -0.325
-0.338 0.379 -0.299
-0.334 0.031 -0.230
-0.334 0.249 -0.273
-0.373 0.664 -0.344
-0.420 0.670 -0.200
-0.419 0.676 -0.227
-0.326 0.088 -0.252
-0.347 0.440 -0.307
-0.366 0.505 -0.286
-0.428 0.558 -0.230
-0.417 0.070 -0.209
-0.398 0.673 -0.246
-0.332 0.171 -0.269
-0.358 0.202 -0.250
-0.335 0.308 -0.281
-0.392 0.403 -0.238
-0.377 0.591 -0.339
-0.376 0.588 -0.296
-0.384 0.680 -0.313
-0.427 0.616 -0.227
-0.368 0.082 -0.215
-0.347 0.132 -0.244
-0.385 0.204 -0.221
-0.384 0.147 -0.215
-0.376 0.276 -0.239
-0.357 0.354 -0.267
-0.364 0.420 -0.273
-0.391 0.554 -0.253
-0.394 0.316 -0.228
-0.398 0.482 -0.242
-0.382 0.640 -0.270
-0.047 0.673 -0.105
-0.055 0.638 -0.114
-0.063 0.604 -0.113
-0.072 0.556 -0.115
-0.086 0.483 -0.104
-0.083 0.389 -0.117
-0.083 0.247 -0.089
-0.081 0.165 -0.094
-0.046 0.022 -0.111
0.008 0.022 -0.141
-0.013 0.048 -0.126
0.005 0.072 -0.143
0.005 0.128 -0.151
0.001 0.236 -0.157
0.001 0.293 -0.163
-0.007 0.373 -0.162
-0.009 0.478 -0.174
-0.049 0.589 -0.165
-0.073 0.450 -0.134
-0.058 0.617 -0.159
-0.037 0.431 -0.156
-0.083 0.039 -0.099
-0.034 0.085 -0.125
-0.082 0.129 -0.096
-0.046 0.257 -0.143
-0.035 0.293 -0.150
-0.048 0.399 -0.150
-0.046 0.348 -0.147
-0.048 0.496 -0.158
-0.080 0.503 -0.125
-0.069 0.550 -0.144
-0.069 0.093 -0.114
-0.057 0.201 -0.130
-0.014 0.201 -0.143
-0.044 0.137 -0.130
-0.069 0.285 -0.110
-0.367 0.673 -0.161
-0.385 0.643 -0.144
-0.391 0.620 -0.147
-0.423 0.525 -0.139
-0.450 0.468 -0.140
-0.449 0.387 -0.131
-0.448 0.341 -0.125
-0.437 0.148 -0.079
-0.437 0.123 -0.090
-0.432 0.095 -0.202
-0.436 0.197 -0.210
-0.425 0.219 -0.214
-0.436 0.270 -0.213
-0.434 0.300 -0.217
-0.434 0.322 -0.218
-0.439 0.343 -0.218
-0.441 0.361 -0.217
-0.437 0.382 -0.219
-0.427 0.444 -0.226
-0.432 0.474 -0.226
-0.446 0.486 -0.212
-0.439 0.560 -0.213
-0.434 0.594 -0.199
-0.390 0.673 -0.179
-0.446 0.464 -0.193
-0.379 0.659 -0.170
-0.433 0.044 -0.100
-0.437 0.094 -0.122
-0.443 0.172 -0.169
-0.428 0.501 -0.159
-0.432 0.549 -0.172
-0.434 0.043 -0.137
-0.449 0.268 -0.166
-0.445 0.222 -0.123
-0.450 0.311 -0.177
-0.407 0.569 -0.156
-0.453 0.423 -0.146
-0.452 0.362 -0.166
-0.438 0.085 -0.170
-0.445 0.219 -0.178
-0.450 0.407 -0.198
-0.441 0.132 -0.151
-0.399 0.620 -0.173
0.006 0.053 -0.167
0.007 0.101 -0.149
0.005 0.150 -0.150
0.004 0.176 -0.154
0.003 0.203 -0.156
0.001 0.264 -0.159
-0.003 0.341 -0.162
-0.003 0.398 -0.171
-0.007 0.436 -0.171
-0.016 0.463 -0.167
-0.019 0.501 -0.169
-0.019 0.529 -0.173
-0.018 0.557 -0.176
-0.053 0.653 -0.165
-0.050 0.662 -0.135
-0.428 0.618 -0.192
-0.121 0.813 -0.243
-0.052 0.825 -0.195
-0.049 0.770 -0.225
-0.142 0.821 -0.233
-0.157 0.847 -0.196
-0.112 0.837 -0.189
-0.073 0.835 -0.171
-0.071 0.828 -0.203
-0.045 0.803 -0.211
-0.113 0.824 -0.219
-0.072 0.007 -0.219
-0.085 0.033 -0.230
-0.073 0.538 -0.310
-0.136 0.784 -0.289
-0.012 0.018 -0.183
-0.086 0.130 -0.242
-0.044 0.700 -0.168
-0.060 0.010 -0.211
-0.095 0.712 -0.326
-0.029 0.746 -0.203
-0.019 0.687 -0.203
-0.087 0.285 -0.263
-0.086 0.207 -0.253
-0.082 0.443 -0.292
-0.061 0.094 -0.216
-0.053 0.144 -0.214
-0.072 0.777 -0.248
-0.057 0.260 -0.228
-0.062 0.313 -0.237
-0.019 0.275 -0.199
-0.003 0.332 -0.181
-0.017 0.448 -0.206
-0.022 0.593 -0.178
-0.055 0.618 -0.288
-0.060 0.650 -0.325
-0.060 0.722 -0.280
-0.102 0.755 -0.289
-0.104 0.793 -0.258
-0.032 0.341 -0.213
-0.013 0.222 -0.192
-0.015 0.396 -0.200
-0.034 0.497 -0.229
-0.047 0.054 -0.204
-0.055 0.196 -0.220
-0.057 0.399 -0.242
-0.053 0.572 -0.266
-0.011 0.515 -0.199
-0.085 0.354 -0.270
-0.009 0.117 -0.184
-0.022 0.552 -0.221
-0.064 0.503 -0.273
-0.022 0.637 -0.185
-0.059 0.451 -0.252
-0.035 0.717 -0.230
-0.042 0.658 -0.258
-0.012 0.175 -0.189
-0.018 0.613 -0.216
-0.312 0.728 -0.321
-0.283 0.781 -0.286
-0.300 0.741 -0.314
-0.319 0.721 -0.324
-0.413 0.723 -0.207
-0.394 0.777 -0.234
-0.343 0.833 -0.194
-0.321 0.805 -0.255
-0.370 0.815 -0.230
-0.396 0.737 -0.240
-0.375 0.751 -0.271
-0.338 0.735 -0.301
-0.386 0.704 -0.258
-0.276 0.771 -0.100
-0.254 0.740 -0.097
-0.162 0.751 -0.094
-0.117 0.752 -0.093
-0.376 0.773 -0.121
-0.286 0.848 -0.212
-0.352 0.762 -0.117
-0.368 0.831 -0.156
-0.313 0.839 -0.208
-0.329 0.794 -0.117
-0.105 0.833 -0.172
-0.316 0.832 -0.149
-0.193 0.756 -0.097
-0.100 0.818 -0.124
-0.249 0.881 -0.170
-0.149 0.798 -0.105
-0.166 0.828 -0.129
-0.229 0.764 -0.100
-0.289 0.815 -0.117
-0.257 0.847 -0.135
-0.218 0.807 -0.115
-0.197 0.872 -0.165
-0.141 0.845 -0.181
-0.282 0.843 -0.169
-0.423 0.059 -0.000
-0.433 0.072 -0.069
-0.316 0.742 -0.105
-0.227 0.070 -0.027
-0.407 0.700 -0.111
-0.188 0.031 -0.041
-0.101 0.083 -0.080
-0.060 0.641 -0.079
-0.136 0.714 -0.085
-0.441 0.162 -0.117
-0.389 0.065 0.019
-0.300 0.714 -0.098
-0.114 0.145 -0.067
-0.097 0.339 -0.090
-0.404 0.586 -0.138
-0.255 0.037 -0.022
-0.091 0.441 -0.095
-0.088 0.486 -0.063
-0.190 0.690 -0.088
-0.116 0.275 -0.050
-0.163 0.232 -0.036
-0.096 0.212 -0.075
-0.315 0.057 -0.019
-0.418 0.482 -0.071
-0.097 0.388 -0.070
-0.434 0.099 -0.075
-0.411 0.407 -0.052
-0.166 0.627 -0.078
-0.161 0.169 -0.038
-0.176 0.112 -0.037
-0.125 0.036 -0.070
-0.158 0.067 -0.050
-0.075 0.596 -0.066
-0.435 0.356 -0.073
-0.421 0.617 -0.119
-0.419 0.582 -0.093
-0.439 0.255 -0.082
-0.438 0.537 -0.115
-0.401 0.540 -0.073
-0.181 0.281 -0.036
-0.131 0.659 -0.074
-0.362 0.716 -0.111
-0.344 0.641 -0.103
-0.323 0.670 -0.102
-0.256 0.108 -0.023
-0.073 0.685 -0.067
-0.443 0.297 -0.100
-0.427 0.309 -0.053
-0.411 0.273 -0.027
-0.377 0.313 -0.033
-0.123 0.319 -0.045
-0.170 0.353 -0.043
-0.256 0.698 -0.091
-0.079 0.535 -0.068
-0.191 0.519 -0.068
-0.133 0.487 -0.053
-0.134 0.565 -0.062
-0.424 0.133 -0.014
-0.334 0.194 -0.037
-0.387 0.183 -0.003
-0.375 0.120 0.004
-0.325 0.130 -0.030
-0.255 0.174 -0.027
-0.440 0.191 -0.085
-0.439 0.432 -0.095
-0.398 0.352 -0.038
-0.340 0.335 -0.059
-0.374 0.409 -0.052
-0.329 0.491 -0.083
-0.333 0.438 -0.076
-0.380 0.479 -0.063
-0.389 0.610 -0.084
-0.223 0.218 -0.032
-0.426 0.202 -0.033
-0.101 0.442 -0.054
-0.124 0.390 -0.044
-0.383 0.237 -0.015
-0.333 0.261 -0.048
-0.271 0.529 -0.069
-0.265 0.475 -0.062
-0.342 0.548 -0.091
-0.281 0.239 -0.034
-0.245 0.649 -0.085
-0.324 0.584 -0.093
-0.215 0.358 -0.047
-0.308 0.372 -0.061
-0.272 0.403 -0.053
-0.222 0.423 -0.056
-0.277 0.314 -0.042
-0.218 0.595 -0.079
-0.282 0.601 -0.080
-0.176 0.443 -0.057
-0.233 0.299 -0.040
-0.401 0.717 -0.123
-0.406 0.651 -0.097
