-0.561 0.171 -1.416
-0.555 0.198 -1.387
-0.557 0.233 -1.366
-0.555 0.256 -1.339
-0.556 0.277 -1.328
-0.552 0.321 -1.280
-0.550 0.350 -1.283
-0.546 0.448 -1.158
-0.540 0.524 -1.090
-0.634 0.577 -1.158
-0.601 0.503 -1.266
-0.563 0.233 -1.492
-0.584 0.406 -1.354
-0.689 0.666 -1.063
-0.509 0.640 -0.999
-0.533 0.652 -0.996
-0.577 0.285 -1.463
-0.611 0.540 -1.217
-0.595 0.570 -1.155
-0.547 0.560 -1.069
-0.560 0.205 -1.402
-0.558 0.663 -1.009
-0.586 0.348 -1.407
-0.573 0.350 -1.365
-0.587 0.450 -1.314
-0.551 0.475 -1.204
-0.661 0.604 -1.089
-0.618 0.610 -1.083
-0.640 0.687 -1.030
-0.540 0.603 -1.031
-0.552 0.246 -1.432
-0.571 0.304 -1.418
-0.551 0.328 -1.339
-0.550 0.285 -1.377
-0.559 0.391 -1.301
-0.574 0.468 -1.266
-0.579 0.512 -1.217
-0.569 0.583 -1.098
-0.549 0.407 -1.259
-0.554 0.528 -1.145
-0.593 0.647 -1.039
-0.038 0.629 -0.990
-0.035 0.611 -1.022
-0.040 0.587 -1.047
-0.043 0.555 -1.085
-0.060 0.504 -1.137
-0.050 0.441 -1.208
-0.068 0.331 -1.299
-0.062 0.274 -1.359
-0.026 0.171 -1.458
0.033 0.159 -1.447
0.008 0.180 -1.431
0.033 0.195 -1.411
0.038 0.236 -1.373
0.038 0.313 -1.297
0.041 0.354 -1.257
0.033 0.410 -1.201
0.040 0.487 -1.130
0.012 0.585 -1.070
-0.030 0.487 -1.168
0.003 0.608 -1.053
0.010 0.465 -1.173
-0.062 0.194 -1.456
-0.007 0.214 -1.413
-0.062 0.252 -1.387
-0.004 0.346 -1.299
0.009 0.368 -1.271
-0.001 0.446 -1.199
-0.002 0.409 -1.234
0.005 0.517 -1.132
-0.041 0.526 -1.130
-0.018 0.561 -1.100
-0.041 0.231 -1.417
-0.020 0.307 -1.340
0.019 0.291 -1.325
-0.011 0.257 -1.381
-0.044 0.361 -1.275
-0.448 0.664 -1.016
-0.439 0.626 -1.022
-0.445 0.607 -1.034
-0.455 0.517 -1.079
-0.470 0.459 -1.100
-0.466 0.400 -1.156
-0.463 0.366 -1.188
-0.437 0.213 -1.311
-0.449 0.198 -1.330
-0.555 0.213 -1.374
-0.555 0.288 -1.305
-0.554 0.312 -1.299
-0.550 0.343 -1.257
-0.551 0.368 -1.239
-0.550 0.384 -1.224
-0.549 0.396 -1.207
-0.547 0.408 -1.193
-0.547 0.425 -1.182
-0.546 0.479 -1.149
-0.545 0.498 -1.125
-0.535 0.494 -1.105
-0.530 0.552 -1.059
-0.513 0.578 -1.039
-0.475 0.654 -1.008
-0.518 0.474 -1.117
-0.461 0.648 -1.020
-0.465 0.145 -1.387
-0.481 0.187 -1.357
-0.519 0.256 -1.310
-0.477 0.502 -1.097
-0.488 0.539 -1.064
-0.499 0.155 -1.395
-0.509 0.323 -1.243
-0.470 0.282 -1.271
-0.517 0.356 -1.214
-0.462 0.564 -1.062
-0.478 0.428 -1.131
-0.502 0.389 -1.177
-0.528 0.193 -1.371
-0.523 0.292 -1.280
-0.528 0.431 -1.153
-0.506 0.222 -1.334
-0.474 0.609 -1.035
0.051 0.194 -1.437
0.038 0.216 -1.392
0.037 0.250 -1.356
0.039 0.270 -1.339
0.039 0.289 -1.320
0.039 0.333 -1.277
0.037 0.387 -1.223
0.042 0.429 -1.184
0.040 0.456 -1.158
0.030 0.479 -1.141
0.031 0.507 -1.117
0.034 0.528 -1.098
0.037 0.548 -1.078
0.013 0.633 -1.028
-0.013 0.631 -1.010
-0.504 0.596 -1.024
-0.012 0.811 -0.972
-0.026 0.744 -0.925
0.045 0.727 -0.960
-0.050 0.833 -0.965
-0.153 0.845 -0.917
-0.087 0.800 -0.926
-0.059 0.781 -0.900
-0.036 0.766 -0.931
0.005 0.739 -0.941
-0.045 0.806 -0.951
0.040 0.235 -1.532
0.041 0.264 -1.524
0.148 0.604 -1.157
0.066 0.816 -1.016
0.051 0.189 -1.479
0.056 0.334 -1.457
0.020 0.661 -0.992
0.041 0.225 -1.521
0.222 0.713 -1.044
0.052 0.689 -0.955
0.063 0.646 -0.993
0.077 0.445 -1.348
0.067 0.389 -1.403
0.117 0.551 -1.233
0.048 0.283 -1.460
0.052 0.310 -1.417
0.053 0.754 -0.975
0.063 0.396 -1.337
0.068 0.437 -1.304
0.059 0.370 -1.295
0.052 0.389 -1.236
0.064 0.485 -1.167
0.038 0.575 -1.055
0.141 0.634 -1.078
0.183 0.658 -1.062
0.136 0.714 -1.004
0.116 0.764 -1.013
0.033 0.790 -0.983
0.062 0.427 -1.258
0.058 0.328 -1.329
0.060 0.447 -1.202
0.079 0.536 -1.147
0.044 0.243 -1.478
0.058 0.348 -1.381
0.078 0.492 -1.238
0.115 0.603 -1.108
0.061 0.523 -1.111
0.089 0.490 -1.297
0.054 0.253 -1.403
0.077 0.560 -1.096
0.112 0.570 -1.170
0.044 0.609 -1.027
0.089 0.529 -1.202
0.083 0.683 -0.984
0.115 0.650 -1.034
0.057 0.294 -1.363
0.074 0.597 -1.048
-0.534 0.744 -1.066
-0.438 0.789 -1.042
-0.508 0.756 -1.065
-0.549 0.737 -1.066
-0.504 0.679 -0.963
-0.483 0.738 -0.946
-0.362 0.797 -0.915
-0.414 0.802 -0.981
-0.423 0.775 -0.934
-0.522 0.713 -0.967
-0.525 0.750 -0.982
-0.535 0.744 -1.034
-0.562 0.697 -0.993
-0.272 0.719 -0.944
-0.252 0.700 -0.970
-0.162 0.702 -0.955
-0.121 0.692 -0.941
-0.371 0.712 -0.920
-0.290 0.847 -0.933
-0.348 0.708 -0.936
-0.358 0.772 -0.879
-0.334 0.823 -0.931
-0.323 0.731 -0.916
-0.089 0.794 -0.912
-0.314 0.780 -0.900
-0.192 0.710 -0.958
-0.104 0.749 -0.895
-0.248 0.835 -0.886
-0.152 0.736 -0.920
-0.167 0.775 -0.909
-0.227 0.720 -0.956
-0.282 0.751 -0.910
-0.253 0.788 -0.899
-0.216 0.758 -0.932
-0.196 0.830 -0.893
-0.134 0.823 -0.915
-0.285 0.811 -0.911
-0.374 0.119 -1.350
-0.434 0.155 -1.361
-0.315 0.697 -0.959
-0.224 0.203 -1.424
-0.403 0.646 -0.962
-0.182 0.180 -1.455
-0.087 0.218 -1.419
-0.061 0.596 -1.003
-0.138 0.666 -0.972
-0.472 0.233 -1.307
-0.337 0.131 -1.358
-0.299 0.679 -0.983
-0.105 0.259 -1.371
-0.078 0.399 -1.237
-0.443 0.572 -1.048
-0.249 0.171 -1.435
-0.071 0.471 -1.164
-0.090 0.485 -1.114
-0.190 0.658 -0.999
-0.117 0.339 -1.269
-0.163 0.318 -1.308
-0.085 0.302 -1.320
-0.310 0.181 -1.419
-0.394 0.458 -1.085
-0.091 0.422 -1.191
-0.437 0.177 -1.344
-0.379 0.397 -1.132
-0.166 0.605 -1.036
-0.160 0.275 -1.354
-0.173 0.237 -1.396
-0.113 0.191 -1.457
-0.152 0.210 -1.432
-0.080 0.561 -1.033
-0.413 0.360 -1.165
-0.427 0.577 -1.011
-0.406 0.542 -1.027
-0.430 0.291 -1.238
-0.439 0.508 -1.054
-0.381 0.511 -1.057
-0.180 0.358 -1.280
-0.133 0.621 -1.006
-0.361 0.671 -0.967
-0.346 0.621 -1.025
-0.325 0.646 -1.009
-0.254 0.232 -1.400
-0.081 0.623 -0.968
-0.442 0.328 -1.214
-0.396 0.320 -1.194
-0.369 0.289 -1.217
-0.346 0.335 -1.208
-0.126 0.369 -1.236
-0.169 0.407 -1.226
-0.256 0.669 -0.998
-0.081 0.520 -1.079
-0.191 0.530 -1.112
-0.135 0.494 -1.121
-0.136 0.548 -1.067
-0.379 0.178 -1.303
-0.326 0.277 -1.319
-0.342 0.225 -1.284
-0.334 0.184 -1.332
-0.318 0.232 -1.365
-0.254 0.283 -1.357
-0.439 0.245 -1.281
-0.428 0.421 -1.117
-0.362 0.356 -1.171
-0.333 0.382 -1.223
-0.351 0.415 -1.149
-0.329 0.508 -1.128
-0.331 0.466 -1.160
-0.361 0.469 -1.103
-0.378 0.573 -1.021
-0.222 0.316 -1.326
-0.389 0.235 -1.261
-0.105 0.453 -1.145
-0.128 0.419 -1.185
-0.344 0.271 -1.252
-0.328 0.329 -1.275
-0.270 0.546 -1.114
-0.264 0.506 -1.152
-0.342 0.549 -1.086
-0.280 0.327 -1.308
-0.245 0.631 -1.030
-0.326 0.582 -1.068
-0.213 0.416 -1.228
-0.306 0.421 -1.211
-0.270 0.452 -1.200
-0.221 0.466 -1.185
-0.276 0.384 -1.258
-0.218 0.588 -1.062
-0.282 0.598 -1.064
-0.175 0.474 -1.165
-0.232 0.374 -1.269
-0.402 0.669 -0.961
-0.396 0.603 -0.991
