-0.561 0.157 -1.407
-0.555 0.185 -1.378
-0.557 0.221 -1.359
-0.555 0.245 -1.333
-0.555 0.266 -1.322
-0.552 0.311 -1.276
-0.549 0.341 -1.280
-0.544 0.443 -1.158
-0.538 0.521 -1.093
-0.628 0.574 -1.164
-0.597 0.495 -1.268
-0.561 0.217 -1.485
-0.581 0.394 -1.353
-0.679 0.666 -1.073
-0.505 0.639 -1.005
-0.529 0.651 -1.003
-0.574 0.269 -1.458
-0.606 0.534 -1.221
-0.589 0.566 -1.160
-0.543 0.558 -1.073
-0.559 0.192 -1.394
-0.552 0.663 -1.016
-0.584 0.335 -1.404
-0.571 0.338 -1.362
-0.584 0.440 -1.315
-0.549 0.468 -1.205
-0.654 0.603 -1.096
-0.611 0.609 -1.089
-0.632 0.687 -1.040
-0.536 0.602 -1.036
-0.551 0.232 -1.425
-0.569 0.290 -1.413
-0.550 0.316 -1.335
-0.549 0.272 -1.371
-0.557 0.381 -1.299
-0.571 0.459 -1.267
-0.575 0.505 -1.219
-0.563 0.581 -1.104
-0.547 0.398 -1.258
-0.550 0.524 -1.148
-0.587 0.646 -1.047
-0.040 0.627 -0.994
-0.037 0.608 -1.026
-0.042 0.583 -1.050
-0.045 0.550 -1.087
-0.061 0.497 -1.137
-0.051 0.432 -1.207
-0.068 0.319 -1.293
-0.062 0.260 -1.350
-0.026 0.154 -1.446
0.034 0.143 -1.436
0.009 0.164 -1.420
0.034 0.180 -1.402
0.038 0.222 -1.365
0.038 0.302 -1.291
0.041 0.344 -1.253
0.033 0.402 -1.199
0.039 0.482 -1.130
0.010 0.581 -1.073
-0.032 0.480 -1.168
0.001 0.605 -1.057
0.009 0.458 -1.172
-0.062 0.177 -1.445
-0.007 0.199 -1.403
-0.062 0.237 -1.378
-0.005 0.334 -1.295
0.008 0.358 -1.267
-0.002 0.438 -1.198
-0.003 0.400 -1.232
0.003 0.511 -1.133
-0.042 0.519 -1.131
-0.020 0.556 -1.103
-0.041 0.215 -1.407
-0.020 0.294 -1.333
0.019 0.279 -1.318
-0.011 0.243 -1.373
-0.044 0.350 -1.271
-0.444 0.661 -1.023
-0.435 0.624 -1.028
-0.442 0.604 -1.039
-0.454 0.512 -1.080
-0.469 0.454 -1.099
-0.466 0.393 -1.154
-0.463 0.358 -1.184
-0.437 0.201 -1.302
-0.449 0.186 -1.321
-0.555 0.201 -1.366
-0.554 0.278 -1.300
-0.553 0.302 -1.295
-0.550 0.335 -1.253
-0.550 0.359 -1.237
-0.549 0.376 -1.222
-0.548 0.389 -1.206
-0.547 0.401 -1.192
-0.545 0.419 -1.182
-0.544 0.474 -1.150
-0.543 0.493 -1.126
-0.533 0.490 -1.106
-0.528 0.549 -1.063
-0.510 0.575 -1.043
-0.471 0.652 -1.014
-0.517 0.470 -1.118
-0.458 0.646 -1.027
-0.465 0.131 -1.376
-0.481 0.174 -1.348
-0.519 0.245 -1.304
-0.476 0.498 -1.098
-0.486 0.536 -1.067
-0.499 0.142 -1.385
-0.508 0.314 -1.239
-0.470 0.272 -1.265
-0.516 0.348 -1.210
-0.459 0.560 -1.066
-0.478 0.422 -1.130
-0.502 0.382 -1.174
-0.528 0.181 -1.362
-0.523 0.282 -1.274
-0.527 0.425 -1.152
-0.506 0.210 -1.326
-0.470 0.607 -1.041
0.051 0.179 -1.427
0.038 0.202 -1.383
0.037 0.237 -1.348
0.039 0.258 -1.332
0.040 0.278 -1.314
0.039 0.322 -1.273
0.037 0.379 -1.220
0.042 0.422 -1.182
0.039 0.450 -1.157
0.029 0.473 -1.141
0.029 0.502 -1.117
0.032 0.523 -1.099
0.035 0.544 -1.080
0.010 0.631 -1.033
-0.016 0.629 -1.014
-0.501 0.594 -1.029
-0.016 0.811 -0.983
-0.029 0.745 -0.932
0.041 0.727 -0.968
-0.053 0.832 -0.975
-0.153 0.845 -0.927
-0.088 0.801 -0.935
-0.060 0.783 -0.908
-0.038 0.767 -0.939
0.002 0.740 -0.948
-0.048 0.806 -0.961
0.039 0.216 -1.524
0.040 0.245 -1.516
0.144 0.600 -1.161
0.059 0.815 -1.028
0.051 0.172 -1.469
0.054 0.318 -1.452
0.017 0.660 -0.998
0.040 0.207 -1.512
0.212 0.713 -1.055
0.048 0.690 -0.962
0.059 0.645 -0.998
0.076 0.432 -1.347
0.066 0.375 -1.400
0.115 0.543 -1.235
0.047 0.267 -1.453
0.051 0.296 -1.411
0.049 0.754 -0.984
0.062 0.384 -1.335
0.067 0.426 -1.303
0.059 0.359 -1.291
0.052 0.381 -1.233
0.063 0.478 -1.167
0.035 0.572 -1.058
0.136 0.632 -1.083
0.177 0.656 -1.068
0.129 0.714 -1.013
0.109 0.764 -1.023
0.028 0.790 -0.994
0.061 0.418 -1.256
0.058 0.316 -1.324
0.059 0.439 -1.201
0.077 0.530 -1.149
0.044 0.226 -1.469
0.057 0.335 -1.377
0.077 0.483 -1.238
0.110 0.600 -1.113
0.059 0.518 -1.113
0.087 0.480 -1.297
0.054 0.238 -1.395
0.074 0.556 -1.099
0.109 0.564 -1.174
0.041 0.606 -1.030
0.087 0.522 -1.204
0.079 0.683 -0.991
0.111 0.649 -1.040
0.057 0.282 -1.356
0.071 0.595 -1.051
-0.527 0.743 -1.076
-0.433 0.788 -1.052
-0.501 0.755 -1.075
-0.542 0.735 -1.076
-0.499 0.679 -0.971
-0.480 0.739 -0.956
-0.361 0.798 -0.925
-0.411 0.801 -0.991
-0.421 0.776 -0.944
-0.517 0.714 -0.976
-0.520 0.751 -0.992
-0.529 0.743 -1.044
-0.556 0.697 -1.003
-0.272 0.719 -0.952
-0.252 0.699 -0.977
-0.162 0.701 -0.962
-0.121 0.691 -0.947
-0.371 0.713 -0.927
-0.290 0.847 -0.943
-0.348 0.708 -0.942
-0.358 0.773 -0.888
-0.334 0.823 -0.941
-0.322 0.732 -0.924
-0.090 0.795 -0.920
-0.314 0.781 -0.909
-0.192 0.709 -0.965
-0.104 0.750 -0.903
-0.248 0.836 -0.896
-0.152 0.736 -0.928
-0.167 0.775 -0.918
-0.227 0.719 -0.964
-0.282 0.751 -0.918
-0.253 0.789 -0.907
-0.216 0.758 -0.941
-0.196 0.831 -0.902
-0.134 0.823 -0.924
-0.285 0.811 -0.920
-0.376 0.105 -1.337
-0.434 0.141 -1.350
-0.315 0.696 -0.966
-0.224 0.186 -1.412
-0.402 0.645 -0.967
-0.182 0.161 -1.443
-0.087 0.202 -1.408
-0.063 0.593 -1.006
-0.138 0.664 -0.977
-0.472 0.221 -1.298
-0.338 0.116 -1.344
-0.299 0.677 -0.989
-0.105 0.243 -1.362
-0.079 0.389 -1.233
-0.440 0.568 -1.051
-0.249 0.153 -1.423
-0.072 0.463 -1.163
-0.091 0.478 -1.113
-0.190 0.656 -1.005
-0.117 0.328 -1.263
-0.163 0.304 -1.301
-0.085 0.289 -1.313
-0.309 0.163 -1.407
-0.393 0.453 -1.084
-0.092 0.414 -1.189
-0.438 0.164 -1.333
-0.379 0.390 -1.129
-0.166 0.602 -1.039
-0.160 0.260 -1.346
-0.173 0.221 -1.386
-0.112 0.172 -1.445
-0.152 0.192 -1.421
-0.080 0.557 -1.034
-0.413 0.353 -1.161
-0.426 0.575 -1.014
-0.405 0.539 -1.028
-0.430 0.281 -1.231
-0.438 0.504 -1.054
-0.380 0.506 -1.057
-0.180 0.346 -1.274
-0.134 0.618 -1.009
-0.361 0.670 -0.973
-0.346 0.618 -1.030
-0.325 0.643 -1.014
-0.254 0.215 -1.389
-0.082 0.620 -0.972
-0.442 0.320 -1.208
-0.397 0.312 -1.188
-0.370 0.280 -1.209
-0.346 0.326 -1.202
-0.126 0.359 -1.232
-0.170 0.397 -1.223
-0.256 0.667 -1.004
-0.081 0.514 -1.079
-0.191 0.524 -1.113
-0.136 0.487 -1.121
-0.137 0.543 -1.068
-0.380 0.166 -1.292
-0.326 0.264 -1.310
-0.343 0.213 -1.274
-0.335 0.170 -1.321
-0.318 0.217 -1.355
-0.254 0.268 -1.349
-0.440 0.234 -1.273
-0.428 0.415 -1.114
-0.363 0.348 -1.166
-0.333 0.372 -1.219
-0.351 0.408 -1.146
-0.329 0.502 -1.128
-0.331 0.458 -1.159
-0.360 0.463 -1.102
-0.377 0.570 -1.023
-0.222 0.302 -1.319
-0.390 0.224 -1.252
-0.105 0.446 -1.143
-0.128 0.410 -1.182
-0.344 0.260 -1.244
-0.328 0.317 -1.269
-0.271 0.540 -1.116
-0.264 0.498 -1.152
-0.342 0.544 -1.088
-0.280 0.314 -1.301
-0.245 0.628 -1.034
-0.326 0.578 -1.071
-0.213 0.406 -1.225
-0.307 0.412 -1.208
-0.270 0.443 -1.198
-0.221 0.457 -1.184
-0.276 0.372 -1.254
-0.218 0.584 -1.066
-0.282 0.594 -1.068
-0.175 0.466 -1.164
-0.232 0.362 -1.265
-0.402 0.667 -0.965
-0.395 0.600 -0.994
