-0.561 0.143 -1.396
-0.555 0.171 -1.368
-0.556 0.208 -1.350
-0.554 0.233 -1.325
-0.554 0.254 -1.315
-0.551 0.301 -1.270
-0.547 0.331 -1.275
-0.542 0.437 -1.157
-0.534 0.517 -1.095
-0.619 0.571 -1.171
-0.589 0.487 -1.271
-0.559 0.200 -1.476
-0.577 0.382 -1.350
-0.670 0.666 -1.083
-0.499 0.637 -1.010
-0.523 0.650 -1.009
-0.572 0.253 -1.451
-0.597 0.528 -1.226
-0.581 0.562 -1.166
-0.538 0.555 -1.077
-0.559 0.178 -1.384
-0.546 0.662 -1.024
-0.581 0.321 -1.399
-0.568 0.325 -1.357
-0.579 0.430 -1.314
-0.544 0.460 -1.205
-0.646 0.602 -1.104
-0.603 0.607 -1.097
-0.624 0.687 -1.050
-0.531 0.600 -1.041
-0.550 0.217 -1.416
-0.567 0.276 -1.407
-0.548 0.304 -1.330
-0.548 0.259 -1.364
-0.554 0.370 -1.296
-0.566 0.450 -1.267
-0.568 0.498 -1.222
-0.556 0.578 -1.109
-0.544 0.389 -1.255
-0.544 0.518 -1.151
-0.579 0.645 -1.055
-0.043 0.623 -0.997
-0.041 0.604 -1.028
-0.045 0.578 -1.052
-0.047 0.544 -1.087
-0.064 0.489 -1.136
-0.052 0.423 -1.203
-0.068 0.306 -1.286
-0.062 0.245 -1.341
-0.025 0.136 -1.434
0.035 0.127 -1.423
0.010 0.148 -1.408
0.034 0.165 -1.390
0.039 0.208 -1.355
0.038 0.291 -1.284
0.040 0.334 -1.247
0.032 0.394 -1.194
0.037 0.475 -1.128
0.007 0.577 -1.075
-0.034 0.472 -1.166
-0.003 0.601 -1.060
0.007 0.450 -1.170
-0.061 0.159 -1.433
-0.006 0.183 -1.392
-0.062 0.221 -1.368
-0.005 0.322 -1.288
0.007 0.347 -1.261
-0.004 0.429 -1.195
-0.004 0.390 -1.228
0.001 0.504 -1.133
-0.045 0.512 -1.131
-0.023 0.550 -1.104
-0.041 0.198 -1.397
-0.021 0.281 -1.325
0.019 0.266 -1.310
-0.011 0.228 -1.363
-0.045 0.338 -1.265
-0.439 0.658 -1.029
-0.430 0.620 -1.032
-0.437 0.600 -1.043
-0.451 0.507 -1.080
-0.467 0.448 -1.097
-0.465 0.385 -1.149
-0.462 0.349 -1.178
-0.437 0.189 -1.291
-0.449 0.173 -1.310
-0.554 0.188 -1.356
-0.553 0.267 -1.293
-0.552 0.292 -1.288
-0.548 0.325 -1.248
-0.548 0.351 -1.233
-0.547 0.368 -1.219
-0.546 0.381 -1.203
-0.544 0.394 -1.189
-0.543 0.413 -1.180
-0.541 0.468 -1.150
-0.539 0.489 -1.128
-0.530 0.486 -1.107
-0.524 0.546 -1.065
-0.506 0.572 -1.046
-0.465 0.649 -1.020
-0.514 0.465 -1.117
-0.452 0.642 -1.033
-0.466 0.116 -1.363
-0.481 0.161 -1.336
-0.519 0.233 -1.295
-0.473 0.492 -1.098
-0.483 0.531 -1.068
-0.499 0.127 -1.373
-0.508 0.305 -1.233
-0.469 0.261 -1.257
-0.515 0.339 -1.205
-0.455 0.555 -1.067
-0.477 0.415 -1.126
-0.501 0.374 -1.170
-0.528 0.168 -1.351
-0.522 0.272 -1.267
-0.525 0.419 -1.150
-0.506 0.198 -1.316
-0.465 0.603 -1.045
0.052 0.163 -1.416
0.039 0.187 -1.372
0.038 0.224 -1.339
0.039 0.245 -1.323
0.040 0.266 -1.306
0.038 0.312 -1.266
0.036 0.369 -1.215
0.040 0.414 -1.179
0.037 0.443 -1.155
0.027 0.466 -1.139
0.027 0.496 -1.116
0.029 0.518 -1.099
0.032 0.539 -1.081
0.006 0.628 -1.036
-0.019 0.625 -1.017
-0.496 0.591 -1.032
-0.021 0.810 -0.993
-0.032 0.747 -0.939
0.036 0.728 -0.976
-0.057 0.831 -0.986
-0.153 0.845 -0.937
-0.090 0.802 -0.943
-0.061 0.785 -0.917
-0.041 0.768 -0.947
-0.002 0.741 -0.956
-0.051 0.806 -0.970
0.039 0.197 -1.514
0.039 0.227 -1.507
0.138 0.595 -1.165
0.053 0.813 -1.040
0.051 0.155 -1.457
0.053 0.302 -1.445
0.012 0.659 -1.003
0.040 0.188 -1.501
0.202 0.713 -1.065
0.043 0.690 -0.968
0.055 0.644 -1.002
0.073 0.420 -1.344
0.064 0.360 -1.395
0.110 0.535 -1.236
0.046 0.251 -1.445
0.050 0.281 -1.404
0.043 0.754 -0.993
0.060 0.371 -1.330
0.065 0.415 -1.300
0.058 0.348 -1.286
0.051 0.371 -1.228
0.061 0.471 -1.165
0.032 0.568 -1.059
0.130 0.629 -1.087
0.171 0.654 -1.074
0.122 0.714 -1.022
0.102 0.763 -1.034
0.023 0.789 -1.004
0.060 0.407 -1.252
0.058 0.304 -1.317
0.057 0.431 -1.198
0.073 0.524 -1.149
0.043 0.209 -1.460
0.056 0.321 -1.371
0.074 0.474 -1.237
0.105 0.596 -1.116
0.056 0.512 -1.112
0.084 0.469 -1.296
0.054 0.224 -1.386
0.070 0.552 -1.100
0.104 0.558 -1.175
0.037 0.603 -1.033
0.083 0.514 -1.204
0.073 0.683 -0.997
0.105 0.647 -1.045
0.056 0.268 -1.348
0.067 0.592 -1.054
-0.520 0.742 -1.086
-0.428 0.787 -1.061
-0.495 0.754 -1.085
-0.535 0.735 -1.086
-0.494 0.680 -0.978
-0.475 0.740 -0.965
-0.359 0.799 -0.934
-0.408 0.801 -1.001
-0.418 0.776 -0.953
-0.511 0.714 -0.985
-0.514 0.750 -1.002
-0.523 0.743 -1.054
-0.549 0.697 -1.012
-0.272 0.719 -0.961
-0.252 0.698 -0.986
-0.162 0.700 -0.969
-0.122 0.690 -0.953
-0.370 0.712 -0.933
-0.290 0.847 -0.953
-0.347 0.707 -0.949
-0.357 0.774 -0.897
-0.333 0.823 -0.951
-0.322 0.732 -0.932
-0.091 0.797 -0.929
-0.313 0.781 -0.918
-0.192 0.709 -0.974
-0.105 0.751 -0.912
-0.248 0.836 -0.905
-0.153 0.736 -0.936
-0.167 0.776 -0.927
-0.227 0.719 -0.973
-0.281 0.751 -0.927
-0.252 0.789 -0.917
-0.216 0.759 -0.951
-0.197 0.832 -0.912
-0.135 0.824 -0.933
-0.284 0.811 -0.930
-0.377 0.090 -1.322
-0.435 0.127 -1.337
-0.314 0.695 -0.973
-0.223 0.168 -1.400
-0.400 0.643 -0.971
-0.181 0.142 -1.429
-0.087 0.185 -1.397
-0.065 0.588 -1.007
-0.139 0.662 -0.983
-0.472 0.210 -1.289
-0.339 0.101 -1.330
-0.299 0.676 -0.996
-0.105 0.228 -1.352
-0.080 0.378 -1.229
-0.436 0.563 -1.053
-0.249 0.135 -1.409
-0.074 0.454 -1.161
-0.092 0.471 -1.111
-0.190 0.654 -1.011
-0.118 0.316 -1.256
-0.164 0.291 -1.294
-0.086 0.275 -1.305
-0.309 0.146 -1.394
-0.392 0.447 -1.081
-0.093 0.404 -1.185
-0.438 0.151 -1.321
-0.378 0.382 -1.124
-0.167 0.598 -1.043
-0.160 0.245 -1.336
-0.173 0.204 -1.375
-0.112 0.154 -1.432
-0.151 0.174 -1.409
-0.083 0.551 -1.034
-0.412 0.345 -1.155
-0.424 0.571 -1.015
-0.403 0.535 -1.028
-0.430 0.271 -1.223
-0.436 0.499 -1.053
-0.379 0.501 -1.055
-0.181 0.334 -1.268
-0.135 0.615 -1.013
-0.360 0.669 -0.978
-0.345 0.614 -1.033
-0.325 0.641 -1.020
-0.254 0.198 -1.378
-0.085 0.617 -0.974
-0.442 0.310 -1.202
-0.396 0.302 -1.180
-0.370 0.269 -1.201
-0.346 0.316 -1.196
-0.127 0.348 -1.226
-0.170 0.386 -1.219
-0.256 0.666 -1.012
-0.083 0.508 -1.078
-0.192 0.518 -1.114
-0.137 0.479 -1.120
-0.138 0.538 -1.069
-0.381 0.153 -1.280
-0.326 0.250 -1.301
-0.343 0.201 -1.263
-0.336 0.156 -1.308
-0.318 0.201 -1.345
-0.254 0.253 -1.340
-0.440 0.223 -1.264
-0.427 0.408 -1.110
-0.362 0.339 -1.160
-0.333 0.362 -1.214
-0.351 0.400 -1.142
-0.329 0.494 -1.128
-0.331 0.450 -1.157
-0.359 0.456 -1.100
-0.375 0.565 -1.024
-0.222 0.287 -1.312
-0.390 0.213 -1.241
-0.107 0.437 -1.140
-0.129 0.401 -1.178
-0.344 0.248 -1.235
-0.328 0.305 -1.262
-0.271 0.534 -1.119
-0.265 0.491 -1.153
-0.342 0.538 -1.089
-0.280 0.300 -1.295
-0.245 0.626 -1.041
-0.326 0.573 -1.074
-0.214 0.396 -1.221
-0.307 0.402 -1.205
-0.271 0.434 -1.197
-0.222 0.449 -1.183
-0.276 0.361 -1.249
-0.219 0.580 -1.070
-0.283 0.590 -1.072
-0.176 0.458 -1.162
-0.233 0.350 -1.260
-0.401 0.665 -0.969
-0.394 0.597 -0.996
