-0.561 0.128 -1.382
-0.555 0.157 -1.356
-0.556 0.194 -1.339
-0.553 0.220 -1.315
-0.553 0.242 -1.306
-0.549 0.291 -1.263
-0.545 0.320 -1.269
-0.538 0.431 -1.155
-0.530 0.513 -1.096
-0.609 0.567 -1.178
-0.579 0.478 -1.273
-0.557 0.181 -1.465
-0.571 0.369 -1.347
-0.660 0.666 -1.093
-0.494 0.636 -1.015
-0.518 0.649 -1.015
-0.569 0.237 -1.442
-0.587 0.522 -1.230
-0.571 0.558 -1.171
-0.533 0.552 -1.080
-0.558 0.164 -1.372
-0.540 0.661 -1.031
-0.577 0.306 -1.393
-0.564 0.312 -1.351
-0.571 0.418 -1.313
-0.538 0.452 -1.205
-0.637 0.602 -1.113
-0.595 0.605 -1.105
-0.615 0.686 -1.060
-0.526 0.597 -1.044
-0.548 0.201 -1.406
-0.563 0.260 -1.399
-0.545 0.291 -1.323
-0.546 0.244 -1.355
-0.549 0.359 -1.292
-0.558 0.440 -1.267
-0.559 0.491 -1.224
-0.548 0.574 -1.114
-0.540 0.378 -1.252
-0.537 0.513 -1.153
-0.572 0.644 -1.063
-0.047 0.619 -0.998
-0.044 0.599 -1.028
-0.048 0.572 -1.052
-0.050 0.537 -1.086
-0.066 0.481 -1.133
-0.054 0.413 -1.199
-0.069 0.293 -1.277
-0.062 0.231 -1.331
-0.024 0.119 -1.419
0.036 0.110 -1.409
0.010 0.132 -1.394
0.035 0.150 -1.377
0.039 0.194 -1.343
0.037 0.279 -1.275
0.039 0.323 -1.239
0.030 0.385 -1.189
0.034 0.469 -1.125
0.003 0.572 -1.075
-0.036 0.463 -1.163
-0.007 0.596 -1.061
0.005 0.442 -1.166
-0.061 0.140 -1.419
-0.006 0.167 -1.379
-0.062 0.206 -1.356
-0.006 0.310 -1.280
0.006 0.335 -1.254
-0.006 0.420 -1.190
-0.005 0.380 -1.222
-0.002 0.497 -1.130
-0.048 0.504 -1.128
-0.027 0.543 -1.103
-0.041 0.182 -1.384
-0.021 0.267 -1.316
0.019 0.253 -1.300
-0.011 0.213 -1.352
-0.046 0.326 -1.257
-0.434 0.654 -1.035
-0.426 0.616 -1.036
-0.433 0.595 -1.046
-0.448 0.501 -1.078
-0.466 0.442 -1.093
-0.464 0.378 -1.144
-0.461 0.341 -1.172
-0.437 0.176 -1.279
-0.449 0.160 -1.297
-0.554 0.174 -1.345
-0.552 0.256 -1.285
-0.550 0.280 -1.281
-0.546 0.316 -1.242
-0.546 0.342 -1.228
-0.544 0.360 -1.214
-0.544 0.374 -1.199
-0.542 0.387 -1.186
-0.540 0.406 -1.177
-0.537 0.463 -1.150
-0.535 0.484 -1.128
-0.527 0.482 -1.107
-0.520 0.543 -1.068
-0.502 0.568 -1.047
-0.460 0.647 -1.026
-0.511 0.459 -1.116
-0.447 0.639 -1.038
-0.466 0.102 -1.349
-0.481 0.147 -1.323
-0.518 0.222 -1.285
-0.470 0.486 -1.096
-0.480 0.526 -1.068
-0.500 0.112 -1.359
-0.507 0.295 -1.225
-0.469 0.250 -1.247
-0.514 0.331 -1.199
-0.452 0.550 -1.068
-0.475 0.409 -1.122
-0.499 0.366 -1.165
-0.528 0.154 -1.339
-0.521 0.261 -1.258
-0.523 0.413 -1.147
-0.506 0.185 -1.305
-0.461 0.599 -1.049
0.052 0.147 -1.403
0.039 0.173 -1.360
0.038 0.210 -1.328
0.039 0.232 -1.313
0.039 0.253 -1.296
0.038 0.300 -1.257
0.035 0.360 -1.208
0.038 0.406 -1.174
0.035 0.435 -1.150
0.025 0.459 -1.136
0.024 0.489 -1.114
0.026 0.512 -1.097
0.029 0.534 -1.080
0.002 0.624 -1.039
-0.023 0.621 -1.019
-0.492 0.588 -1.036
-0.025 0.809 -1.003
-0.034 0.748 -0.947
0.031 0.728 -0.984
-0.060 0.830 -0.997
-0.154 0.845 -0.947
-0.091 0.802 -0.952
-0.062 0.786 -0.925
-0.043 0.769 -0.955
-0.005 0.742 -0.964
-0.054 0.806 -0.980
0.038 0.178 -1.501
0.038 0.208 -1.496
0.132 0.589 -1.168
0.047 0.812 -1.051
0.052 0.138 -1.444
0.051 0.285 -1.436
0.007 0.656 -1.006
0.040 0.169 -1.489
0.192 0.713 -1.075
0.038 0.691 -0.975
0.050 0.643 -1.006
0.070 0.406 -1.340
0.062 0.345 -1.388
0.105 0.526 -1.237
0.045 0.233 -1.434
0.049 0.265 -1.394
0.038 0.754 -1.002
0.058 0.358 -1.324
0.062 0.403 -1.295
0.056 0.336 -1.279
0.049 0.361 -1.222
0.058 0.464 -1.162
0.028 0.564 -1.060
0.124 0.626 -1.092
0.164 0.653 -1.080
0.115 0.714 -1.031
0.094 0.763 -1.044
0.018 0.789 -1.014
0.057 0.397 -1.247
0.057 0.291 -1.309
0.055 0.422 -1.194
0.070 0.517 -1.148
0.043 0.192 -1.448
0.054 0.306 -1.363
0.070 0.464 -1.234
0.100 0.591 -1.119
0.053 0.507 -1.111
0.080 0.457 -1.293
0.053 0.209 -1.375
0.067 0.547 -1.100
0.099 0.551 -1.177
0.033 0.600 -1.035
0.079 0.506 -1.203
0.067 0.683 -1.004
0.099 0.645 -1.050
0.056 0.255 -1.339
0.063 0.589 -1.056
-0.514 0.743 -1.096
-0.424 0.788 -1.071
-0.490 0.755 -1.095
-0.529 0.735 -1.096
-0.488 0.679 -0.986
-0.471 0.740 -0.974
-0.358 0.799 -0.943
-0.404 0.801 -1.011
-0.416 0.777 -0.963
-0.506 0.713 -0.994
-0.509 0.750 -1.012
-0.517 0.743 -1.064
-0.543 0.696 -1.021
-0.272 0.720 -0.971
-0.252 0.698 -0.995
-0.163 0.699 -0.977
-0.123 0.689 -0.960
-0.369 0.711 -0.940
-0.290 0.847 -0.963
-0.346 0.707 -0.957
-0.356 0.775 -0.906
-0.331 0.824 -0.960
-0.321 0.732 -0.940
-0.093 0.798 -0.937
-0.312 0.781 -0.928
-0.192 0.709 -0.983
-0.106 0.751 -0.921
-0.248 0.836 -0.915
-0.154 0.736 -0.945
-0.168 0.776 -0.937
-0.227 0.720 -0.984
-0.280 0.751 -0.937
-0.252 0.790 -0.927
-0.216 0.760 -0.962
-0.197 0.832 -0.923
-0.136 0.824 -0.942
-0.284 0.811 -0.940
-0.377 0.076 -1.307
-0.435 0.113 -1.323
-0.314 0.695 -0.981
-0.223 0.150 -1.386
-0.398 0.641 -0.975
-0.181 0.124 -1.415
-0.087 0.168 -1.384
-0.068 0.584 -1.007
-0.140 0.660 -0.989
-0.472 0.197 -1.278
-0.339 0.086 -1.314
-0.299 0.675 -1.004
-0.105 0.213 -1.341
-0.081 0.367 -1.223
-0.433 0.558 -1.054
-0.248 0.117 -1.394
-0.076 0.446 -1.157
-0.094 0.463 -1.108
-0.191 0.652 -1.018
-0.118 0.303 -1.248
-0.164 0.278 -1.285
-0.086 0.261 -1.295
-0.309 0.128 -1.380
-0.390 0.440 -1.077
-0.094 0.394 -1.179
-0.438 0.137 -1.308
-0.377 0.375 -1.118
-0.168 0.594 -1.047
-0.160 0.230 -1.326
-0.173 0.188 -1.363
-0.112 0.135 -1.418
-0.151 0.156 -1.396
-0.085 0.545 -1.033
-0.411 0.336 -1.147
-0.422 0.568 -1.017
-0.401 0.531 -1.027
-0.430 0.261 -1.214
-0.434 0.494 -1.051
-0.377 0.496 -1.054
-0.181 0.321 -1.261
-0.137 0.612 -1.016
-0.359 0.667 -0.984
-0.345 0.610 -1.037
-0.325 0.638 -1.026
-0.254 0.182 -1.366
-0.088 0.613 -0.975
-0.441 0.300 -1.194
-0.396 0.293 -1.172
-0.369 0.259 -1.192
-0.346 0.306 -1.188
-0.128 0.336 -1.219
-0.171 0.375 -1.214
-0.256 0.664 -1.020
-0.085 0.500 -1.075
-0.192 0.511 -1.115
-0.140 0.470 -1.115
-0.140 0.532 -1.069
-0.381 0.140 -1.266
-0.327 0.236 -1.291
-0.343 0.188 -1.252
-0.336 0.142 -1.295
-0.318 0.186 -1.333
-0.254 0.238 -1.330
-0.439 0.211 -1.253
-0.425 0.401 -1.105
-0.361 0.331 -1.153
-0.334 0.351 -1.208
-0.350 0.392 -1.137
-0.329 0.487 -1.127
-0.332 0.442 -1.155
-0.358 0.450 -1.097
-0.374 0.562 -1.025
-0.222 0.273 -1.303
-0.390 0.201 -1.230
-0.108 0.429 -1.136
-0.130 0.391 -1.172
-0.344 0.237 -1.225
-0.329 0.292 -1.254
-0.272 0.528 -1.121
-0.265 0.483 -1.153
-0.342 0.532 -1.089
-0.281 0.287 -1.287
-0.245 0.623 -1.047
-0.326 0.568 -1.077
-0.215 0.385 -1.217
-0.308 0.392 -1.201
-0.272 0.424 -1.194
-0.223 0.439 -1.180
-0.277 0.349 -1.244
-0.219 0.576 -1.074
-0.283 0.586 -1.077
-0.178 0.448 -1.158
-0.233 0.338 -1.254
-0.399 0.663 -0.974
-0.392 0.594 -0.998
