-0.560 0.112 -1.367
-0.554 0.143 -1.342
-0.555 0.181 -1.327
-0.552 0.208 -1.304
-0.551 0.230 -1.296
-0.547 0.281 -1.255
-0.542 0.309 -1.262
-0.535 0.425 -1.153
-0.527 0.509 -1.097
-0.599 0.563 -1.185
-0.569 0.468 -1.274
-0.555 0.162 -1.452
-0.564 0.356 -1.343
-0.650 0.666 -1.103
-0.490 0.634 -1.020
-0.513 0.648 -1.021
-0.565 0.219 -1.432
-0.576 0.514 -1.234
-0.562 0.552 -1.176
-0.529 0.549 -1.083
-0.557 0.149 -1.359
-0.533 0.659 -1.039
-0.571 0.291 -1.386
-0.559 0.298 -1.344
-0.562 0.406 -1.312
-0.532 0.444 -1.203
-0.629 0.601 -1.123
-0.586 0.604 -1.113
-0.607 0.686 -1.070
-0.522 0.595 -1.048
-0.546 0.184 -1.393
-0.559 0.244 -1.389
-0.541 0.278 -1.314
-0.543 0.230 -1.344
-0.544 0.347 -1.286
-0.550 0.430 -1.266
-0.550 0.482 -1.225
-0.541 0.570 -1.118
-0.535 0.368 -1.247
-0.531 0.506 -1.154
-0.564 0.643 -1.071
-0.050 0.616 -0.999
-0.047 0.594 -1.029
-0.051 0.567 -1.051
-0.053 0.530 -1.083
-0.068 0.472 -1.129
-0.056 0.402 -1.192
-0.070 0.281 -1.267
-0.062 0.216 -1.318
-0.024 0.101 -1.403
0.037 0.094 -1.392
0.011 0.115 -1.378
0.035 0.134 -1.362
0.039 0.180 -1.329
0.037 0.267 -1.264
0.038 0.312 -1.230
0.029 0.376 -1.182
0.033 0.462 -1.121
-0.000 0.566 -1.075
-0.038 0.454 -1.158
-0.011 0.591 -1.062
0.003 0.433 -1.160
-0.061 0.123 -1.403
-0.006 0.151 -1.364
-0.062 0.190 -1.343
-0.007 0.297 -1.270
0.005 0.324 -1.245
-0.007 0.410 -1.184
-0.006 0.369 -1.214
-0.004 0.489 -1.127
-0.050 0.496 -1.125
-0.030 0.536 -1.101
-0.041 0.166 -1.370
-0.022 0.253 -1.305
0.018 0.240 -1.288
-0.011 0.198 -1.339
-0.047 0.314 -1.248
-0.429 0.650 -1.041
-0.422 0.612 -1.039
-0.429 0.591 -1.048
-0.445 0.496 -1.077
-0.464 0.437 -1.089
-0.462 0.370 -1.137
-0.460 0.332 -1.164
-0.437 0.164 -1.265
-0.449 0.147 -1.283
-0.553 0.160 -1.331
-0.551 0.245 -1.275
-0.548 0.269 -1.272
-0.544 0.306 -1.235
-0.543 0.333 -1.222
-0.542 0.351 -1.209
-0.541 0.366 -1.194
-0.539 0.379 -1.182
-0.537 0.399 -1.174
-0.533 0.456 -1.149
-0.531 0.478 -1.128
-0.524 0.477 -1.106
-0.516 0.540 -1.069
-0.499 0.566 -1.050
-0.456 0.644 -1.031
-0.509 0.454 -1.113
-0.443 0.635 -1.043
-0.466 0.087 -1.332
-0.481 0.133 -1.308
-0.517 0.210 -1.273
-0.467 0.480 -1.094
-0.477 0.522 -1.067
-0.500 0.097 -1.342
-0.505 0.285 -1.216
-0.468 0.239 -1.236
-0.512 0.322 -1.192
-0.449 0.545 -1.069
-0.473 0.402 -1.117
-0.498 0.359 -1.158
-0.527 0.140 -1.324
-0.520 0.250 -1.248
-0.521 0.407 -1.143
-0.505 0.172 -1.291
-0.457 0.596 -1.052
0.052 0.131 -1.387
0.039 0.158 -1.345
0.038 0.196 -1.314
0.039 0.219 -1.300
0.039 0.240 -1.284
0.037 0.289 -1.247
0.034 0.350 -1.200
0.037 0.398 -1.168
0.034 0.428 -1.145
0.023 0.452 -1.132
0.022 0.483 -1.111
0.024 0.506 -1.095
0.027 0.529 -1.078
-0.003 0.620 -1.041
-0.027 0.618 -1.021
-0.488 0.586 -1.038
-0.029 0.809 -1.013
-0.037 0.750 -0.954
0.026 0.729 -0.992
-0.064 0.830 -1.007
-0.154 0.845 -0.957
-0.093 0.803 -0.961
-0.063 0.788 -0.933
-0.046 0.770 -0.963
-0.009 0.743 -0.972
-0.057 0.806 -0.990
0.038 0.158 -1.487
0.037 0.188 -1.482
0.127 0.583 -1.171
0.040 0.810 -1.062
0.052 0.120 -1.428
0.049 0.267 -1.426
0.002 0.654 -1.010
0.039 0.150 -1.474
0.182 0.713 -1.085
0.033 0.692 -0.982
0.046 0.642 -1.010
0.066 0.392 -1.334
0.059 0.329 -1.380
0.099 0.517 -1.236
0.044 0.216 -1.422
0.048 0.249 -1.383
0.033 0.754 -1.011
0.055 0.344 -1.316
0.059 0.390 -1.289
0.055 0.324 -1.270
0.048 0.351 -1.214
0.056 0.456 -1.159
0.025 0.560 -1.060
0.118 0.623 -1.097
0.158 0.651 -1.086
0.108 0.714 -1.040
0.087 0.762 -1.054
0.013 0.788 -1.024
0.055 0.386 -1.241
0.056 0.278 -1.299
0.053 0.413 -1.189
0.066 0.510 -1.147
0.042 0.174 -1.434
0.052 0.291 -1.353
0.066 0.454 -1.230
0.095 0.587 -1.121
0.051 0.501 -1.109
0.075 0.445 -1.289
0.053 0.193 -1.362
0.063 0.542 -1.100
0.094 0.544 -1.177
0.029 0.598 -1.036
0.074 0.497 -1.201
0.062 0.683 -1.010
0.094 0.644 -1.055
0.055 0.240 -1.327
0.060 0.586 -1.057
-0.508 0.743 -1.106
-0.419 0.788 -1.081
-0.484 0.755 -1.105
-0.522 0.736 -1.106
-0.483 0.679 -0.993
-0.466 0.740 -0.983
-0.357 0.800 -0.953
-0.401 0.800 -1.021
-0.413 0.777 -0.973
-0.500 0.713 -1.003
-0.503 0.749 -1.022
-0.510 0.743 -1.074
-0.536 0.695 -1.031
-0.271 0.720 -0.980
-0.252 0.698 -1.004
-0.163 0.698 -0.985
-0.124 0.688 -0.966
-0.368 0.711 -0.947
-0.290 0.847 -0.973
-0.345 0.706 -0.964
-0.355 0.776 -0.915
-0.330 0.824 -0.970
-0.320 0.732 -0.949
-0.094 0.799 -0.946
-0.311 0.781 -0.937
-0.192 0.708 -0.992
-0.106 0.752 -0.929
-0.247 0.837 -0.925
-0.154 0.736 -0.953
-0.168 0.776 -0.946
-0.227 0.720 -0.994
-0.280 0.752 -0.946
-0.251 0.790 -0.937
-0.216 0.760 -0.973
-0.197 0.833 -0.933
-0.136 0.825 -0.952
-0.283 0.811 -0.950
-0.378 0.062 -1.289
-0.435 0.099 -1.307
-0.313 0.694 -0.989
-0.223 0.134 -1.372
-0.397 0.639 -0.978
-0.181 0.106 -1.399
-0.087 0.151 -1.369
-0.071 0.580 -1.006
-0.141 0.659 -0.994
-0.472 0.185 -1.265
-0.340 0.072 -1.297
-0.299 0.673 -1.011
-0.105 0.198 -1.328
-0.082 0.356 -1.215
-0.430 0.554 -1.055
-0.248 0.100 -1.378
-0.077 0.436 -1.152
-0.096 0.455 -1.103
-0.191 0.651 -1.025
-0.119 0.291 -1.238
-0.165 0.264 -1.275
-0.087 0.248 -1.284
-0.309 0.111 -1.364
-0.389 0.435 -1.072
-0.096 0.384 -1.172
-0.438 0.123 -1.292
-0.376 0.368 -1.111
-0.169 0.590 -1.050
-0.160 0.216 -1.314
-0.173 0.172 -1.350
-0.112 0.117 -1.403
-0.151 0.139 -1.381
-0.088 0.540 -1.031
-0.410 0.328 -1.139
-0.420 0.565 -1.017
-0.400 0.527 -1.026
-0.429 0.250 -1.203
-0.432 0.490 -1.049
-0.375 0.491 -1.051
-0.182 0.309 -1.253
-0.138 0.608 -1.019
-0.358 0.665 -0.989
-0.345 0.607 -1.041
-0.324 0.635 -1.031
-0.254 0.166 -1.353
-0.091 0.611 -0.976
-0.440 0.291 -1.184
-0.395 0.284 -1.162
-0.368 0.249 -1.181
-0.345 0.296 -1.179
-0.129 0.325 -1.210
-0.172 0.364 -1.207
-0.256 0.663 -1.028
-0.087 0.494 -1.072
-0.193 0.505 -1.115
-0.141 0.462 -1.111
-0.141 0.527 -1.068
-0.381 0.128 -1.251
-0.327 0.222 -1.280
-0.343 0.176 -1.238
-0.336 0.128 -1.280
-0.318 0.171 -1.319
-0.255 0.223 -1.319
-0.439 0.199 -1.240
-0.424 0.395 -1.099
-0.360 0.322 -1.145
-0.334 0.341 -1.201
-0.349 0.384 -1.132
-0.329 0.480 -1.126
-0.332 0.433 -1.151
-0.357 0.443 -1.093
-0.372 0.558 -1.025
-0.223 0.260 -1.293
-0.389 0.190 -1.217
-0.110 0.420 -1.130
-0.132 0.381 -1.165
-0.344 0.226 -1.213
-0.329 0.280 -1.245
-0.272 0.521 -1.122
-0.266 0.476 -1.153
-0.342 0.526 -1.089
-0.281 0.274 -1.277
-0.245 0.621 -1.054
-0.326 0.563 -1.079
-0.215 0.374 -1.211
-0.308 0.382 -1.196
-0.272 0.414 -1.190
-0.223 0.429 -1.176
-0.277 0.338 -1.237
-0.220 0.572 -1.078
-0.283 0.582 -1.080
-0.179 0.438 -1.154
-0.234 0.326 -1.246
-0.398 0.661 -0.978
-0.390 0.592 -0.999
