-0.559 0.098 -1.350
-0.553 0.129 -1.326
-0.553 0.168 -1.313
-0.551 0.195 -1.291
-0.550 0.218 -1.284
-0.545 0.270 -1.245
-0.538 0.298 -1.254
-0.532 0.419 -1.149
-0.523 0.505 -1.097
-0.590 0.558 -1.190
-0.560 0.458 -1.274
-0.550 0.144 -1.437
-0.557 0.342 -1.337
-0.640 0.666 -1.113
-0.485 0.633 -1.025
-0.508 0.648 -1.028
-0.560 0.201 -1.420
-0.567 0.506 -1.236
-0.554 0.546 -1.179
-0.525 0.546 -1.084
-0.556 0.134 -1.343
-0.527 0.659 -1.047
-0.565 0.275 -1.378
-0.554 0.284 -1.336
-0.554 0.394 -1.308
-0.526 0.435 -1.200
-0.621 0.600 -1.131
-0.579 0.601 -1.120
-0.598 0.686 -1.080
-0.518 0.593 -1.052
-0.543 0.168 -1.379
-0.554 0.228 -1.378
-0.538 0.265 -1.304
-0.540 0.215 -1.332
-0.539 0.335 -1.280
-0.543 0.419 -1.263
-0.543 0.474 -1.224
-0.534 0.566 -1.121
-0.531 0.358 -1.241
-0.526 0.500 -1.154
-0.557 0.641 -1.079
-0.052 0.614 -1.000
-0.050 0.591 -1.029
-0.053 0.562 -1.050
-0.055 0.525 -1.081
-0.070 0.465 -1.123
-0.057 0.392 -1.184
-0.070 0.268 -1.255
-0.063 0.202 -1.304
-0.024 0.084 -1.384
0.037 0.077 -1.373
0.011 0.099 -1.360
0.035 0.118 -1.344
0.039 0.166 -1.313
0.036 0.255 -1.252
0.038 0.302 -1.219
0.028 0.367 -1.173
0.031 0.456 -1.116
-0.003 0.562 -1.074
-0.039 0.446 -1.152
-0.014 0.587 -1.063
0.002 0.425 -1.154
-0.060 0.106 -1.385
-0.006 0.135 -1.347
-0.062 0.175 -1.328
-0.007 0.285 -1.259
0.005 0.312 -1.234
-0.008 0.401 -1.177
-0.007 0.359 -1.205
-0.006 0.482 -1.123
-0.052 0.489 -1.121
-0.032 0.530 -1.099
-0.041 0.150 -1.354
-0.022 0.239 -1.292
0.018 0.227 -1.275
-0.011 0.183 -1.323
-0.047 0.302 -1.237
-0.423 0.646 -1.045
-0.419 0.608 -1.040
-0.426 0.587 -1.048
-0.443 0.491 -1.074
-0.463 0.432 -1.085
-0.461 0.363 -1.130
-0.459 0.325 -1.155
-0.436 0.152 -1.249
-0.449 0.134 -1.266
-0.552 0.147 -1.316
-0.549 0.234 -1.264
-0.546 0.258 -1.262
-0.542 0.297 -1.226
-0.541 0.324 -1.214
-0.539 0.343 -1.203
-0.538 0.358 -1.188
-0.536 0.372 -1.177
-0.534 0.392 -1.169
-0.529 0.450 -1.147
-0.528 0.473 -1.127
-0.521 0.473 -1.105
-0.513 0.537 -1.070
-0.496 0.563 -1.051
-0.450 0.642 -1.036
-0.506 0.449 -1.110
-0.437 0.632 -1.047
-0.466 0.072 -1.313
-0.481 0.120 -1.292
-0.516 0.198 -1.260
-0.465 0.475 -1.091
-0.474 0.518 -1.066
-0.499 0.083 -1.324
-0.504 0.276 -1.206
-0.467 0.229 -1.224
-0.511 0.314 -1.183
-0.446 0.540 -1.068
-0.472 0.396 -1.111
-0.496 0.352 -1.151
-0.527 0.126 -1.308
-0.519 0.240 -1.237
-0.519 0.400 -1.139
-0.504 0.159 -1.276
-0.453 0.592 -1.054
0.053 0.115 -1.370
0.039 0.143 -1.329
0.037 0.183 -1.299
0.038 0.206 -1.286
0.039 0.228 -1.271
0.037 0.278 -1.236
0.033 0.341 -1.191
0.036 0.390 -1.160
0.033 0.421 -1.139
0.022 0.445 -1.126
0.021 0.477 -1.107
0.022 0.501 -1.091
0.025 0.525 -1.076
-0.006 0.617 -1.043
-0.030 0.615 -1.022
-0.485 0.584 -1.041
-0.033 0.808 -1.023
-0.040 0.752 -0.962
0.022 0.729 -1.000
-0.067 0.829 -1.017
-0.154 0.845 -0.967
-0.095 0.803 -0.969
-0.065 0.789 -0.942
-0.048 0.772 -0.971
-0.013 0.743 -0.979
-0.060 0.805 -0.999
0.036 0.137 -1.470
0.036 0.168 -1.467
0.121 0.577 -1.173
0.034 0.809 -1.073
0.052 0.102 -1.410
0.047 0.249 -1.413
-0.002 0.653 -1.014
0.038 0.130 -1.457
0.173 0.713 -1.095
0.029 0.693 -0.988
0.042 0.642 -1.014
0.062 0.378 -1.326
0.056 0.313 -1.370
0.094 0.507 -1.235
0.042 0.198 -1.407
0.046 0.232 -1.370
0.028 0.754 -1.020
0.053 0.331 -1.306
0.056 0.378 -1.281
0.053 0.312 -1.260
0.047 0.342 -1.205
0.054 0.449 -1.154
0.023 0.557 -1.059
0.113 0.621 -1.101
0.152 0.651 -1.093
0.101 0.713 -1.049
0.080 0.761 -1.064
0.007 0.787 -1.034
0.053 0.375 -1.233
0.055 0.265 -1.287
0.052 0.405 -1.182
0.063 0.504 -1.145
0.041 0.156 -1.418
0.050 0.276 -1.341
0.063 0.444 -1.226
0.090 0.582 -1.123
0.049 0.496 -1.106
0.071 0.433 -1.284
0.052 0.178 -1.346
0.061 0.538 -1.099
0.089 0.537 -1.177
0.026 0.596 -1.037
0.071 0.488 -1.199
0.057 0.683 -1.017
0.088 0.643 -1.060
0.054 0.226 -1.314
0.057 0.583 -1.059
-0.502 0.743 -1.116
-0.415 0.788 -1.091
-0.478 0.755 -1.115
-0.516 0.736 -1.116
-0.478 0.680 -1.000
-0.462 0.741 -0.993
-0.355 0.801 -0.962
-0.398 0.800 -1.031
-0.410 0.778 -0.982
-0.495 0.713 -1.013
-0.497 0.748 -1.032
-0.504 0.742 -1.084
-0.529 0.695 -1.040
-0.272 0.720 -0.990
-0.252 0.697 -1.013
-0.164 0.698 -0.992
-0.125 0.688 -0.972
-0.367 0.711 -0.954
-0.289 0.847 -0.983
-0.345 0.706 -0.971
-0.355 0.777 -0.924
-0.329 0.824 -0.980
-0.320 0.733 -0.957
-0.095 0.800 -0.954
-0.310 0.782 -0.946
-0.193 0.708 -1.000
-0.107 0.753 -0.937
-0.247 0.837 -0.934
-0.155 0.736 -0.961
-0.169 0.777 -0.955
-0.227 0.719 -1.003
-0.279 0.752 -0.955
-0.251 0.790 -0.947
-0.216 0.761 -0.983
-0.197 0.834 -0.943
-0.137 0.825 -0.961
-0.283 0.811 -0.960
-0.378 0.049 -1.269
-0.435 0.085 -1.288
-0.313 0.693 -0.996
-0.223 0.118 -1.355
-0.394 0.637 -0.980
-0.181 0.089 -1.381
-0.087 0.135 -1.353
-0.073 0.577 -1.006
-0.142 0.657 -0.999
-0.471 0.174 -1.250
-0.339 0.058 -1.278
-0.299 0.672 -1.017
-0.105 0.184 -1.314
-0.083 0.345 -1.205
-0.428 0.549 -1.053
-0.248 0.083 -1.360
-0.079 0.428 -1.145
-0.098 0.448 -1.097
-0.191 0.649 -1.031
-0.120 0.280 -1.227
-0.165 0.252 -1.263
-0.087 0.235 -1.271
-0.309 0.095 -1.347
-0.388 0.430 -1.067
-0.097 0.375 -1.164
-0.438 0.110 -1.275
-0.375 0.361 -1.104
-0.170 0.587 -1.052
-0.161 0.202 -1.301
-0.173 0.157 -1.335
-0.111 0.100 -1.385
-0.151 0.123 -1.365
-0.090 0.537 -1.029
-0.410 0.321 -1.130
-0.418 0.562 -1.016
-0.398 0.524 -1.024
-0.428 0.241 -1.190
-0.431 0.486 -1.045
-0.374 0.487 -1.048
-0.182 0.297 -1.243
-0.139 0.606 -1.021
-0.357 0.664 -0.994
-0.344 0.603 -1.043
-0.324 0.633 -1.035
-0.254 0.150 -1.338
-0.093 0.609 -0.977
-0.439 0.282 -1.173
-0.394 0.276 -1.151
-0.368 0.240 -1.168
-0.345 0.288 -1.169
-0.130 0.314 -1.200
-0.173 0.354 -1.199
-0.256 0.661 -1.034
-0.089 0.488 -1.068
-0.194 0.498 -1.113
-0.143 0.455 -1.106
-0.143 0.522 -1.066
-0.380 0.116 -1.234
-0.327 0.209 -1.267
-0.342 0.165 -1.223
-0.335 0.116 -1.263
-0.318 0.156 -1.304
-0.255 0.209 -1.306
-0.438 0.189 -1.226
-0.423 0.389 -1.092
-0.359 0.315 -1.135
-0.334 0.331 -1.193
-0.349 0.377 -1.125
-0.329 0.473 -1.123
-0.332 0.426 -1.147
-0.356 0.438 -1.088
-0.370 0.555 -1.025
-0.223 0.247 -1.282
-0.389 0.180 -1.202
-0.111 0.412 -1.122
-0.133 0.372 -1.157
-0.343 0.216 -1.200
-0.329 0.269 -1.234
-0.272 0.515 -1.122
-0.266 0.468 -1.150
-0.341 0.521 -1.088
-0.281 0.261 -1.267
-0.246 0.618 -1.058
-0.326 0.558 -1.080
-0.216 0.364 -1.204
-0.309 0.373 -1.190
-0.273 0.405 -1.185
-0.224 0.421 -1.171
-0.278 0.327 -1.229
-0.220 0.568 -1.080
-0.284 0.577 -1.083
-0.179 0.430 -1.149
-0.234 0.315 -1.237
-0.397 0.659 -0.980
-0.388 0.589 -0.999
