-0.558 0.083 -1.331
-0.552 0.116 -1.309
-0.552 0.155 -1.297
-0.549 0.184 -1.277
-0.547 0.207 -1.271
-0.543 0.261 -1.234
-0.535 0.288 -1.244
-0.529 0.413 -1.145
-0.520 0.502 -1.097
-0.582 0.552 -1.195
-0.553 0.447 -1.272
-0.546 0.125 -1.420
-0.550 0.328 -1.330
-0.630 0.666 -1.123
-0.481 0.633 -1.029
-0.504 0.647 -1.034
-0.554 0.184 -1.406
-0.560 0.497 -1.237
-0.547 0.539 -1.181
-0.521 0.543 -1.086
-0.554 0.120 -1.326
-0.521 0.658 -1.054
-0.558 0.260 -1.367
-0.548 0.270 -1.325
-0.547 0.381 -1.303
-0.522 0.427 -1.196
-0.613 0.599 -1.139
-0.571 0.599 -1.126
-0.590 0.685 -1.090
-0.514 0.592 -1.056
-0.540 0.152 -1.363
-0.549 0.213 -1.365
-0.534 0.252 -1.293
-0.536 0.202 -1.319
-0.534 0.324 -1.271
-0.537 0.408 -1.259
-0.537 0.465 -1.223
-0.528 0.562 -1.124
-0.527 0.348 -1.233
-0.521 0.494 -1.153
-0.550 0.640 -1.086
-0.054 0.612 -1.000
-0.051 0.588 -1.028
-0.056 0.559 -1.049
-0.057 0.520 -1.078
-0.071 0.458 -1.118
-0.058 0.383 -1.175
-0.071 0.256 -1.241
-0.063 0.189 -1.288
-0.024 0.068 -1.363
0.037 0.061 -1.351
0.011 0.083 -1.339
0.035 0.104 -1.324
0.039 0.152 -1.295
0.036 0.244 -1.237
0.038 0.292 -1.207
0.028 0.359 -1.163
0.030 0.451 -1.110
-0.005 0.558 -1.073
-0.041 0.438 -1.146
-0.017 0.583 -1.063
0.001 0.418 -1.147
-0.060 0.089 -1.365
-0.006 0.120 -1.328
-0.062 0.161 -1.310
-0.008 0.273 -1.245
0.004 0.302 -1.222
-0.009 0.393 -1.168
-0.008 0.349 -1.195
-0.008 0.476 -1.118
-0.053 0.482 -1.116
-0.034 0.525 -1.096
-0.041 0.134 -1.335
-0.022 0.226 -1.276
0.018 0.215 -1.259
-0.011 0.169 -1.306
-0.048 0.291 -1.224
-0.418 0.643 -1.048
-0.416 0.605 -1.040
-0.423 0.584 -1.049
-0.441 0.487 -1.070
-0.461 0.428 -1.079
-0.460 0.358 -1.122
-0.457 0.318 -1.145
-0.436 0.141 -1.232
-0.448 0.123 -1.248
-0.551 0.134 -1.300
-0.547 0.224 -1.251
-0.544 0.248 -1.251
-0.540 0.288 -1.217
-0.539 0.316 -1.206
-0.537 0.335 -1.195
-0.536 0.351 -1.181
-0.534 0.365 -1.170
-0.531 0.385 -1.164
-0.526 0.445 -1.144
-0.525 0.469 -1.125
-0.519 0.469 -1.103
-0.510 0.535 -1.071
-0.493 0.562 -1.052
-0.445 0.639 -1.040
-0.504 0.445 -1.107
-0.433 0.629 -1.050
-0.465 0.059 -1.293
-0.480 0.108 -1.274
-0.516 0.187 -1.244
-0.463 0.471 -1.087
-0.472 0.515 -1.065
-0.499 0.069 -1.304
-0.503 0.267 -1.193
-0.466 0.218 -1.209
-0.510 0.306 -1.174
-0.443 0.537 -1.067
-0.471 0.391 -1.104
-0.495 0.346 -1.143
-0.526 0.114 -1.291
-0.518 0.230 -1.223
-0.517 0.395 -1.133
-0.503 0.148 -1.260
-0.450 0.589 -1.056
0.053 0.099 -1.349
0.039 0.128 -1.310
0.037 0.170 -1.282
0.038 0.193 -1.269
0.038 0.216 -1.255
0.036 0.267 -1.222
0.033 0.332 -1.180
0.036 0.382 -1.151
0.032 0.414 -1.132
0.021 0.439 -1.120
0.020 0.472 -1.102
0.021 0.497 -1.088
0.023 0.522 -1.074
-0.009 0.615 -1.045
-0.033 0.613 -1.023
-0.482 0.582 -1.043
-0.037 0.807 -1.033
-0.042 0.754 -0.969
0.017 0.730 -1.007
-0.071 0.828 -1.028
-0.154 0.845 -0.977
-0.096 0.804 -0.978
-0.066 0.792 -0.950
-0.051 0.773 -0.980
-0.016 0.745 -0.987
-0.063 0.805 -1.008
0.035 0.117 -1.451
0.034 0.147 -1.448
0.116 0.571 -1.175
0.027 0.807 -1.084
0.051 0.085 -1.389
0.045 0.231 -1.399
-0.006 0.652 -1.018
0.037 0.110 -1.437
0.163 0.713 -1.105
0.024 0.695 -0.995
0.038 0.642 -1.018
0.059 0.364 -1.317
0.053 0.297 -1.358
0.090 0.497 -1.232
0.041 0.180 -1.391
0.045 0.216 -1.355
0.023 0.754 -1.029
0.051 0.317 -1.295
0.054 0.365 -1.272
0.052 0.301 -1.248
0.047 0.333 -1.194
0.052 0.442 -1.148
0.021 0.554 -1.058
0.108 0.618 -1.105
0.145 0.650 -1.099
0.094 0.713 -1.057
0.073 0.761 -1.075
0.002 0.787 -1.044
0.052 0.365 -1.224
0.054 0.253 -1.273
0.051 0.397 -1.174
0.061 0.498 -1.142
0.040 0.137 -1.399
0.048 0.261 -1.328
0.061 0.434 -1.220
0.086 0.578 -1.125
0.047 0.492 -1.102
0.067 0.420 -1.278
0.052 0.163 -1.329
0.058 0.534 -1.098
0.085 0.530 -1.176
0.023 0.594 -1.039
0.068 0.480 -1.195
0.052 0.683 -1.024
0.083 0.642 -1.065
0.053 0.213 -1.298
0.054 0.582 -1.060
-0.495 0.743 -1.126
-0.410 0.788 -1.101
-0.472 0.755 -1.125
-0.509 0.735 -1.126
-0.474 0.680 -1.007
-0.458 0.742 -1.002
-0.354 0.802 -0.971
-0.394 0.800 -1.041
-0.408 0.779 -0.992
-0.490 0.713 -1.021
-0.492 0.748 -1.042
-0.498 0.742 -1.094
-0.523 0.695 -1.049
-0.272 0.720 -0.996
-0.252 0.696 -1.018
-0.164 0.697 -0.997
-0.126 0.687 -0.976
-0.367 0.712 -0.959
-0.289 0.847 -0.993
-0.345 0.706 -0.976
-0.355 0.779 -0.933
-0.329 0.825 -0.990
-0.319 0.733 -0.964
-0.096 0.801 -0.963
-0.310 0.783 -0.955
-0.193 0.707 -1.006
-0.107 0.755 -0.945
-0.247 0.838 -0.944
-0.155 0.737 -0.967
-0.169 0.777 -0.963
-0.227 0.719 -1.009
-0.279 0.752 -0.962
-0.251 0.791 -0.955
-0.216 0.760 -0.991
-0.197 0.835 -0.953
-0.137 0.826 -0.970
-0.282 0.812 -0.969
-0.377 0.038 -1.247
-0.435 0.073 -1.268
-0.313 0.692 -1.001
-0.223 0.102 -1.336
-0.392 0.636 -0.981
-0.180 0.073 -1.361
-0.087 0.120 -1.334
-0.075 0.574 -1.004
-0.142 0.656 -1.002
-0.470 0.163 -1.234
-0.339 0.046 -1.256
-0.299 0.670 -1.022
-0.106 0.170 -1.297
-0.084 0.335 -1.194
-0.425 0.546 -1.052
-0.248 0.068 -1.340
-0.080 0.420 -1.137
-0.099 0.442 -1.090
-0.191 0.646 -1.034
-0.120 0.269 -1.213
-0.165 0.240 -1.249
-0.087 0.222 -1.255
-0.309 0.080 -1.327
-0.387 0.426 -1.061
-0.098 0.366 -1.154
-0.437 0.099 -1.256
-0.374 0.356 -1.095
-0.170 0.583 -1.052
-0.161 0.189 -1.285
-0.173 0.142 -1.317
-0.111 0.084 -1.365
-0.151 0.107 -1.346
-0.091 0.534 -1.026
-0.409 0.314 -1.118
-0.416 0.560 -1.015
-0.396 0.521 -1.021
-0.428 0.232 -1.175
-0.429 0.483 -1.041
-0.372 0.484 -1.044
-0.182 0.286 -1.231
-0.140 0.603 -1.022
-0.357 0.663 -0.998
-0.344 0.600 -1.044
-0.324 0.630 -1.038
-0.254 0.136 -1.320
-0.095 0.608 -0.977
-0.439 0.273 -1.159
-0.394 0.269 -1.138
-0.367 0.233 -1.154
-0.345 0.280 -1.157
-0.131 0.305 -1.188
-0.173 0.345 -1.189
-0.256 0.659 -1.039
-0.090 0.484 -1.063
-0.194 0.493 -1.110
-0.144 0.449 -1.101
-0.144 0.518 -1.064
-0.380 0.106 -1.215
-0.327 0.198 -1.252
-0.342 0.155 -1.206
-0.335 0.104 -1.244
-0.318 0.143 -1.287
-0.255 0.195 -1.291
-0.438 0.179 -1.210
-0.422 0.385 -1.085
-0.359 0.308 -1.125
-0.334 0.322 -1.183
-0.348 0.371 -1.117
-0.329 0.467 -1.119
-0.332 0.419 -1.141
-0.355 0.433 -1.083
-0.369 0.552 -1.023
-0.223 0.234 -1.268
-0.389 0.171 -1.185
-0.112 0.405 -1.115
-0.134 0.364 -1.148
-0.343 0.207 -1.186
-0.329 0.258 -1.222
-0.273 0.510 -1.120
-0.266 0.461 -1.147
-0.341 0.516 -1.086
-0.282 0.249 -1.254
-0.246 0.615 -1.061
-0.326 0.554 -1.079
-0.216 0.355 -1.195
-0.309 0.364 -1.182
-0.273 0.397 -1.179
-0.224 0.413 -1.165
-0.278 0.317 -1.219
-0.220 0.564 -1.080
-0.284 0.573 -1.084
-0.180 0.423 -1.143
-0.234 0.304 -1.227
-0.396 0.658 -0.983
-0.386 0.588 -0.999
