-0.557 0.071 -1.311
-0.551 0.104 -1.290
-0.550 0.144 -1.280
-0.547 0.173 -1.261
-0.546 0.197 -1.256
-0.541 0.252 -1.222
-0.533 0.279 -1.233
-0.527 0.408 -1.140
-0.518 0.499 -1.095
-0.575 0.546 -1.198
-0.546 0.437 -1.269
-0.542 0.108 -1.401
-0.544 0.315 -1.321
-0.621 0.665 -1.133
-0.477 0.633 -1.033
-0.500 0.647 -1.039
-0.549 0.167 -1.390
-0.553 0.488 -1.236
-0.540 0.533 -1.183
-0.518 0.541 -1.087
-0.552 0.107 -1.307
-0.516 0.658 -1.060
-0.553 0.245 -1.355
-0.544 0.257 -1.314
-0.541 0.369 -1.296
-0.518 0.420 -1.191
-0.605 0.598 -1.146
-0.564 0.597 -1.132
-0.582 0.685 -1.100
-0.511 0.591 -1.059
-0.536 0.137 -1.346
-0.545 0.198 -1.351
-0.530 0.240 -1.280
-0.533 0.189 -1.303
-0.530 0.313 -1.262
-0.531 0.398 -1.253
-0.531 0.456 -1.220
-0.523 0.558 -1.126
-0.523 0.339 -1.225
-0.517 0.489 -1.151
-0.543 0.639 -1.093
-0.056 0.611 -1.001
-0.053 0.586 -1.027
-0.058 0.557 -1.047
-0.058 0.516 -1.073
-0.072 0.452 -1.111
-0.058 0.375 -1.165
-0.071 0.246 -1.225
-0.063 0.176 -1.269
-0.023 0.052 -1.338
0.037 0.046 -1.327
0.011 0.069 -1.316
0.035 0.090 -1.301
0.039 0.139 -1.275
0.036 0.234 -1.221
0.037 0.283 -1.193
0.027 0.353 -1.153
0.030 0.447 -1.104
-0.007 0.555 -1.072
-0.041 0.431 -1.138
-0.019 0.581 -1.063
0.001 0.411 -1.138
-0.060 0.073 -1.342
-0.006 0.106 -1.306
-0.062 0.147 -1.290
-0.008 0.262 -1.230
0.004 0.292 -1.208
-0.010 0.385 -1.158
-0.008 0.341 -1.183
-0.008 0.471 -1.112
-0.054 0.477 -1.110
-0.035 0.520 -1.092
-0.041 0.120 -1.314
-0.022 0.214 -1.259
0.018 0.204 -1.241
-0.011 0.155 -1.286
-0.048 0.281 -1.210
-0.414 0.641 -1.050
-0.413 0.603 -1.041
-0.420 0.581 -1.049
-0.440 0.484 -1.066
-0.461 0.425 -1.073
-0.460 0.353 -1.112
-0.457 0.312 -1.133
-0.435 0.132 -1.213
-0.447 0.113 -1.229
-0.550 0.123 -1.282
-0.545 0.214 -1.237
-0.542 0.238 -1.238
-0.538 0.280 -1.205
-0.537 0.308 -1.196
-0.534 0.328 -1.186
-0.534 0.344 -1.173
-0.532 0.359 -1.163
-0.529 0.379 -1.157
-0.523 0.440 -1.140
-0.522 0.465 -1.122
-0.517 0.466 -1.100
-0.508 0.533 -1.071
-0.490 0.561 -1.053
-0.442 0.638 -1.043
-0.503 0.441 -1.102
-0.429 0.627 -1.052
-0.464 0.048 -1.271
-0.479 0.097 -1.253
-0.515 0.177 -1.228
-0.461 0.468 -1.083
-0.470 0.513 -1.063
-0.498 0.057 -1.283
-0.502 0.260 -1.181
-0.466 0.210 -1.193
-0.509 0.300 -1.162
-0.441 0.534 -1.065
-0.470 0.388 -1.096
-0.494 0.340 -1.133
-0.525 0.102 -1.271
-0.517 0.221 -1.209
-0.515 0.391 -1.127
-0.502 0.138 -1.242
-0.447 0.587 -1.057
0.053 0.084 -1.327
0.039 0.115 -1.288
0.038 0.157 -1.262
0.038 0.181 -1.251
0.038 0.205 -1.238
0.036 0.258 -1.207
0.032 0.324 -1.168
0.035 0.376 -1.142
0.032 0.409 -1.123
0.021 0.434 -1.113
0.019 0.469 -1.096
0.020 0.494 -1.083
0.022 0.519 -1.070
-0.012 0.613 -1.046
-0.035 0.612 -1.024
-0.479 0.581 -1.044
-0.042 0.806 -1.043
-0.044 0.756 -0.976
0.013 0.731 -1.015
-0.074 0.827 -1.038
-0.154 0.845 -0.987
-0.097 0.805 -0.987
-0.066 0.794 -0.959
-0.053 0.775 -0.988
-0.019 0.747 -0.995
-0.066 0.805 -1.018
0.034 0.097 -1.428
0.033 0.128 -1.428
0.112 0.566 -1.176
0.021 0.805 -1.095
0.051 0.068 -1.366
0.043 0.214 -1.382
-0.009 0.652 -1.021
0.036 0.091 -1.415
0.153 0.713 -1.115
0.020 0.696 -1.001
0.035 0.643 -1.022
0.057 0.350 -1.307
0.051 0.281 -1.344
0.087 0.488 -1.229
0.040 0.163 -1.371
0.044 0.201 -1.337
0.018 0.754 -1.038
0.049 0.304 -1.283
0.052 0.354 -1.262
0.052 0.290 -1.235
0.047 0.324 -1.182
0.052 0.437 -1.141
0.019 0.553 -1.057
0.103 0.616 -1.109
0.140 0.650 -1.105
0.087 0.713 -1.066
0.065 0.760 -1.085
-0.003 0.786 -1.054
0.051 0.356 -1.214
0.053 0.241 -1.257
0.050 0.390 -1.165
0.059 0.493 -1.138
0.040 0.120 -1.378
0.047 0.247 -1.313
0.059 0.425 -1.213
0.082 0.574 -1.126
0.046 0.488 -1.098
0.065 0.409 -1.270
0.052 0.149 -1.309
0.056 0.531 -1.096
0.083 0.523 -1.174
0.021 0.594 -1.039
0.066 0.472 -1.190
0.047 0.684 -1.030
0.078 0.641 -1.070
0.053 0.200 -1.281
0.051 0.581 -1.060
-0.489 0.742 -1.136
-0.405 0.788 -1.111
-0.466 0.754 -1.135
-0.502 0.735 -1.136
-0.470 0.682 -1.013
-0.454 0.743 -1.011
-0.354 0.803 -0.981
-0.391 0.799 -1.051
-0.406 0.780 -1.001
-0.485 0.714 -1.030
-0.487 0.747 -1.053
-0.492 0.741 -1.104
-0.517 0.694 -1.058
-0.271 0.720 -1.001
-0.252 0.695 -1.022
-0.164 0.696 -1.000
-0.125 0.688 -0.979
-0.367 0.714 -0.964
-0.289 0.847 -1.003
-0.345 0.707 -0.981
-0.355 0.782 -0.941
-0.328 0.825 -0.999
-0.319 0.734 -0.970
-0.097 0.803 -0.971
-0.310 0.785 -0.963
-0.192 0.706 -1.010
-0.107 0.757 -0.952
-0.247 0.840 -0.953
-0.155 0.737 -0.973
-0.169 0.778 -0.970
-0.227 0.718 -1.014
-0.279 0.753 -0.969
-0.251 0.792 -0.963
-0.216 0.760 -0.997
-0.197 0.836 -0.962
-0.137 0.827 -0.979
-0.282 0.813 -0.978
-0.377 0.028 -1.224
-0.434 0.062 -1.246
-0.313 0.692 -1.005
-0.223 0.088 -1.315
-0.392 0.637 -0.983
-0.180 0.057 -1.338
-0.087 0.106 -1.312
-0.075 0.574 -1.003
-0.142 0.655 -1.004
-0.469 0.154 -1.216
-0.339 0.036 -1.233
-0.299 0.669 -1.025
-0.106 0.157 -1.277
-0.084 0.326 -1.182
-0.423 0.544 -1.050
-0.248 0.053 -1.317
-0.080 0.414 -1.129
-0.100 0.438 -1.083
-0.191 0.644 -1.036
-0.121 0.260 -1.199
-0.165 0.229 -1.234
-0.087 0.211 -1.238
-0.309 0.067 -1.305
-0.386 0.424 -1.053
-0.098 0.359 -1.144
-0.437 0.088 -1.235
-0.374 0.352 -1.085
-0.170 0.581 -1.051
-0.161 0.176 -1.267
-0.173 0.129 -1.297
-0.111 0.068 -1.342
-0.151 0.092 -1.324
-0.092 0.531 -1.022
-0.409 0.309 -1.105
-0.415 0.559 -1.014
-0.396 0.520 -1.018
-0.429 0.224 -1.158
-0.429 0.482 -1.037
-0.372 0.482 -1.039
-0.183 0.276 -1.218
-0.141 0.602 -1.021
-0.356 0.663 -1.000
-0.344 0.598 -1.044
-0.324 0.629 -1.039
-0.254 0.122 -1.300
-0.096 0.608 -0.976
-0.440 0.266 -1.144
-0.393 0.263 -1.124
-0.367 0.226 -1.139
-0.345 0.274 -1.144
-0.131 0.297 -1.175
-0.173 0.337 -1.178
-0.256 0.657 -1.041
-0.091 0.480 -1.057
-0.194 0.488 -1.105
-0.144 0.445 -1.094
-0.144 0.515 -1.060
-0.380 0.097 -1.194
-0.327 0.187 -1.235
-0.342 0.147 -1.187
-0.335 0.094 -1.223
-0.318 0.131 -1.268
-0.255 0.183 -1.274
-0.437 0.170 -1.192
-0.422 0.381 -1.076
-0.359 0.303 -1.113
-0.335 0.315 -1.172
-0.348 0.366 -1.108
-0.329 0.463 -1.114
-0.332 0.413 -1.134
-0.354 0.430 -1.076
-0.368 0.551 -1.021
-0.223 0.223 -1.252
-0.388 0.163 -1.167
-0.113 0.400 -1.106
-0.134 0.357 -1.138
-0.343 0.199 -1.169
-0.329 0.249 -1.208
-0.273 0.505 -1.117
-0.266 0.455 -1.141
-0.341 0.513 -1.083
-0.282 0.239 -1.239
-0.246 0.612 -1.062
-0.326 0.550 -1.077
-0.216 0.346 -1.185
-0.309 0.357 -1.172
-0.273 0.389 -1.171
-0.224 0.406 -1.157
-0.278 0.308 -1.208
-0.220 0.560 -1.079
-0.284 0.570 -1.083
-0.180 0.417 -1.136
-0.234 0.295 -1.215
-0.395 0.658 -0.986
-0.386 0.587 -0.998
