-0.555 0.059 -1.289
-0.549 0.093 -1.270
-0.549 0.134 -1.261
-0.546 0.164 -1.243
-0.544 0.187 -1.240
-0.540 0.244 -1.208
-0.531 0.270 -1.220
-0.526 0.404 -1.133
-0.516 0.497 -1.093
-0.568 0.541 -1.200
-0.541 0.427 -1.264
-0.538 0.092 -1.380
-0.539 0.303 -1.310
-0.611 0.665 -1.143
-0.475 0.633 -1.036
-0.496 0.648 -1.044
-0.545 0.152 -1.372
-0.547 0.480 -1.235
-0.535 0.527 -1.183
-0.515 0.540 -1.087
-0.551 0.096 -1.287
-0.511 0.658 -1.067
-0.548 0.231 -1.341
-0.540 0.245 -1.300
-0.536 0.358 -1.288
-0.515 0.413 -1.185
-0.598 0.597 -1.152
-0.558 0.595 -1.137
-0.573 0.685 -1.110
-0.508 0.591 -1.061
-0.533 0.124 -1.326
-0.541 0.184 -1.335
-0.528 0.230 -1.265
-0.531 0.177 -1.286
-0.527 0.303 -1.251
-0.527 0.389 -1.246
-0.527 0.448 -1.216
-0.519 0.555 -1.127
-0.521 0.331 -1.215
-0.514 0.484 -1.149
-0.537 0.638 -1.100
-0.056 0.612 -1.000
-0.054 0.586 -1.026
-0.059 0.556 -1.044
-0.058 0.513 -1.068
-0.072 0.448 -1.103
-0.058 0.369 -1.154
-0.071 0.237 -1.208
-0.063 0.165 -1.248
-0.023 0.038 -1.311
0.038 0.032 -1.300
0.011 0.056 -1.289
0.036 0.077 -1.276
0.039 0.128 -1.252
0.036 0.225 -1.203
0.038 0.276 -1.177
0.027 0.347 -1.141
0.029 0.444 -1.097
-0.009 0.553 -1.069
-0.042 0.426 -1.129
-0.021 0.580 -1.061
0.000 0.407 -1.129
-0.060 0.059 -1.316
-0.006 0.093 -1.281
-0.062 0.135 -1.268
-0.008 0.253 -1.213
0.004 0.284 -1.193
-0.010 0.380 -1.148
-0.009 0.334 -1.170
-0.009 0.468 -1.106
-0.055 0.472 -1.103
-0.036 0.517 -1.088
-0.040 0.106 -1.290
-0.022 0.204 -1.240
0.018 0.194 -1.222
-0.011 0.144 -1.264
-0.048 0.273 -1.194
-0.411 0.639 -1.052
-0.411 0.602 -1.041
-0.418 0.580 -1.048
-0.439 0.483 -1.061
-0.460 0.424 -1.066
-0.459 0.350 -1.101
-0.457 0.307 -1.120
-0.435 0.124 -1.192
-0.447 0.105 -1.207
-0.548 0.112 -1.262
-0.544 0.206 -1.222
-0.540 0.230 -1.223
-0.537 0.273 -1.193
-0.535 0.302 -1.185
-0.533 0.322 -1.176
-0.533 0.339 -1.164
-0.531 0.355 -1.154
-0.528 0.375 -1.149
-0.521 0.436 -1.135
-0.520 0.462 -1.118
-0.515 0.464 -1.096
-0.506 0.533 -1.070
-0.488 0.560 -1.053
-0.439 0.638 -1.045
-0.501 0.439 -1.097
-0.426 0.626 -1.054
-0.464 0.037 -1.246
-0.478 0.088 -1.231
-0.514 0.169 -1.210
-0.460 0.466 -1.078
-0.469 0.512 -1.060
-0.497 0.047 -1.259
-0.502 0.254 -1.166
-0.465 0.203 -1.176
-0.508 0.295 -1.150
-0.439 0.533 -1.063
-0.470 0.385 -1.088
-0.493 0.336 -1.123
-0.524 0.093 -1.250
-0.516 0.214 -1.193
-0.514 0.387 -1.119
-0.502 0.129 -1.222
-0.444 0.586 -1.057
0.053 0.070 -1.301
0.040 0.103 -1.264
0.038 0.147 -1.241
0.039 0.171 -1.230
0.039 0.196 -1.218
0.036 0.250 -1.190
0.032 0.319 -1.155
0.035 0.372 -1.131
0.031 0.405 -1.114
0.020 0.431 -1.105
0.018 0.466 -1.090
0.019 0.492 -1.078
0.021 0.518 -1.067
-0.015 0.613 -1.047
-0.037 0.612 -1.024
-0.477 0.582 -1.045
-0.046 0.806 -1.053
-0.045 0.759 -0.983
0.010 0.733 -1.023
-0.078 0.826 -1.048
-0.154 0.845 -0.997
-0.098 0.807 -0.995
-0.066 0.798 -0.968
-0.054 0.777 -0.995
-0.021 0.749 -1.002
-0.069 0.806 -1.027
0.033 0.079 -1.403
0.032 0.109 -1.404
0.109 0.560 -1.176
0.014 0.803 -1.106
0.051 0.053 -1.340
0.042 0.197 -1.363
-0.012 0.653 -1.024
0.036 0.073 -1.390
0.143 0.713 -1.125
0.017 0.699 -1.007
0.032 0.645 -1.025
0.056 0.337 -1.295
0.050 0.267 -1.328
0.086 0.479 -1.224
0.039 0.147 -1.350
0.043 0.187 -1.317
0.013 0.755 -1.046
0.049 0.293 -1.268
0.051 0.343 -1.250
0.052 0.281 -1.220
0.046 0.318 -1.169
0.051 0.432 -1.134
0.018 0.552 -1.055
0.099 0.615 -1.112
0.134 0.650 -1.111
0.081 0.714 -1.075
0.058 0.759 -1.095
-0.008 0.785 -1.063
0.050 0.347 -1.202
0.053 0.231 -1.240
0.050 0.384 -1.155
0.058 0.488 -1.133
0.039 0.104 -1.354
0.047 0.234 -1.295
0.058 0.417 -1.204
0.079 0.571 -1.126
0.046 0.486 -1.093
0.064 0.398 -1.261
0.052 0.136 -1.287
0.055 0.529 -1.094
0.080 0.517 -1.172
0.019 0.594 -1.040
0.065 0.465 -1.185
0.043 0.686 -1.036
0.074 0.641 -1.075
0.053 0.189 -1.261
0.049 0.581 -1.060
-0.482 0.741 -1.146
-0.400 0.787 -1.120
-0.459 0.754 -1.144
-0.495 0.734 -1.146
-0.467 0.683 -1.019
-0.451 0.744 -1.019
-0.353 0.805 -0.990
-0.387 0.799 -1.061
-0.403 0.781 -1.011
-0.481 0.715 -1.038
-0.481 0.747 -1.063
-0.485 0.741 -1.114
-0.511 0.694 -1.066
-0.271 0.720 -1.004
-0.252 0.694 -1.024
-0.163 0.696 -1.002
-0.125 0.689 -0.981
-0.367 0.716 -0.969
-0.289 0.847 -1.013
-0.345 0.708 -0.985
-0.356 0.786 -0.949
-0.327 0.826 -1.009
-0.320 0.736 -0.975
-0.097 0.805 -0.980
-0.310 0.787 -0.970
-0.192 0.706 -1.012
-0.106 0.760 -0.958
-0.247 0.842 -0.963
-0.154 0.739 -0.976
-0.169 0.780 -0.975
-0.226 0.717 -1.016
-0.279 0.755 -0.973
-0.251 0.794 -0.969
-0.215 0.760 -1.001
-0.197 0.837 -0.970
-0.138 0.828 -0.988
-0.282 0.814 -0.986
-0.377 0.019 -1.197
-0.433 0.053 -1.222
-0.313 0.692 -1.007
-0.223 0.075 -1.291
-0.392 0.638 -0.983
-0.180 0.043 -1.312
-0.086 0.093 -1.288
-0.075 0.574 -1.000
-0.142 0.655 -1.004
-0.469 0.146 -1.197
-0.339 0.027 -1.207
-0.298 0.669 -1.026
-0.105 0.146 -1.256
-0.084 0.319 -1.168
-0.422 0.543 -1.048
-0.248 0.041 -1.291
-0.081 0.409 -1.119
-0.100 0.435 -1.074
-0.191 0.643 -1.035
-0.121 0.252 -1.182
-0.165 0.220 -1.216
-0.087 0.202 -1.219
-0.309 0.055 -1.280
-0.386 0.422 -1.045
-0.098 0.354 -1.131
-0.436 0.080 -1.212
-0.374 0.350 -1.073
-0.170 0.579 -1.048
-0.161 0.166 -1.247
-0.173 0.117 -1.275
-0.111 0.054 -1.316
-0.151 0.079 -1.300
-0.092 0.530 -1.017
-0.409 0.306 -1.092
-0.415 0.560 -1.012
-0.396 0.520 -1.014
-0.429 0.218 -1.141
-0.429 0.481 -1.032
-0.372 0.481 -1.033
-0.183 0.268 -1.202
-0.140 0.601 -1.019
-0.356 0.664 -1.002
-0.343 0.597 -1.043
-0.324 0.628 -1.039
-0.254 0.110 -1.278
-0.096 0.609 -0.974
-0.440 0.261 -1.129
-0.393 0.259 -1.109
-0.367 0.222 -1.122
-0.345 0.269 -1.129
-0.131 0.290 -1.161
-0.173 0.330 -1.166
-0.256 0.656 -1.042
-0.091 0.478 -1.050
-0.194 0.484 -1.099
-0.144 0.441 -1.086
-0.144 0.512 -1.054
-0.380 0.090 -1.171
-0.327 0.178 -1.216
-0.342 0.140 -1.167
-0.335 0.086 -1.199
-0.318 0.121 -1.246
-0.255 0.172 -1.255
-0.437 0.163 -1.173
-0.422 0.380 -1.066
-0.359 0.300 -1.099
-0.335 0.309 -1.158
-0.348 0.363 -1.097
-0.329 0.459 -1.107
-0.332 0.408 -1.125
-0.354 0.427 -1.067
-0.367 0.551 -1.018
-0.223 0.213 -1.235
-0.388 0.157 -1.147
-0.113 0.396 -1.095
-0.135 0.352 -1.125
-0.343 0.193 -1.151
-0.329 0.241 -1.192
-0.272 0.501 -1.112
-0.266 0.450 -1.134
-0.340 0.510 -1.078
-0.282 0.229 -1.223
-0.245 0.610 -1.061
-0.326 0.548 -1.074
-0.216 0.339 -1.173
-0.309 0.350 -1.161
-0.273 0.383 -1.161
-0.224 0.400 -1.148
-0.278 0.300 -1.194
-0.220 0.557 -1.076
-0.283 0.567 -1.081
-0.180 0.412 -1.126
-0.234 0.286 -1.200
-0.395 0.659 -0.988
-0.386 0.588 -0.997
