-0.554 0.049 -1.266
-0.548 0.084 -1.248
-0.547 0.125 -1.241
-0.545 0.156 -1.225
-0.543 0.180 -1.222
-0.538 0.238 -1.193
-0.529 0.263 -1.206
-0.524 0.402 -1.126
-0.514 0.497 -1.091
-0.562 0.536 -1.201
-0.536 0.417 -1.258
-0.534 0.077 -1.358
-0.536 0.291 -1.297
-0.601 0.665 -1.153
-0.472 0.635 -1.039
-0.493 0.650 -1.048
-0.541 0.138 -1.353
-0.542 0.473 -1.232
-0.530 0.522 -1.182
-0.513 0.539 -1.087
-0.549 0.086 -1.265
-0.507 0.658 -1.073
-0.544 0.219 -1.326
-0.537 0.235 -1.285
-0.532 0.348 -1.279
-0.513 0.408 -1.178
-0.591 0.596 -1.158
-0.552 0.593 -1.141
-0.565 0.685 -1.120
-0.505 0.592 -1.063
-0.531 0.112 -1.305
-0.538 0.172 -1.317
-0.526 0.221 -1.249
-0.528 0.167 -1.268
-0.525 0.295 -1.238
-0.524 0.380 -1.238
-0.523 0.441 -1.211
-0.514 0.552 -1.128
-0.519 0.324 -1.204
-0.511 0.480 -1.145
-0.531 0.637 -1.106
-0.056 0.613 -0.998
-0.055 0.586 -1.022
-0.060 0.555 -1.040
-0.058 0.512 -1.062
-0.072 0.445 -1.093
-0.058 0.364 -1.141
-0.070 0.229 -1.189
-0.062 0.156 -1.226
-0.022 0.026 -1.282
0.038 0.021 -1.270
0.012 0.045 -1.261
0.036 0.067 -1.249
0.039 0.119 -1.227
0.036 0.218 -1.183
0.038 0.271 -1.160
0.028 0.344 -1.127
0.029 0.443 -1.089
-0.010 0.553 -1.066
-0.042 0.423 -1.119
-0.022 0.579 -1.059
0.000 0.403 -1.119
-0.059 0.046 -1.288
-0.005 0.082 -1.255
-0.061 0.125 -1.244
-0.008 0.246 -1.195
0.004 0.278 -1.176
-0.010 0.375 -1.136
-0.008 0.329 -1.156
-0.009 0.465 -1.098
-0.055 0.470 -1.095
-0.037 0.515 -1.082
-0.040 0.095 -1.264
-0.022 0.195 -1.219
0.018 0.187 -1.201
-0.011 0.134 -1.240
-0.048 0.267 -1.177
-0.408 0.639 -1.053
-0.409 0.602 -1.041
-0.417 0.580 -1.046
-0.438 0.483 -1.056
-0.461 0.424 -1.058
-0.459 0.348 -1.090
-0.457 0.305 -1.107
-0.434 0.118 -1.170
-0.446 0.098 -1.184
-0.547 0.104 -1.241
-0.543 0.199 -1.205
-0.539 0.223 -1.208
-0.536 0.268 -1.179
-0.534 0.297 -1.173
-0.532 0.317 -1.164
-0.531 0.335 -1.153
-0.530 0.351 -1.144
-0.526 0.371 -1.141
-0.519 0.433 -1.129
-0.518 0.460 -1.114
-0.514 0.463 -1.092
-0.504 0.533 -1.069
-0.486 0.561 -1.053
-0.436 0.638 -1.047
-0.501 0.438 -1.091
-0.423 0.625 -1.055
-0.463 0.029 -1.220
-0.478 0.080 -1.208
-0.514 0.163 -1.191
-0.460 0.465 -1.072
-0.468 0.513 -1.057
-0.496 0.038 -1.234
-0.501 0.249 -1.151
-0.465 0.198 -1.158
-0.508 0.291 -1.137
-0.438 0.532 -1.060
-0.470 0.384 -1.078
-0.493 0.334 -1.112
-0.523 0.084 -1.228
-0.515 0.208 -1.176
-0.513 0.385 -1.111
-0.501 0.122 -1.201
-0.442 0.586 -1.057
0.053 0.058 -1.273
0.040 0.094 -1.238
0.038 0.138 -1.217
0.039 0.163 -1.208
0.039 0.188 -1.197
0.037 0.244 -1.172
0.033 0.314 -1.140
0.035 0.369 -1.119
0.031 0.403 -1.104
0.020 0.429 -1.096
0.018 0.465 -1.083
0.019 0.492 -1.073
0.020 0.518 -1.063
-0.016 0.613 -1.046
-0.037 0.613 -1.023
-0.475 0.583 -1.046
-0.050 0.805 -1.063
-0.046 0.763 -0.991
0.006 0.735 -1.030
-0.082 0.824 -1.059
-0.155 0.845 -1.007
-0.099 0.808 -1.004
-0.066 0.802 -0.977
-0.056 0.780 -1.003
-0.023 0.752 -1.009
-0.072 0.806 -1.037
0.034 0.061 -1.376
0.032 0.092 -1.378
0.107 0.556 -1.175
0.006 0.800 -1.117
0.052 0.039 -1.311
0.042 0.182 -1.341
-0.014 0.655 -1.025
0.036 0.057 -1.362
0.133 0.713 -1.135
0.015 0.702 -1.012
0.031 0.647 -1.027
0.056 0.326 -1.281
0.050 0.253 -1.311
0.085 0.471 -1.218
0.040 0.133 -1.326
0.044 0.174 -1.296
0.009 0.756 -1.055
0.049 0.283 -1.252
0.051 0.334 -1.236
0.052 0.274 -1.203
0.047 0.313 -1.154
0.051 0.429 -1.125
0.017 0.553 -1.052
0.095 0.614 -1.115
0.129 0.650 -1.117
0.074 0.714 -1.083
0.051 0.758 -1.105
-0.013 0.785 -1.073
0.050 0.341 -1.189
0.054 0.222 -1.220
0.050 0.380 -1.144
0.057 0.486 -1.128
0.040 0.089 -1.328
0.047 0.222 -1.276
0.058 0.410 -1.195
0.076 0.569 -1.126
0.045 0.485 -1.087
0.064 0.388 -1.251
0.052 0.125 -1.263
0.054 0.528 -1.091
0.079 0.513 -1.168
0.018 0.596 -1.039
0.064 0.459 -1.178
0.040 0.688 -1.041
0.070 0.642 -1.079
0.053 0.179 -1.240
0.048 0.582 -1.060
-0.475 0.740 -1.156
-0.394 0.785 -1.130
-0.452 0.752 -1.154
-0.488 0.733 -1.156
-0.464 0.686 -1.025
-0.448 0.746 -1.028
-0.352 0.807 -0.999
-0.384 0.798 -1.070
-0.401 0.783 -1.020
-0.477 0.716 -1.046
-0.476 0.747 -1.073
-0.479 0.740 -1.124
-0.505 0.695 -1.075
-0.271 0.721 -1.006
-0.251 0.694 -1.024
-0.163 0.697 -1.002
-0.124 0.691 -0.982
-0.368 0.720 -0.973
-0.289 0.847 -1.023
-0.345 0.711 -0.988
-0.357 0.790 -0.958
-0.326 0.826 -1.019
-0.320 0.739 -0.978
-0.097 0.808 -0.988
-0.310 0.790 -0.977
-0.192 0.706 -1.012
-0.105 0.764 -0.963
-0.247 0.846 -0.972
-0.154 0.741 -0.979
-0.168 0.782 -0.979
-0.226 0.717 -1.017
-0.279 0.758 -0.977
-0.251 0.797 -0.975
-0.215 0.761 -1.004
-0.197 0.840 -0.977
-0.138 0.829 -0.997
-0.282 0.816 -0.994
-0.377 0.013 -1.169
-0.433 0.046 -1.196
-0.312 0.693 -1.009
-0.222 0.064 -1.264
-0.392 0.641 -0.984
-0.180 0.031 -1.283
-0.086 0.082 -1.262
-0.075 0.575 -0.996
-0.141 0.656 -1.003
-0.468 0.140 -1.176
-0.339 0.020 -1.178
-0.298 0.669 -1.026
-0.105 0.136 -1.232
-0.084 0.314 -1.153
-0.421 0.543 -1.045
-0.248 0.030 -1.263
-0.081 0.405 -1.108
-0.099 0.433 -1.064
-0.190 0.643 -1.033
-0.121 0.246 -1.164
-0.165 0.212 -1.196
-0.087 0.194 -1.199
-0.308 0.044 -1.253
-0.387 0.423 -1.036
-0.098 0.350 -1.118
-0.436 0.073 -1.188
-0.374 0.349 -1.060
-0.169 0.578 -1.044
-0.160 0.157 -1.224
-0.172 0.106 -1.250
-0.110 0.041 -1.287
-0.150 0.068 -1.273
-0.091 0.531 -1.011
-0.410 0.304 -1.078
-0.415 0.561 -1.010
-0.396 0.522 -1.009
-0.429 0.215 -1.123
-0.429 0.483 -1.026
-0.372 0.482 -1.026
-0.182 0.261 -1.185
-0.140 0.601 -1.015
-0.356 0.666 -1.003
-0.343 0.597 -1.040
-0.323 0.628 -1.038
-0.253 0.100 -1.253
-0.095 0.611 -0.971
-0.440 0.258 -1.113
-0.394 0.257 -1.092
-0.368 0.219 -1.103
-0.345 0.265 -1.112
-0.131 0.285 -1.144
-0.173 0.324 -1.151
-0.255 0.655 -1.040
-0.091 0.477 -1.042
-0.194 0.481 -1.091
-0.144 0.439 -1.075
-0.144 0.511 -1.047
-0.380 0.085 -1.146
-0.327 0.171 -1.195
-0.342 0.135 -1.144
-0.335 0.079 -1.174
-0.318 0.112 -1.222
-0.254 0.163 -1.233
-0.437 0.158 -1.152
-0.422 0.379 -1.056
-0.359 0.298 -1.084
-0.334 0.304 -1.143
-0.348 0.361 -1.084
-0.329 0.456 -1.098
-0.331 0.405 -1.114
-0.355 0.426 -1.058
-0.367 0.552 -1.014
-0.223 0.205 -1.215
-0.389 0.153 -1.125
-0.113 0.393 -1.083
-0.134 0.348 -1.111
-0.343 0.189 -1.131
-0.329 0.235 -1.173
-0.272 0.498 -1.104
-0.266 0.446 -1.125
-0.340 0.509 -1.071
-0.281 0.222 -1.203
-0.245 0.609 -1.058
-0.325 0.547 -1.069
-0.216 0.334 -1.159
-0.309 0.345 -1.147
-0.273 0.378 -1.148
-0.224 0.395 -1.136
-0.278 0.293 -1.178
-0.219 0.555 -1.070
-0.283 0.565 -1.076
-0.180 0.408 -1.115
-0.234 0.280 -1.184
-0.396 0.662 -0.989
-0.386 0.591 -0.995
