-0.435 0.038 -0.200
-0.438 0.078 -0.198
-0.433 0.117 -0.206
-0.437 0.153 -0.206
-0.433 0.176 -0.211
-0.440 0.240 -0.212
-0.419 0.260 -0.219
-0.446 0.418 -0.222
-0.443 0.520 -0.226
-0.370 0.511 -0.333
-0.348 0.380 -0.305
-0.342 0.033 -0.230
-0.343 0.250 -0.277
-0.383 0.664 -0.354
-0.423 0.672 -0.207
-0.423 0.678 -0.235
-0.335 0.089 -0.253
-0.357 0.440 -0.314
-0.375 0.506 -0.293
-0.433 0.561 -0.235
-0.424 0.073 -0.207
-0.403 0.675 -0.254
-0.340 0.172 -0.271
-0.366 0.203 -0.253
-0.344 0.309 -0.286
-0.399 0.405 -0.243
-0.388 0.591 -0.347
-0.384 0.589 -0.305
-0.392 0.681 -0.322
-0.431 0.619 -0.233
-0.375 0.084 -0.215
-0.355 0.134 -0.246
-0.392 0.206 -0.222
-0.391 0.149 -0.215
-0.383 0.277 -0.242
-0.365 0.355 -0.272
-0.372 0.421 -0.279
-0.397 0.556 -0.260
-0.401 0.318 -0.230
-0.405 0.483 -0.247
-0.389 0.641 -0.279
-0.046 0.677 -0.111
-0.054 0.642 -0.120
-0.062 0.608 -0.118
-0.071 0.560 -0.119
-0.085 0.487 -0.108
-0.082 0.392 -0.119
-0.081 0.252 -0.089
-0.079 0.169 -0.092
-0.044 0.026 -0.105
0.012 0.026 -0.132
-0.010 0.052 -0.119
0.009 0.076 -0.136
0.009 0.132 -0.144
0.005 0.240 -0.153
0.005 0.297 -0.160
-0.003 0.376 -0.160
-0.005 0.481 -0.175
-0.046 0.592 -0.170
-0.071 0.453 -0.137
-0.056 0.620 -0.164
-0.034 0.434 -0.158
-0.081 0.043 -0.095
-0.030 0.089 -0.120
-0.080 0.133 -0.094
-0.043 0.261 -0.141
-0.031 0.297 -0.148
-0.045 0.402 -0.151
-0.043 0.351 -0.147
-0.045 0.499 -0.161
-0.078 0.507 -0.129
-0.066 0.553 -0.148
-0.067 0.097 -0.110
-0.054 0.205 -0.128
-0.010 0.205 -0.139
-0.040 0.141 -0.126
-0.067 0.289 -0.109
-0.369 0.676 -0.170
-0.387 0.646 -0.152
-0.392 0.623 -0.154
-0.424 0.528 -0.144
-0.453 0.472 -0.143
-0.452 0.390 -0.133
-0.450 0.345 -0.126
-0.439 0.152 -0.078
-0.439 0.127 -0.088
-0.438 0.098 -0.200
-0.442 0.199 -0.210
-0.432 0.221 -0.214
-0.443 0.273 -0.213
-0.440 0.302 -0.218
-0.440 0.325 -0.219
-0.445 0.345 -0.219
-0.447 0.363 -0.218
-0.443 0.384 -0.221
-0.433 0.446 -0.230
-0.438 0.477 -0.230
-0.451 0.489 -0.216
-0.443 0.563 -0.218
-0.437 0.597 -0.204
-0.392 0.675 -0.187
-0.450 0.467 -0.196
-0.381 0.662 -0.178
-0.436 0.048 -0.097
-0.441 0.097 -0.119
-0.448 0.175 -0.168
-0.431 0.504 -0.163
-0.435 0.552 -0.177
-0.438 0.047 -0.134
-0.453 0.271 -0.166
-0.448 0.226 -0.122
-0.455 0.314 -0.178
-0.409 0.572 -0.162
-0.456 0.427 -0.148
-0.456 0.365 -0.167
-0.443 0.088 -0.168
-0.450 0.222 -0.177
-0.455 0.410 -0.199
-0.445 0.136 -0.149
-0.401 0.623 -0.180
0.011 0.056 -0.159
0.011 0.105 -0.142
0.009 0.154 -0.144
0.008 0.180 -0.149
0.007 0.207 -0.152
0.005 0.267 -0.156
0.001 0.344 -0.160
0.000 0.401 -0.170
-0.003 0.439 -0.171
-0.012 0.466 -0.168
-0.015 0.504 -0.171
-0.015 0.532 -0.175
-0.015 0.560 -0.179
-0.050 0.656 -0.171
-0.049 0.666 -0.141
-0.431 0.621 -0.197
-0.120 0.811 -0.253
-0.051 0.827 -0.203
-0.047 0.771 -0.232
-0.141 0.820 -0.242
-0.157 0.847 -0.206
-0.112 0.838 -0.198
-0.073 0.837 -0.180
-0.071 0.829 -0.212
-0.044 0.805 -0.219
-0.113 0.823 -0.228
-0.064 0.009 -0.214
-0.076 0.034 -0.226
-0.063 0.539 -0.315
-0.132 0.782 -0.299
-0.006 0.021 -0.175
-0.077 0.131 -0.241
-0.042 0.702 -0.174
-0.052 0.012 -0.205
-0.085 0.712 -0.336
-0.026 0.748 -0.210
-0.016 0.689 -0.208
-0.078 0.286 -0.264
-0.077 0.208 -0.253
-0.072 0.444 -0.296
-0.053 0.096 -0.212
-0.046 0.146 -0.210
-0.068 0.777 -0.256
-0.050 0.262 -0.227
-0.054 0.314 -0.238
-0.013 0.278 -0.197
0.002 0.335 -0.178
-0.012 0.451 -0.207
-0.019 0.595 -0.182
-0.046 0.619 -0.293
-0.050 0.651 -0.332
-0.054 0.723 -0.288
-0.096 0.754 -0.298
-0.102 0.792 -0.266
-0.026 0.343 -0.212
-0.007 0.225 -0.189
-0.009 0.399 -0.200
-0.028 0.499 -0.232
-0.040 0.056 -0.199
-0.047 0.198 -0.218
-0.050 0.401 -0.244
-0.045 0.574 -0.271
-0.007 0.518 -0.201
-0.075 0.355 -0.272
-0.003 0.120 -0.178
-0.017 0.554 -0.223
-0.055 0.504 -0.277
-0.019 0.639 -0.189
-0.051 0.453 -0.255
-0.031 0.719 -0.236
-0.036 0.660 -0.263
-0.006 0.178 -0.184
-0.014 0.615 -0.219
-0.318 0.727 -0.332
-0.286 0.779 -0.297
-0.306 0.740 -0.325
-0.326 0.720 -0.335
-0.415 0.725 -0.215
-0.397 0.778 -0.243
-0.344 0.835 -0.203
-0.322 0.804 -0.264
-0.372 0.815 -0.238
-0.400 0.739 -0.249
-0.380 0.752 -0.280
-0.343 0.734 -0.311
-0.391 0.705 -0.268
-0.276 0.775 -0.109
-0.254 0.744 -0.105
-0.162 0.755 -0.101
-0.117 0.756 -0.100
-0.377 0.777 -0.129
-0.286 0.848 -0.222
-0.352 0.766 -0.125
-0.369 0.834 -0.166
-0.314 0.839 -0.218
-0.329 0.798 -0.125
-0.105 0.835 -0.182
-0.317 0.835 -0.159
-0.193 0.760 -0.104
-0.100 0.821 -0.133
-0.249 0.882 -0.181
-0.149 0.801 -0.114
-0.166 0.831 -0.138
-0.229 0.768 -0.108
-0.289 0.818 -0.126
-0.257 0.850 -0.146
-0.219 0.810 -0.124
-0.197 0.873 -0.176
-0.141 0.845 -0.191
-0.282 0.845 -0.179
-0.423 0.064 0.002
-0.435 0.076 -0.067
-0.317 0.745 -0.113
-0.227 0.075 -0.027
-0.407 0.704 -0.118
-0.187 0.035 -0.040
-0.100 0.087 -0.077
-0.060 0.645 -0.085
-0.136 0.718 -0.092
-0.445 0.166 -0.116
-0.388 0.071 0.020
-0.300 0.717 -0.105
-0.113 0.150 -0.066
-0.096 0.343 -0.092
-0.406 0.589 -0.144
-0.255 0.042 -0.021
-0.090 0.445 -0.098
-0.088 0.490 -0.067
-0.191 0.694 -0.095
-0.116 0.279 -0.051
-0.163 0.237 -0.037
-0.094 0.216 -0.074
-0.315 0.062 -0.019
-0.418 0.487 -0.075
-0.097 0.392 -0.073
-0.437 0.104 -0.073
-0.411 0.411 -0.055
-0.166 0.631 -0.084
-0.161 0.174 -0.039
-0.176 0.117 -0.037
-0.124 0.040 -0.068
-0.158 0.072 -0.049
-0.075 0.601 -0.071
-0.435 0.361 -0.075
-0.422 0.620 -0.125
-0.419 0.586 -0.098
-0.441 0.259 -0.082
-0.439 0.541 -0.120
-0.400 0.545 -0.078
-0.181 0.286 -0.038
-0.132 0.663 -0.081
-0.362 0.720 -0.119
-0.344 0.644 -0.110
-0.324 0.674 -0.109
-0.256 0.113 -0.024
-0.074 0.689 -0.073
-0.445 0.302 -0.100
-0.427 0.314 -0.054
-0.410 0.278 -0.028
-0.377 0.318 -0.035
-0.123 0.324 -0.047
-0.170 0.358 -0.047
-0.257 0.702 -0.098
-0.079 0.539 -0.073
-0.191 0.524 -0.074
-0.134 0.492 -0.058
-0.134 0.569 -0.068
-0.423 0.139 -0.013
-0.334 0.199 -0.039
-0.386 0.188 -0.003
-0.374 0.126 0.004
-0.325 0.135 -0.031
-0.255 0.179 -0.028
-0.442 0.196 -0.084
-0.440 0.436 -0.098
-0.398 0.357 -0.040
-0.340 0.339 -0.062
-0.374 0.414 -0.056
-0.329 0.495 -0.088
-0.333 0.442 -0.081
-0.380 0.483 -0.068
-0.388 0.614 -0.091
-0.223 0.223 -0.034
-0.426 0.207 -0.032
-0.101 0.447 -0.057
-0.124 0.395 -0.048
-0.382 0.242 -0.016
-0.333 0.265 -0.051
-0.271 0.533 -0.076
-0.265 0.479 -0.068
-0.342 0.552 -0.097
-0.281 0.244 -0.037
-0.245 0.653 -0.092
-0.324 0.588 -0.100
-0.215 0.363 -0.051
-0.308 0.376 -0.065
-0.272 0.408 -0.058
-0.222 0.428 -0.061
-0.277 0.319 -0.045
-0.218 0.599 -0.086
-0.282 0.605 -0.087
-0.176 0.447 -0.061
-0.233 0.304 -0.043
-0.401 0.720 -0.131
-0.406 0.655 -0.104
