-0.553 0.041 -1.240
-0.547 0.077 -1.224
-0.546 0.118 -1.219
-0.544 0.150 -1.205
-0.542 0.174 -1.203
-0.537 0.233 -1.177
-0.528 0.258 -1.191
-0.523 0.400 -1.118
-0.513 0.497 -1.087
-0.556 0.531 -1.202
-0.532 0.409 -1.251
-0.531 0.065 -1.333
-0.532 0.281 -1.284
-0.591 0.665 -1.163
-0.471 0.636 -1.040
-0.492 0.651 -1.051
-0.538 0.125 -1.331
-0.536 0.466 -1.228
-0.525 0.518 -1.181
-0.511 0.539 -1.085
-0.548 0.078 -1.241
-0.503 0.658 -1.076
-0.541 0.207 -1.308
-0.535 0.225 -1.269
-0.528 0.338 -1.268
-0.510 0.403 -1.170
-0.584 0.595 -1.164
-0.546 0.591 -1.145
-0.558 0.684 -1.128
-0.504 0.593 -1.064
-0.529 0.101 -1.282
-0.535 0.161 -1.297
-0.524 0.213 -1.232
-0.527 0.159 -1.248
-0.523 0.288 -1.225
-0.520 0.373 -1.229
-0.519 0.435 -1.205
-0.511 0.550 -1.127
-0.517 0.319 -1.191
-0.508 0.477 -1.141
-0.526 0.636 -1.110
-0.056 0.616 -0.996
-0.054 0.588 -1.019
-0.059 0.556 -1.034
-0.058 0.512 -1.054
-0.072 0.444 -1.083
-0.058 0.361 -1.127
-0.070 0.224 -1.168
-0.061 0.149 -1.201
-0.021 0.016 -1.250
0.039 0.012 -1.238
0.013 0.036 -1.230
0.037 0.059 -1.219
0.040 0.112 -1.201
0.037 0.214 -1.162
0.039 0.268 -1.142
0.028 0.342 -1.114
0.030 0.443 -1.080
-0.011 0.554 -1.063
-0.042 0.421 -1.108
-0.023 0.580 -1.056
0.001 0.402 -1.107
-0.058 0.036 -1.257
-0.004 0.074 -1.226
-0.060 0.117 -1.218
-0.007 0.240 -1.175
0.005 0.273 -1.159
-0.010 0.373 -1.123
-0.008 0.325 -1.141
-0.009 0.465 -1.090
-0.055 0.469 -1.086
-0.037 0.515 -1.075
-0.039 0.086 -1.237
-0.021 0.188 -1.197
0.019 0.181 -1.178
-0.010 0.126 -1.215
-0.047 0.262 -1.158
-0.407 0.640 -1.053
-0.408 0.604 -1.039
-0.416 0.582 -1.044
-0.438 0.484 -1.050
-0.461 0.425 -1.050
-0.459 0.348 -1.078
-0.457 0.304 -1.093
-0.435 0.114 -1.146
-0.446 0.093 -1.159
-0.546 0.097 -1.218
-0.542 0.194 -1.187
-0.537 0.218 -1.191
-0.535 0.263 -1.165
-0.533 0.293 -1.159
-0.531 0.314 -1.152
-0.530 0.332 -1.142
-0.529 0.348 -1.134
-0.525 0.369 -1.131
-0.518 0.431 -1.123
-0.517 0.459 -1.109
-0.513 0.463 -1.087
-0.503 0.534 -1.068
-0.485 0.563 -1.052
-0.435 0.639 -1.048
-0.500 0.438 -1.084
-0.422 0.626 -1.054
-0.463 0.023 -1.192
-0.477 0.074 -1.183
-0.513 0.158 -1.171
-0.459 0.466 -1.066
-0.467 0.514 -1.053
-0.495 0.031 -1.207
-0.501 0.246 -1.135
-0.465 0.195 -1.138
-0.507 0.289 -1.123
-0.437 0.533 -1.056
-0.470 0.385 -1.068
-0.493 0.333 -1.100
-0.522 0.078 -1.204
-0.515 0.204 -1.158
-0.513 0.384 -1.102
-0.501 0.117 -1.179
-0.441 0.587 -1.055
0.054 0.049 -1.243
0.041 0.086 -1.210
0.039 0.132 -1.191
0.040 0.158 -1.184
0.040 0.183 -1.174
0.038 0.240 -1.152
0.034 0.312 -1.124
0.036 0.367 -1.107
0.032 0.403 -1.094
0.021 0.429 -1.086
0.019 0.465 -1.075
0.019 0.493 -1.067
0.021 0.520 -1.058
-0.018 0.615 -1.045
-0.038 0.615 -1.021
-0.474 0.584 -1.045
-0.055 0.804 -1.073
-0.047 0.768 -0.998
0.003 0.737 -1.037
-0.086 0.823 -1.069
-0.155 0.846 -1.017
-0.100 0.810 -1.012
-0.066 0.806 -0.987
-0.056 0.783 -1.012
-0.025 0.755 -1.016
-0.075 0.806 -1.046
0.035 0.046 -1.346
0.033 0.077 -1.350
0.105 0.552 -1.174
-0.001 0.797 -1.128
0.053 0.027 -1.280
0.043 0.169 -1.318
-0.015 0.657 -1.026
0.037 0.043 -1.332
0.123 0.713 -1.145
0.013 0.706 -1.018
0.029 0.650 -1.030
0.056 0.315 -1.266
0.051 0.242 -1.292
0.084 0.465 -1.212
0.041 0.121 -1.300
0.045 0.163 -1.272
0.004 0.757 -1.063
0.050 0.274 -1.235
0.052 0.326 -1.222
0.053 0.268 -1.185
0.047 0.310 -1.139
0.051 0.428 -1.116
0.017 0.555 -1.049
0.092 0.614 -1.118
0.124 0.651 -1.122
0.069 0.715 -1.091
0.043 0.757 -1.115
-0.018 0.784 -1.083
0.051 0.336 -1.175
0.054 0.216 -1.200
0.050 0.377 -1.132
0.056 0.484 -1.122
0.041 0.077 -1.300
0.048 0.213 -1.255
0.058 0.404 -1.185
0.074 0.567 -1.125
0.045 0.486 -1.082
0.064 0.379 -1.239
0.053 0.116 -1.236
0.053 0.529 -1.087
0.078 0.509 -1.164
0.017 0.598 -1.039
0.064 0.455 -1.171
0.037 0.690 -1.047
0.067 0.643 -1.082
0.054 0.171 -1.216
0.047 0.583 -1.060
-0.469 0.740 -1.160
-0.393 0.785 -1.130
-0.448 0.752 -1.157
-0.482 0.733 -1.160
-0.464 0.687 -1.027
-0.447 0.747 -1.031
-0.352 0.809 -1.004
-0.383 0.798 -1.071
-0.401 0.784 -1.022
-0.475 0.717 -1.050
-0.474 0.747 -1.076
-0.474 0.740 -1.128
-0.502 0.695 -1.080
-0.270 0.722 -1.005
-0.250 0.695 -1.023
-0.162 0.699 -1.001
-0.121 0.694 -0.982
-0.367 0.724 -0.976
-0.289 0.847 -1.033
-0.344 0.713 -0.988
-0.355 0.794 -0.962
-0.326 0.827 -1.025
-0.319 0.742 -0.979
-0.097 0.811 -0.997
-0.309 0.793 -0.982
-0.190 0.708 -1.011
-0.103 0.768 -0.969
-0.246 0.849 -0.982
-0.152 0.744 -0.981
-0.167 0.785 -0.983
-0.225 0.718 -1.016
-0.278 0.762 -0.980
-0.250 0.801 -0.981
-0.214 0.762 -1.006
-0.195 0.843 -0.984
-0.138 0.830 -1.006
-0.281 0.818 -1.001
-0.378 0.009 -1.139
-0.433 0.041 -1.169
-0.312 0.696 -1.009
-0.221 0.055 -1.235
-0.392 0.645 -0.983
-0.179 0.021 -1.252
-0.085 0.073 -1.233
-0.074 0.578 -0.991
-0.140 0.658 -1.000
-0.468 0.136 -1.154
-0.339 0.015 -1.148
-0.297 0.670 -1.025
-0.104 0.129 -1.207
-0.083 0.310 -1.136
-0.420 0.544 -1.041
-0.247 0.021 -1.233
-0.080 0.403 -1.096
-0.098 0.433 -1.052
-0.189 0.643 -1.030
-0.120 0.241 -1.143
-0.164 0.206 -1.174
-0.086 0.188 -1.176
-0.308 0.036 -1.224
-0.387 0.424 -1.026
-0.097 0.347 -1.102
-0.436 0.068 -1.162
-0.375 0.349 -1.047
-0.169 0.578 -1.037
-0.159 0.150 -1.200
-0.171 0.098 -1.223
-0.109 0.031 -1.257
-0.149 0.058 -1.244
-0.090 0.533 -1.003
-0.410 0.304 -1.063
-0.415 0.564 -1.006
-0.396 0.525 -1.004
-0.429 0.213 -1.104
-0.429 0.485 -1.020
-0.372 0.484 -1.018
-0.181 0.255 -1.165
-0.139 0.603 -1.010
-0.356 0.669 -1.004
-0.342 0.598 -1.037
-0.323 0.629 -1.036
-0.252 0.091 -1.226
-0.093 0.615 -0.968
-0.440 0.257 -1.096
-0.395 0.256 -1.075
-0.368 0.218 -1.083
-0.345 0.263 -1.094
-0.130 0.281 -1.125
-0.172 0.320 -1.134
-0.254 0.656 -1.038
-0.090 0.478 -1.032
-0.193 0.480 -1.080
-0.143 0.438 -1.063
-0.143 0.511 -1.038
-0.381 0.082 -1.120
-0.326 0.165 -1.172
-0.343 0.132 -1.119
-0.335 0.075 -1.146
-0.317 0.105 -1.196
-0.253 0.155 -1.209
-0.437 0.155 -1.131
-0.423 0.380 -1.044
-0.360 0.297 -1.067
-0.334 0.301 -1.126
-0.348 0.360 -1.070
-0.328 0.454 -1.088
-0.331 0.403 -1.102
-0.355 0.427 -1.047
-0.368 0.555 -1.009
-0.222 0.198 -1.192
-0.390 0.151 -1.102
-0.112 0.392 -1.070
-0.133 0.346 -1.096
-0.344 0.186 -1.109
-0.329 0.230 -1.153
-0.271 0.495 -1.096
-0.265 0.443 -1.113
-0.340 0.508 -1.064
-0.280 0.215 -1.182
-0.244 0.608 -1.053
-0.324 0.546 -1.063
-0.215 0.329 -1.142
-0.308 0.341 -1.132
-0.272 0.374 -1.134
-0.223 0.392 -1.122
-0.277 0.288 -1.160
-0.218 0.555 -1.063
-0.282 0.564 -1.071
-0.179 0.405 -1.102
-0.233 0.274 -1.165
-0.395 0.666 -0.989
-0.386 0.594 -0.992
