-0.552 0.035 -1.213
-0.546 0.072 -1.199
-0.546 0.113 -1.196
-0.543 0.145 -1.183
-0.541 0.169 -1.183
-0.537 0.230 -1.160
-0.527 0.254 -1.175
-0.522 0.400 -1.110
-0.511 0.498 -1.085
-0.551 0.527 -1.202
-0.528 0.402 -1.244
-0.529 0.053 -1.307
-0.530 0.272 -1.269
-0.581 0.665 -1.173
-0.469 0.640 -1.044
-0.489 0.654 -1.057
-0.536 0.114 -1.308
-0.533 0.460 -1.224
-0.521 0.514 -1.179
-0.509 0.541 -1.085
-0.547 0.072 -1.216
-0.499 0.660 -1.084
-0.539 0.197 -1.290
-0.533 0.217 -1.251
-0.525 0.330 -1.256
-0.509 0.400 -1.162
-0.579 0.594 -1.169
-0.541 0.590 -1.149
-0.549 0.685 -1.139
-0.501 0.596 -1.067
-0.527 0.093 -1.258
-0.533 0.152 -1.276
-0.522 0.207 -1.214
-0.525 0.152 -1.227
-0.521 0.282 -1.210
-0.518 0.367 -1.219
-0.516 0.430 -1.198
-0.508 0.549 -1.127
-0.515 0.314 -1.179
-0.506 0.476 -1.137
-0.521 0.637 -1.116
-0.054 0.620 -0.993
-0.054 0.591 -1.014
-0.059 0.559 -1.028
-0.057 0.514 -1.046
-0.071 0.444 -1.071
-0.057 0.359 -1.111
-0.068 0.221 -1.146
-0.060 0.144 -1.175
-0.020 0.008 -1.217
0.041 0.005 -1.204
0.014 0.030 -1.198
0.039 0.053 -1.188
0.042 0.107 -1.173
0.039 0.211 -1.140
0.040 0.266 -1.123
0.030 0.342 -1.099
0.031 0.445 -1.071
-0.011 0.556 -1.058
-0.041 0.420 -1.096
-0.024 0.582 -1.053
0.001 0.402 -1.095
-0.057 0.028 -1.225
-0.003 0.068 -1.196
-0.059 0.111 -1.190
-0.006 0.237 -1.155
0.006 0.270 -1.139
-0.009 0.372 -1.109
-0.007 0.323 -1.124
-0.009 0.465 -1.081
-0.055 0.469 -1.076
-0.037 0.516 -1.068
-0.038 0.079 -1.207
-0.020 0.183 -1.173
0.020 0.178 -1.154
-0.009 0.120 -1.187
-0.046 0.259 -1.137
-0.404 0.641 -1.053
-0.407 0.606 -1.038
-0.415 0.584 -1.042
-0.438 0.486 -1.043
-0.461 0.428 -1.042
-0.460 0.349 -1.065
-0.458 0.304 -1.078
-0.435 0.112 -1.121
-0.447 0.091 -1.133
-0.545 0.092 -1.194
-0.541 0.190 -1.168
-0.537 0.214 -1.173
-0.534 0.261 -1.149
-0.532 0.290 -1.146
-0.530 0.312 -1.140
-0.530 0.331 -1.130
-0.528 0.347 -1.123
-0.524 0.368 -1.121
-0.516 0.431 -1.116
-0.515 0.459 -1.104
-0.512 0.464 -1.082
-0.502 0.536 -1.067
-0.484 0.566 -1.052
-0.432 0.642 -1.050
-0.499 0.439 -1.078
-0.420 0.628 -1.055
-0.463 0.019 -1.163
-0.477 0.071 -1.157
-0.513 0.155 -1.150
-0.459 0.468 -1.059
-0.467 0.517 -1.050
-0.495 0.027 -1.179
-0.501 0.245 -1.118
-0.465 0.193 -1.118
-0.507 0.288 -1.109
-0.436 0.535 -1.052
-0.470 0.387 -1.058
-0.493 0.333 -1.087
-0.522 0.074 -1.178
-0.515 0.202 -1.140
-0.512 0.385 -1.093
-0.500 0.114 -1.155
-0.439 0.589 -1.054
0.056 0.042 -1.212
0.042 0.081 -1.181
0.040 0.128 -1.165
0.041 0.154 -1.159
0.041 0.180 -1.150
0.039 0.238 -1.132
0.035 0.311 -1.108
0.037 0.368 -1.093
0.033 0.404 -1.082
0.022 0.430 -1.076
0.020 0.467 -1.067
0.020 0.495 -1.060
0.021 0.522 -1.053
-0.018 0.617 -1.044
-0.037 0.618 -1.019
-0.473 0.588 -1.046
-0.059 0.803 -1.083
-0.047 0.772 -1.005
0.001 0.740 -1.044
-0.090 0.822 -1.079
-0.155 0.846 -1.027
-0.101 0.812 -1.021
-0.066 0.811 -0.996
-0.058 0.786 -1.020
-0.027 0.759 -1.024
-0.077 0.806 -1.055
0.036 0.033 -1.314
0.035 0.063 -1.320
0.102 0.549 -1.173
-0.009 0.794 -1.139
0.054 0.018 -1.246
0.045 0.157 -1.293
-0.016 0.660 -1.027
0.039 0.030 -1.299
0.114 0.713 -1.155
0.011 0.710 -1.023
0.028 0.655 -1.033
0.056 0.307 -1.250
0.052 0.231 -1.271
0.083 0.459 -1.205
0.042 0.110 -1.272
0.046 0.154 -1.247
0.000 0.758 -1.072
0.050 0.267 -1.216
0.052 0.320 -1.206
0.053 0.264 -1.166
0.049 0.309 -1.123
0.051 0.427 -1.107
0.017 0.558 -1.046
0.088 0.615 -1.120
0.119 0.653 -1.129
0.063 0.716 -1.099
0.036 0.756 -1.125
-0.023 0.783 -1.092
0.051 0.332 -1.160
0.055 0.211 -1.178
0.051 0.376 -1.120
0.056 0.483 -1.116
0.042 0.066 -1.270
0.049 0.205 -1.233
0.058 0.400 -1.174
0.073 0.567 -1.124
0.046 0.487 -1.075
0.063 0.372 -1.227
0.055 0.110 -1.209
0.053 0.530 -1.084
0.076 0.506 -1.160
0.017 0.602 -1.038
0.063 0.452 -1.163
0.034 0.693 -1.052
0.064 0.645 -1.086
0.056 0.166 -1.192
0.046 0.586 -1.059
-0.460 0.737 -1.174
-0.384 0.782 -1.148
-0.439 0.749 -1.173
-0.473 0.730 -1.175
-0.461 0.692 -1.036
-0.443 0.751 -1.046
-0.351 0.812 -1.017
-0.377 0.797 -1.089
-0.398 0.786 -1.039
-0.470 0.720 -1.062
-0.466 0.747 -1.092
-0.465 0.738 -1.143
-0.495 0.696 -1.091
-0.270 0.725 -1.003
-0.250 0.697 -1.019
-0.161 0.702 -0.999
-0.120 0.699 -0.982
-0.370 0.729 -0.982
-0.289 0.847 -1.043
-0.345 0.718 -0.991
-0.359 0.800 -0.975
-0.324 0.828 -1.038
-0.321 0.747 -0.982
-0.097 0.814 -1.006
-0.311 0.797 -0.990
-0.190 0.710 -1.008
-0.101 0.774 -0.974
-0.247 0.853 -0.992
-0.151 0.748 -0.982
-0.166 0.788 -0.987
-0.225 0.720 -1.013
-0.280 0.767 -0.983
-0.251 0.805 -0.986
-0.214 0.765 -1.005
-0.195 0.846 -0.992
-0.138 0.832 -1.015
-0.282 0.821 -1.009
-0.379 0.007 -1.108
-0.434 0.038 -1.140
-0.312 0.699 -1.009
-0.220 0.048 -1.203
-0.394 0.650 -0.984
-0.177 0.014 -1.219
-0.083 0.066 -1.203
-0.072 0.582 -0.985
-0.139 0.662 -0.997
-0.469 0.134 -1.130
-0.340 0.013 -1.117
-0.297 0.672 -1.023
-0.103 0.123 -1.179
-0.082 0.308 -1.118
-0.420 0.547 -1.037
-0.246 0.014 -1.200
-0.079 0.403 -1.082
-0.097 0.434 -1.040
-0.189 0.645 -1.025
-0.118 0.239 -1.121
-0.163 0.202 -1.150
-0.085 0.184 -1.152
-0.306 0.030 -1.192
-0.389 0.428 -1.015
-0.096 0.347 -1.085
-0.437 0.065 -1.135
-0.376 0.352 -1.032
-0.168 0.580 -1.030
-0.158 0.144 -1.173
-0.170 0.092 -1.193
-0.108 0.023 -1.224
-0.148 0.051 -1.212
-0.088 0.537 -0.996
-0.412 0.306 -1.047
-0.416 0.569 -1.004
-0.398 0.529 -0.998
-0.430 0.213 -1.084
-0.430 0.489 -1.013
-0.374 0.487 -1.010
-0.180 0.251 -1.143
-0.138 0.606 -1.004
-0.357 0.672 -1.004
-0.342 0.600 -1.034
-0.322 0.631 -1.033
-0.251 0.085 -1.196
-0.091 0.620 -0.964
-0.441 0.257 -1.079
-0.396 0.257 -1.056
-0.370 0.218 -1.062
-0.346 0.263 -1.074
-0.129 0.279 -1.105
-0.171 0.318 -1.115
-0.253 0.657 -1.033
-0.088 0.481 -1.022
-0.192 0.479 -1.069
-0.142 0.439 -1.050
-0.141 0.513 -1.028
-0.382 0.081 -1.092
-0.325 0.161 -1.147
-0.344 0.131 -1.093
-0.336 0.072 -1.117
-0.316 0.100 -1.168
-0.252 0.150 -1.182
-0.438 0.154 -1.108
-0.424 0.383 -1.033
-0.361 0.299 -1.050
-0.333 0.299 -1.108
-0.349 0.361 -1.055
-0.327 0.454 -1.077
-0.330 0.402 -1.088
-0.355 0.429 -1.035
-0.368 0.559 -1.004
-0.220 0.193 -1.168
-0.391 0.151 -1.078
-0.110 0.393 -1.055
-0.132 0.345 -1.078
-0.344 0.186 -1.085
-0.328 0.227 -1.131
-0.269 0.495 -1.085
-0.263 0.442 -1.100
-0.339 0.509 -1.056
-0.279 0.211 -1.159
-0.243 0.609 -1.047
-0.324 0.547 -1.057
-0.214 0.326 -1.124
-0.307 0.339 -1.115
-0.270 0.372 -1.118
-0.222 0.390 -1.107
-0.276 0.284 -1.140
-0.218 0.555 -1.054
-0.281 0.565 -1.063
-0.178 0.404 -1.086
-0.232 0.270 -1.144
-0.396 0.670 -0.991
-0.387 0.599 -0.990
