-0.552 0.031 -1.185
-0.546 0.068 -1.173
-0.545 0.109 -1.173
-0.542 0.143 -1.161
-0.540 0.166 -1.162
-0.536 0.228 -1.143
-0.526 0.251 -1.159
-0.522 0.401 -1.102
-0.510 0.500 -1.082
-0.547 0.524 -1.202
-0.525 0.395 -1.235
-0.528 0.044 -1.280
-0.527 0.265 -1.254
-0.571 0.665 -1.183
-0.469 0.643 -1.047
-0.488 0.657 -1.061
-0.533 0.104 -1.284
-0.529 0.454 -1.219
-0.518 0.511 -1.177
-0.508 0.543 -1.084
-0.546 0.067 -1.190
-0.496 0.662 -1.088
-0.536 0.188 -1.271
-0.531 0.211 -1.233
-0.523 0.323 -1.244
-0.507 0.398 -1.153
-0.572 0.594 -1.176
-0.536 0.590 -1.152
-0.542 0.685 -1.147
-0.500 0.598 -1.069
-0.526 0.086 -1.233
-0.531 0.144 -1.254
-0.521 0.203 -1.195
-0.524 0.147 -1.205
-0.519 0.277 -1.196
-0.515 0.361 -1.209
-0.514 0.426 -1.192
-0.505 0.549 -1.127
-0.514 0.311 -1.166
-0.504 0.475 -1.132
-0.516 0.637 -1.121
-0.052 0.626 -0.990
-0.052 0.596 -1.010
-0.057 0.563 -1.022
-0.056 0.517 -1.038
-0.070 0.446 -1.059
-0.056 0.359 -1.095
-0.067 0.219 -1.121
-0.059 0.141 -1.147
-0.018 0.003 -1.181
0.042 0.001 -1.169
0.016 0.026 -1.164
0.040 0.050 -1.156
0.043 0.105 -1.144
0.040 0.210 -1.117
0.042 0.266 -1.104
0.032 0.343 -1.083
0.033 0.447 -1.062
-0.010 0.558 -1.053
-0.040 0.421 -1.083
-0.023 0.585 -1.049
0.003 0.403 -1.083
-0.055 0.022 -1.190
-0.001 0.064 -1.164
-0.057 0.108 -1.160
-0.004 0.235 -1.132
0.007 0.269 -1.119
-0.008 0.372 -1.094
-0.006 0.323 -1.107
-0.008 0.467 -1.072
-0.054 0.470 -1.065
-0.036 0.518 -1.060
-0.036 0.075 -1.176
-0.018 0.181 -1.148
0.022 0.176 -1.129
-0.007 0.117 -1.159
-0.045 0.258 -1.116
-0.403 0.644 -1.054
-0.407 0.610 -1.036
-0.414 0.587 -1.040
-0.439 0.490 -1.038
-0.462 0.432 -1.034
-0.461 0.352 -1.053
-0.458 0.307 -1.063
-0.436 0.112 -1.095
-0.448 0.090 -1.107
-0.545 0.088 -1.169
-0.541 0.188 -1.149
-0.536 0.211 -1.155
-0.533 0.260 -1.134
-0.531 0.289 -1.132
-0.529 0.311 -1.127
-0.529 0.330 -1.119
-0.527 0.348 -1.112
-0.524 0.368 -1.111
-0.515 0.431 -1.110
-0.514 0.460 -1.099
-0.512 0.467 -1.077
-0.501 0.539 -1.066
-0.484 0.569 -1.052
-0.432 0.645 -1.051
-0.499 0.441 -1.071
-0.419 0.631 -1.055
-0.464 0.017 -1.133
-0.478 0.069 -1.130
-0.513 0.154 -1.128
-0.459 0.471 -1.053
-0.467 0.520 -1.047
-0.495 0.024 -1.150
-0.501 0.245 -1.101
-0.466 0.194 -1.097
-0.507 0.289 -1.094
-0.436 0.538 -1.048
-0.471 0.390 -1.048
-0.493 0.335 -1.075
-0.522 0.071 -1.152
-0.515 0.201 -1.120
-0.512 0.387 -1.083
-0.501 0.112 -1.131
-0.438 0.592 -1.054
0.057 0.037 -1.179
0.044 0.078 -1.150
0.042 0.126 -1.137
0.043 0.152 -1.132
0.043 0.178 -1.126
0.041 0.237 -1.110
0.037 0.312 -1.091
0.039 0.369 -1.080
0.035 0.406 -1.071
0.024 0.433 -1.066
0.021 0.470 -1.059
0.021 0.498 -1.053
0.022 0.526 -1.048
-0.017 0.620 -1.042
-0.036 0.623 -1.016
-0.472 0.591 -1.046
-0.061 0.802 -1.086
-0.047 0.776 -1.009
0.000 0.743 -1.049
-0.092 0.819 -1.084
-0.155 0.846 -1.037
-0.101 0.814 -1.027
-0.066 0.815 -1.003
-0.058 0.789 -1.024
-0.026 0.762 -1.027
-0.078 0.807 -1.060
0.038 0.023 -1.280
0.036 0.052 -1.288
0.098 0.547 -1.172
-0.016 0.790 -1.145
0.056 0.012 -1.212
0.045 0.147 -1.267
-0.015 0.665 -1.027
0.040 0.020 -1.265
0.104 0.713 -1.165
0.013 0.714 -1.026
0.029 0.659 -1.034
0.056 0.299 -1.233
0.052 0.223 -1.249
0.080 0.455 -1.198
0.043 0.102 -1.243
0.047 0.147 -1.221
-0.002 0.759 -1.077
0.050 0.262 -1.196
0.052 0.315 -1.190
0.054 0.261 -1.147
0.050 0.309 -1.106
0.052 0.428 -1.097
0.018 0.562 -1.043
0.085 0.615 -1.124
0.114 0.654 -1.136
0.058 0.717 -1.106
0.030 0.755 -1.132
-0.027 0.783 -1.097
0.052 0.330 -1.144
0.056 0.208 -1.155
0.052 0.376 -1.107
0.056 0.484 -1.110
0.044 0.058 -1.238
0.049 0.198 -1.210
0.057 0.397 -1.163
0.071 0.567 -1.123
0.046 0.490 -1.069
0.062 0.366 -1.214
0.056 0.105 -1.180
0.053 0.532 -1.080
0.074 0.504 -1.155
0.019 0.606 -1.037
0.062 0.449 -1.155
0.034 0.696 -1.056
0.062 0.647 -1.090
0.057 0.162 -1.166
0.046 0.590 -1.059
-0.453 0.736 -1.178
-0.381 0.781 -1.148
-0.433 0.748 -1.175
-0.466 0.729 -1.179
-0.461 0.695 -1.039
-0.443 0.754 -1.049
-0.352 0.816 -1.022
-0.377 0.797 -1.089
-0.399 0.789 -1.041
-0.469 0.722 -1.067
-0.464 0.748 -1.096
-0.461 0.738 -1.147
-0.492 0.698 -1.096
-0.270 0.729 -1.002
-0.249 0.700 -1.016
-0.160 0.707 -0.996
-0.119 0.704 -0.980
-0.370 0.735 -0.985
-0.288 0.847 -1.053
-0.346 0.723 -0.993
-0.359 0.806 -0.980
-0.324 0.830 -1.044
-0.321 0.753 -0.985
-0.097 0.817 -1.012
-0.311 0.802 -0.995
-0.190 0.713 -1.005
-0.101 0.780 -0.978
-0.246 0.858 -1.003
-0.150 0.754 -0.982
-0.166 0.793 -0.990
-0.224 0.723 -1.010
-0.280 0.772 -0.986
-0.251 0.810 -0.992
-0.214 0.768 -1.005
-0.195 0.850 -1.001
-0.138 0.833 -1.024
-0.281 0.824 -1.016
-0.381 0.008 -1.076
-0.435 0.037 -1.111
-0.312 0.703 -1.008
-0.219 0.044 -1.170
-0.395 0.656 -0.984
-0.176 0.008 -1.184
-0.082 0.061 -1.170
-0.069 0.588 -0.980
-0.138 0.667 -0.993
-0.469 0.133 -1.106
-0.342 0.013 -1.083
-0.296 0.676 -1.020
-0.101 0.120 -1.150
-0.081 0.307 -1.098
-0.420 0.551 -1.034
-0.244 0.010 -1.165
-0.078 0.404 -1.067
-0.095 0.438 -1.026
-0.188 0.648 -1.020
-0.116 0.238 -1.097
-0.161 0.200 -1.123
-0.083 0.182 -1.125
-0.305 0.026 -1.158
-0.391 0.433 -1.004
-0.094 0.348 -1.067
-0.437 0.065 -1.106
-0.378 0.356 -1.017
-0.167 0.583 -1.022
-0.156 0.141 -1.143
-0.169 0.087 -1.162
-0.106 0.018 -1.189
-0.146 0.046 -1.178
-0.086 0.542 -0.988
-0.413 0.310 -1.031
-0.417 0.574 -1.001
-0.399 0.535 -0.993
-0.431 0.215 -1.064
-0.432 0.494 -1.007
-0.375 0.492 -1.001
-0.179 0.249 -1.118
-0.136 0.610 -0.998
-0.357 0.677 -1.004
-0.342 0.604 -1.029
-0.322 0.634 -1.029
-0.250 0.080 -1.164
-0.088 0.627 -0.960
-0.442 0.259 -1.061
-0.398 0.260 -1.037
-0.371 0.221 -1.040
-0.347 0.265 -1.053
-0.127 0.279 -1.083
-0.169 0.317 -1.094
-0.253 0.660 -1.028
-0.086 0.485 -1.011
-0.191 0.481 -1.056
-0.140 0.441 -1.036
-0.140 0.517 -1.017
-0.384 0.083 -1.064
-0.324 0.160 -1.120
-0.345 0.132 -1.066
-0.337 0.072 -1.087
-0.315 0.097 -1.138
-0.250 0.146 -1.153
-0.439 0.155 -1.084
-0.426 0.387 -1.021
-0.363 0.302 -1.031
-0.332 0.299 -1.088
-0.350 0.364 -1.039
-0.326 0.456 -1.065
-0.329 0.403 -1.073
-0.357 0.433 -1.023
-0.370 0.564 -0.999
-0.219 0.190 -1.141
-0.392 0.153 -1.054
-0.108 0.395 -1.039
-0.130 0.347 -1.059
-0.346 0.187 -1.061
-0.327 0.226 -1.108
-0.268 0.495 -1.073
-0.262 0.441 -1.086
-0.339 0.512 -1.047
-0.278 0.208 -1.133
-0.242 0.611 -1.039
-0.323 0.549 -1.049
-0.212 0.325 -1.103
-0.305 0.339 -1.097
-0.269 0.371 -1.100
-0.220 0.389 -1.089
-0.274 0.283 -1.118
-0.217 0.557 -1.045
-0.279 0.566 -1.055
-0.176 0.405 -1.070
-0.230 0.268 -1.120
-0.397 0.676 -0.993
-0.389 0.604 -0.987
