-0.552 0.028 -1.157
-0.546 0.066 -1.147
-0.545 0.107 -1.149
-0.542 0.141 -1.139
-0.539 0.165 -1.142
-0.535 0.228 -1.126
-0.525 0.250 -1.143
-0.521 0.402 -1.094
-0.510 0.502 -1.079
-0.541 0.521 -1.202
-0.522 0.390 -1.227
-0.526 0.036 -1.252
-0.525 0.258 -1.238
-0.561 0.665 -1.193
-0.469 0.647 -1.049
-0.488 0.660 -1.065
-0.531 0.096 -1.260
-0.525 0.450 -1.214
-0.514 0.509 -1.175
-0.507 0.545 -1.084
-0.546 0.065 -1.164
-0.495 0.664 -1.092
-0.534 0.181 -1.251
-0.529 0.205 -1.214
-0.520 0.317 -1.232
-0.506 0.397 -1.145
-0.565 0.594 -1.183
-0.532 0.590 -1.156
-0.536 0.685 -1.155
-0.499 0.601 -1.071
-0.524 0.081 -1.208
-0.529 0.137 -1.232
-0.520 0.199 -1.176
-0.523 0.143 -1.183
-0.517 0.274 -1.181
-0.513 0.357 -1.198
-0.511 0.423 -1.185
-0.503 0.549 -1.127
-0.513 0.310 -1.153
-0.502 0.475 -1.128
-0.513 0.638 -1.125
-0.049 0.633 -0.987
-0.049 0.602 -1.006
-0.055 0.568 -1.016
-0.054 0.521 -1.029
-0.068 0.449 -1.046
-0.054 0.361 -1.077
-0.065 0.219 -1.096
-0.057 0.140 -1.117
-0.017 0.001 -1.145
0.044 -0.001 -1.132
0.018 0.024 -1.129
0.042 0.049 -1.123
0.045 0.104 -1.114
0.042 0.211 -1.094
0.044 0.268 -1.084
0.033 0.346 -1.068
0.034 0.451 -1.053
-0.008 0.562 -1.048
-0.039 0.423 -1.070
-0.021 0.588 -1.044
0.004 0.405 -1.070
-0.054 0.019 -1.154
0.000 0.062 -1.131
-0.056 0.106 -1.128
-0.003 0.235 -1.109
0.008 0.270 -1.098
-0.006 0.374 -1.079
-0.005 0.324 -1.089
-0.007 0.470 -1.062
-0.052 0.473 -1.054
-0.035 0.521 -1.052
-0.035 0.072 -1.143
-0.017 0.179 -1.121
0.024 0.176 -1.103
-0.006 0.115 -1.129
-0.043 0.258 -1.093
-0.403 0.648 -1.054
-0.407 0.614 -1.035
-0.415 0.592 -1.038
-0.439 0.494 -1.032
-0.463 0.437 -1.026
-0.461 0.356 -1.041
-0.459 0.310 -1.049
-0.437 0.114 -1.069
-0.449 0.092 -1.080
-0.545 0.087 -1.144
-0.540 0.187 -1.129
-0.535 0.210 -1.137
-0.533 0.260 -1.118
-0.530 0.290 -1.118
-0.528 0.311 -1.114
-0.528 0.331 -1.107
-0.527 0.349 -1.101
-0.523 0.369 -1.102
-0.514 0.432 -1.103
-0.513 0.461 -1.094
-0.511 0.469 -1.073
-0.500 0.542 -1.064
-0.484 0.573 -1.052
-0.432 0.648 -1.052
-0.499 0.444 -1.065
-0.419 0.635 -1.055
-0.465 0.017 -1.103
-0.478 0.070 -1.102
-0.513 0.155 -1.106
-0.459 0.474 -1.047
-0.467 0.524 -1.044
-0.496 0.023 -1.120
-0.501 0.247 -1.084
-0.466 0.195 -1.077
-0.507 0.291 -1.080
-0.436 0.542 -1.045
-0.471 0.394 -1.038
-0.493 0.338 -1.063
-0.522 0.070 -1.126
-0.515 0.202 -1.101
-0.512 0.389 -1.075
-0.501 0.113 -1.106
-0.438 0.596 -1.053
0.059 0.035 -1.145
0.046 0.077 -1.119
0.044 0.126 -1.108
0.045 0.152 -1.105
0.045 0.179 -1.100
0.042 0.239 -1.089
0.039 0.315 -1.074
0.041 0.372 -1.066
0.037 0.409 -1.059
0.025 0.436 -1.056
0.023 0.474 -1.051
0.023 0.502 -1.047
0.025 0.530 -1.043
-0.015 0.624 -1.039
-0.033 0.628 -1.013
-0.473 0.595 -1.047
-0.061 0.801 -1.086
-0.046 0.778 -1.011
0.001 0.745 -1.051
-0.092 0.818 -1.085
-0.155 0.846 -1.046
-0.102 0.815 -1.031
-0.066 0.820 -1.008
-0.058 0.790 -1.026
-0.026 0.763 -1.029
-0.079 0.806 -1.061
0.039 0.014 -1.245
0.037 0.043 -1.254
0.093 0.545 -1.172
-0.022 0.789 -1.147
0.057 0.007 -1.176
0.045 0.139 -1.240
-0.011 0.669 -1.026
0.041 0.012 -1.230
0.094 0.713 -1.175
0.016 0.718 -1.029
0.032 0.662 -1.036
0.054 0.293 -1.215
0.051 0.215 -1.227
0.076 0.451 -1.191
0.044 0.095 -1.213
0.047 0.142 -1.193
-0.004 0.760 -1.079
0.050 0.258 -1.176
0.051 0.311 -1.173
0.055 0.260 -1.127
0.051 0.310 -1.089
0.053 0.430 -1.088
0.021 0.565 -1.039
0.082 0.616 -1.127
0.108 0.654 -1.145
0.055 0.718 -1.112
0.024 0.754 -1.137
-0.029 0.782 -1.099
0.052 0.329 -1.129
0.057 0.207 -1.132
0.052 0.378 -1.095
0.055 0.484 -1.104
0.045 0.052 -1.205
0.049 0.194 -1.186
0.056 0.395 -1.152
0.068 0.567 -1.123
0.048 0.493 -1.063
0.059 0.361 -1.201
0.058 0.102 -1.150
0.053 0.534 -1.077
0.071 0.503 -1.151
0.021 0.610 -1.035
0.060 0.448 -1.147
0.035 0.699 -1.059
0.061 0.649 -1.093
0.058 0.160 -1.140
0.048 0.593 -1.058
-0.447 0.735 -1.181
-0.379 0.779 -1.147
-0.427 0.746 -1.177
-0.459 0.728 -1.183
-0.462 0.699 -1.042
-0.445 0.757 -1.052
-0.352 0.820 -1.027
-0.377 0.797 -1.089
-0.400 0.793 -1.043
-0.469 0.725 -1.070
-0.463 0.750 -1.100
-0.456 0.738 -1.150
-0.490 0.699 -1.100
-0.269 0.733 -1.002
-0.249 0.704 -1.014
-0.160 0.712 -0.995
-0.118 0.711 -0.979
-0.370 0.741 -0.987
-0.289 0.847 -1.062
-0.345 0.729 -0.994
-0.358 0.813 -0.984
-0.324 0.832 -1.051
-0.320 0.759 -0.987
-0.098 0.821 -1.017
-0.310 0.808 -1.000
-0.189 0.718 -1.004
-0.101 0.787 -0.979
-0.246 0.862 -1.014
-0.150 0.760 -0.983
-0.166 0.799 -0.994
-0.224 0.728 -1.010
-0.280 0.778 -0.989
-0.251 0.816 -0.999
-0.213 0.773 -1.008
-0.195 0.855 -1.012
-0.139 0.834 -1.032
-0.281 0.827 -1.024
-0.383 0.011 -1.043
-0.436 0.038 -1.081
-0.311 0.707 -1.008
-0.217 0.041 -1.134
-0.396 0.662 -0.984
-0.174 0.005 -1.145
-0.080 0.059 -1.136
-0.066 0.595 -0.975
-0.137 0.673 -0.990
-0.470 0.135 -1.082
-0.344 0.015 -1.049
-0.296 0.680 -1.018
-0.100 0.118 -1.118
-0.079 0.308 -1.077
-0.421 0.555 -1.030
-0.243 0.008 -1.128
-0.076 0.407 -1.052
-0.092 0.443 -1.013
-0.187 0.653 -1.014
-0.114 0.239 -1.071
-0.159 0.200 -1.095
-0.081 0.182 -1.097
-0.304 0.024 -1.123
-0.393 0.439 -0.993
-0.092 0.350 -1.048
-0.439 0.066 -1.078
-0.380 0.361 -1.002
-0.165 0.587 -1.013
-0.155 0.140 -1.112
-0.167 0.085 -1.127
-0.105 0.014 -1.152
-0.145 0.043 -1.142
-0.083 0.549 -0.980
-0.415 0.315 -1.015
-0.418 0.580 -0.998
-0.401 0.541 -0.988
-0.432 0.218 -1.043
-0.433 0.500 -1.002
-0.377 0.498 -0.993
-0.177 0.249 -1.092
-0.135 0.616 -0.992
-0.357 0.682 -1.004
-0.341 0.608 -1.025
-0.321 0.638 -1.025
-0.248 0.078 -1.131
-0.085 0.636 -0.957
-0.443 0.263 -1.043
-0.400 0.265 -1.017
-0.374 0.225 -1.017
-0.348 0.269 -1.032
-0.125 0.281 -1.059
-0.168 0.318 -1.071
-0.252 0.663 -1.024
-0.083 0.491 -1.000
-0.189 0.484 -1.042
-0.138 0.445 -1.021
-0.138 0.522 -1.007
-0.386 0.086 -1.035
-0.324 0.160 -1.092
-0.347 0.135 -1.037
-0.338 0.074 -1.055
-0.314 0.097 -1.106
-0.249 0.144 -1.123
-0.440 0.157 -1.061
-0.427 0.393 -1.009
-0.365 0.306 -1.012
-0.332 0.300 -1.068
-0.351 0.368 -1.023
-0.325 0.458 -1.052
-0.328 0.405 -1.058
-0.358 0.437 -1.011
-0.371 0.569 -0.994
-0.217 0.188 -1.112
-0.395 0.157 -1.029
-0.106 0.400 -1.023
-0.128 0.350 -1.040
-0.347 0.190 -1.035
-0.326 0.227 -1.084
-0.267 0.497 -1.060
-0.261 0.442 -1.070
-0.338 0.515 -1.038
-0.276 0.207 -1.106
-0.241 0.614 -1.032
-0.322 0.552 -1.041
-0.211 0.326 -1.081
-0.304 0.340 -1.077
-0.267 0.371 -1.081
-0.218 0.390 -1.071
-0.272 0.282 -1.095
-0.215 0.560 -1.034
-0.278 0.569 -1.046
-0.175 0.407 -1.052
-0.229 0.268 -1.095
-0.397 0.682 -0.994
-0.390 0.611 -0.985
