-0.551 0.028 -1.130
-0.545 0.067 -1.121
-0.544 0.108 -1.126
-0.541 0.142 -1.118
-0.539 0.166 -1.122
-0.535 0.230 -1.109
-0.524 0.251 -1.127
-0.520 0.405 -1.086
-0.509 0.506 -1.076
-0.536 0.519 -1.202
-0.519 0.386 -1.219
-0.524 0.031 -1.224
-0.522 0.253 -1.223
-0.552 0.665 -1.203
-0.469 0.652 -1.052
-0.487 0.664 -1.069
-0.529 0.091 -1.236
-0.521 0.447 -1.209
-0.511 0.507 -1.173
-0.506 0.548 -1.083
-0.545 0.064 -1.139
-0.493 0.667 -1.096
-0.531 0.176 -1.231
-0.527 0.202 -1.196
-0.517 0.313 -1.219
-0.504 0.397 -1.137
-0.558 0.594 -1.189
-0.527 0.590 -1.159
-0.530 0.686 -1.164
-0.498 0.605 -1.073
-0.523 0.078 -1.182
-0.527 0.133 -1.210
-0.518 0.198 -1.157
-0.521 0.141 -1.161
-0.516 0.272 -1.166
-0.511 0.355 -1.188
-0.509 0.421 -1.178
-0.501 0.551 -1.127
-0.511 0.310 -1.140
-0.501 0.476 -1.124
-0.510 0.640 -1.130
-0.046 0.640 -0.985
-0.047 0.608 -1.002
-0.052 0.574 -1.011
-0.052 0.526 -1.021
-0.066 0.454 -1.033
-0.053 0.363 -1.060
-0.064 0.221 -1.069
-0.056 0.140 -1.086
-0.015 0.000 -1.106
0.046 -0.000 -1.095
0.019 0.025 -1.093
0.044 0.050 -1.089
0.047 0.106 -1.084
0.044 0.214 -1.070
0.045 0.271 -1.064
0.035 0.350 -1.053
0.036 0.456 -1.045
-0.007 0.566 -1.045
-0.038 0.426 -1.056
-0.020 0.593 -1.041
0.005 0.409 -1.057
-0.052 0.018 -1.117
0.002 0.063 -1.097
-0.055 0.106 -1.095
-0.002 0.236 -1.085
0.010 0.272 -1.077
-0.005 0.377 -1.064
-0.003 0.326 -1.071
-0.006 0.474 -1.053
-0.051 0.477 -1.044
-0.034 0.525 -1.045
-0.034 0.072 -1.108
-0.016 0.180 -1.093
0.026 0.178 -1.076
-0.004 0.116 -1.098
-0.042 0.260 -1.069
-0.403 0.653 -1.055
-0.408 0.620 -1.035
-0.415 0.598 -1.037
-0.440 0.500 -1.027
-0.464 0.443 -1.019
-0.462 0.361 -1.029
-0.460 0.315 -1.034
-0.439 0.118 -1.043
-0.450 0.096 -1.053
-0.544 0.087 -1.120
-0.540 0.189 -1.110
-0.534 0.211 -1.119
-0.532 0.262 -1.103
-0.530 0.291 -1.104
-0.527 0.313 -1.102
-0.527 0.334 -1.096
-0.526 0.351 -1.091
-0.522 0.372 -1.092
-0.513 0.435 -1.097
-0.512 0.464 -1.089
-0.510 0.473 -1.069
-0.500 0.546 -1.064
-0.484 0.578 -1.052
-0.432 0.653 -1.054
-0.498 0.449 -1.059
-0.419 0.639 -1.056
-0.466 0.020 -1.072
-0.479 0.072 -1.075
-0.513 0.157 -1.085
-0.459 0.480 -1.042
-0.467 0.529 -1.041
-0.497 0.025 -1.091
-0.501 0.251 -1.068
-0.467 0.199 -1.056
-0.507 0.295 -1.066
-0.436 0.548 -1.042
-0.472 0.400 -1.029
-0.494 0.343 -1.051
-0.522 0.072 -1.100
-0.514 0.205 -1.083
-0.511 0.393 -1.066
-0.501 0.115 -1.082
-0.438 0.601 -1.052
0.060 0.034 -1.110
0.048 0.078 -1.087
0.046 0.127 -1.079
0.046 0.154 -1.078
0.046 0.181 -1.075
0.044 0.241 -1.067
0.040 0.318 -1.057
0.042 0.376 -1.053
0.038 0.413 -1.049
0.027 0.440 -1.046
0.024 0.478 -1.043
0.025 0.507 -1.041
0.026 0.535 -1.039
-0.014 0.629 -1.038
-0.031 0.634 -1.012
-0.473 0.600 -1.048
-0.066 0.800 -1.101
-0.047 0.785 -1.022
-0.001 0.749 -1.059
-0.096 0.817 -1.100
-0.155 0.846 -1.057
-0.102 0.818 -1.043
-0.065 0.825 -1.021
-0.058 0.795 -1.038
-0.027 0.768 -1.038
-0.082 0.807 -1.075
0.038 0.007 -1.208
0.035 0.035 -1.219
0.086 0.542 -1.173
-0.027 0.786 -1.157
0.058 0.005 -1.140
0.043 0.132 -1.211
-0.010 0.674 -1.028
0.041 0.006 -1.194
0.084 0.713 -1.185
0.016 0.724 -1.036
0.032 0.668 -1.040
0.050 0.287 -1.197
0.048 0.209 -1.204
0.070 0.447 -1.184
0.043 0.090 -1.182
0.047 0.138 -1.165
-0.006 0.762 -1.088
0.048 0.255 -1.156
0.049 0.308 -1.156
0.055 0.261 -1.107
0.053 0.313 -1.072
0.053 0.433 -1.079
0.022 0.571 -1.037
0.077 0.616 -1.132
0.100 0.654 -1.155
0.050 0.719 -1.121
0.018 0.754 -1.147
-0.032 0.783 -1.108
0.051 0.329 -1.113
0.058 0.207 -1.108
0.053 0.380 -1.082
0.054 0.486 -1.099
0.045 0.048 -1.171
0.048 0.190 -1.161
0.053 0.394 -1.140
0.065 0.567 -1.124
0.049 0.497 -1.058
0.055 0.356 -1.187
0.059 0.101 -1.120
0.053 0.538 -1.075
0.067 0.501 -1.148
0.022 0.615 -1.036
0.057 0.446 -1.139
0.033 0.703 -1.066
0.057 0.651 -1.098
0.058 0.160 -1.114
0.048 0.597 -1.059
-0.439 0.732 -1.183
-0.376 0.775 -1.145
-0.420 0.743 -1.178
-0.451 0.725 -1.185
-0.463 0.704 -1.046
-0.447 0.763 -1.057
-0.352 0.825 -1.033
-0.377 0.797 -1.089
-0.403 0.799 -1.046
-0.470 0.729 -1.075
-0.463 0.753 -1.105
-0.452 0.737 -1.154
-0.489 0.702 -1.106
-0.268 0.739 -1.002
-0.247 0.709 -1.012
-0.158 0.719 -0.994
-0.115 0.719 -0.980
-0.368 0.748 -0.988
-0.289 0.847 -1.072
-0.344 0.736 -0.997
-0.357 0.820 -0.989
-0.325 0.834 -1.058
-0.319 0.766 -0.992
-0.098 0.824 -1.029
-0.310 0.814 -1.006
-0.188 0.724 -1.002
-0.099 0.794 -0.988
-0.244 0.866 -1.026
-0.148 0.767 -0.986
-0.164 0.805 -0.999
-0.222 0.733 -1.008
-0.279 0.785 -0.994
-0.250 0.822 -1.006
-0.212 0.778 -1.009
-0.193 0.859 -1.021
-0.138 0.836 -1.042
-0.280 0.831 -1.032
-0.386 0.016 -1.009
-0.438 0.042 -1.050
-0.310 0.713 -1.007
-0.216 0.041 -1.096
-0.396 0.670 -0.986
-0.173 0.004 -1.105
-0.079 0.059 -1.100
-0.063 0.604 -0.971
-0.135 0.679 -0.987
-0.471 0.139 -1.059
-0.347 0.020 -1.014
-0.294 0.685 -1.016
-0.098 0.119 -1.084
-0.077 0.311 -1.056
-0.421 0.561 -1.027
-0.242 0.008 -1.089
-0.074 0.411 -1.036
-0.089 0.449 -0.999
-0.185 0.658 -1.009
-0.112 0.242 -1.045
-0.158 0.201 -1.065
-0.080 0.184 -1.068
-0.303 0.025 -1.086
-0.395 0.446 -0.984
-0.090 0.355 -1.029
-0.440 0.070 -1.049
-0.383 0.369 -0.987
-0.163 0.593 -1.005
-0.153 0.140 -1.078
-0.166 0.085 -1.091
-0.103 0.013 -1.113
-0.143 0.042 -1.104
-0.080 0.557 -0.973
-0.417 0.321 -0.999
-0.420 0.587 -0.997
-0.403 0.549 -0.984
-0.434 0.224 -1.023
-0.435 0.507 -0.997
-0.379 0.505 -0.985
-0.175 0.251 -1.065
-0.132 0.623 -0.986
-0.356 0.689 -1.003
-0.340 0.613 -1.020
-0.320 0.643 -1.021
-0.247 0.078 -1.095
-0.081 0.645 -0.954
-0.445 0.268 -1.026
-0.402 0.272 -0.998
-0.377 0.232 -0.995
-0.350 0.274 -1.010
-0.122 0.285 -1.035
-0.166 0.321 -1.048
-0.250 0.668 -1.020
-0.081 0.498 -0.990
-0.187 0.488 -1.028
-0.135 0.451 -1.006
-0.135 0.528 -0.996
-0.389 0.092 -1.005
-0.323 0.162 -1.063
-0.349 0.140 -1.009
-0.340 0.079 -1.023
-0.313 0.098 -1.074
-0.247 0.145 -1.090
-0.441 0.162 -1.037
-0.429 0.400 -0.999
-0.367 0.313 -0.994
-0.331 0.304 -1.047
-0.352 0.374 -1.007
-0.324 0.462 -1.039
-0.327 0.409 -1.042
-0.359 0.444 -0.999
-0.373 0.577 -0.990
-0.216 0.189 -1.081
-0.397 0.163 -1.003
-0.103 0.406 -1.006
-0.125 0.354 -1.019
-0.350 0.196 -1.009
-0.325 0.230 -1.058
-0.265 0.500 -1.046
-0.259 0.445 -1.053
-0.337 0.520 -1.028
-0.274 0.209 -1.078
-0.240 0.619 -1.025
-0.321 0.557 -1.032
-0.209 0.328 -1.058
-0.303 0.342 -1.056
-0.266 0.374 -1.061
-0.217 0.393 -1.051
-0.271 0.284 -1.070
-0.214 0.564 -1.024
-0.277 0.572 -1.037
-0.173 0.411 -1.034
-0.227 0.269 -1.069
-0.397 0.690 -0.996
-0.392 0.619 -0.984
