-0.551 0.032 -1.104
-0.545 0.071 -1.097
-0.543 0.111 -1.104
-0.540 0.146 -1.098
-0.538 0.169 -1.103
-0.534 0.234 -1.093
-0.522 0.254 -1.112
-0.519 0.410 -1.080
-0.508 0.512 -1.075
-0.531 0.518 -1.202
-0.515 0.384 -1.211
-0.521 0.029 -1.197
-0.518 0.252 -1.208
-0.542 0.665 -1.213
-0.469 0.659 -1.057
-0.487 0.670 -1.074
-0.525 0.088 -1.212
-0.517 0.446 -1.205
-0.507 0.508 -1.172
-0.504 0.554 -1.084
-0.544 0.067 -1.114
-0.492 0.673 -1.102
-0.527 0.173 -1.213
-0.523 0.202 -1.179
-0.514 0.311 -1.208
-0.502 0.400 -1.129
-0.550 0.595 -1.196
-0.522 0.592 -1.163
-0.525 0.688 -1.173
-0.498 0.611 -1.076
-0.521 0.078 -1.158
-0.524 0.132 -1.189
-0.516 0.200 -1.139
-0.519 0.143 -1.140
-0.513 0.273 -1.152
-0.508 0.355 -1.179
-0.506 0.422 -1.172
-0.498 0.554 -1.127
-0.509 0.312 -1.128
-0.499 0.479 -1.121
-0.507 0.644 -1.135
-0.044 0.650 -0.986
-0.045 0.616 -1.001
-0.051 0.582 -1.007
-0.051 0.534 -1.015
-0.065 0.460 -1.021
-0.053 0.368 -1.042
-0.063 0.225 -1.041
-0.055 0.144 -1.053
-0.014 0.003 -1.066
0.047 0.003 -1.057
0.021 0.029 -1.055
0.045 0.054 -1.054
0.048 0.110 -1.053
0.045 0.219 -1.047
0.046 0.276 -1.045
0.036 0.356 -1.039
0.037 0.462 -1.038
-0.007 0.572 -1.042
-0.037 0.431 -1.043
-0.020 0.599 -1.040
0.006 0.414 -1.045
-0.052 0.020 -1.076
0.003 0.066 -1.062
-0.054 0.109 -1.060
-0.002 0.240 -1.061
0.010 0.276 -1.056
-0.005 0.382 -1.050
-0.003 0.331 -1.053
-0.005 0.479 -1.045
-0.050 0.483 -1.034
-0.033 0.531 -1.039
-0.033 0.074 -1.073
-0.016 0.183 -1.065
0.027 0.183 -1.050
-0.004 0.119 -1.066
-0.041 0.265 -1.045
-0.403 0.660 -1.056
-0.408 0.628 -1.035
-0.415 0.605 -1.037
-0.441 0.509 -1.023
-0.465 0.451 -1.013
-0.463 0.370 -1.019
-0.461 0.323 -1.021
-0.441 0.126 -1.018
-0.452 0.103 -1.027
-0.544 0.091 -1.097
-0.539 0.193 -1.093
-0.533 0.215 -1.102
-0.531 0.266 -1.089
-0.529 0.296 -1.092
-0.526 0.318 -1.090
-0.526 0.338 -1.085
-0.525 0.356 -1.082
-0.521 0.377 -1.084
-0.512 0.440 -1.092
-0.511 0.470 -1.086
-0.510 0.480 -1.065
-0.499 0.553 -1.064
-0.483 0.585 -1.054
-0.432 0.661 -1.057
-0.498 0.455 -1.054
-0.418 0.647 -1.057
-0.468 0.026 -1.042
-0.480 0.078 -1.049
-0.513 0.163 -1.065
-0.459 0.487 -1.037
-0.467 0.537 -1.040
-0.498 0.031 -1.063
-0.501 0.257 -1.052
-0.468 0.206 -1.036
-0.507 0.301 -1.053
-0.436 0.555 -1.040
-0.473 0.408 -1.021
-0.494 0.350 -1.041
-0.522 0.077 -1.075
-0.514 0.211 -1.065
-0.511 0.399 -1.059
-0.502 0.121 -1.059
-0.438 0.608 -1.053
0.061 0.037 -1.075
0.049 0.083 -1.054
0.047 0.132 -1.050
0.048 0.159 -1.051
0.047 0.186 -1.049
0.045 0.247 -1.045
0.041 0.324 -1.040
0.043 0.382 -1.041
0.039 0.419 -1.039
0.028 0.447 -1.037
0.025 0.484 -1.037
0.025 0.513 -1.037
0.027 0.541 -1.036
-0.014 0.635 -1.039
-0.030 0.642 -1.012
-0.473 0.607 -1.050
-0.068 0.800 -1.103
-0.042 0.791 -1.025
-0.001 0.753 -1.066
-0.096 0.816 -1.101
-0.155 0.846 -1.066
-0.102 0.821 -1.047
-0.065 0.831 -1.026
-0.056 0.800 -1.040
-0.024 0.774 -1.044
-0.081 0.808 -1.074
0.035 0.003 -1.170
0.032 0.030 -1.183
0.078 0.540 -1.174
-0.036 0.784 -1.164
0.058 0.005 -1.103
0.039 0.128 -1.182
-0.009 0.681 -1.032
0.039 0.003 -1.155
0.074 0.713 -1.195
0.017 0.730 -1.043
0.033 0.673 -1.046
0.045 0.284 -1.178
0.043 0.205 -1.180
0.064 0.444 -1.178
0.041 0.087 -1.150
0.044 0.137 -1.137
-0.009 0.764 -1.096
0.045 0.254 -1.135
0.045 0.307 -1.139
0.054 0.263 -1.087
0.053 0.318 -1.056
0.052 0.437 -1.071
0.022 0.577 -1.037
0.070 0.617 -1.138
0.090 0.653 -1.165
0.044 0.721 -1.130
0.010 0.754 -1.155
-0.037 0.783 -1.116
0.050 0.331 -1.098
0.057 0.209 -1.085
0.052 0.384 -1.071
0.051 0.488 -1.094
0.043 0.046 -1.136
0.045 0.189 -1.136
0.049 0.393 -1.130
0.060 0.568 -1.125
0.048 0.502 -1.055
0.050 0.353 -1.174
0.058 0.103 -1.089
0.051 0.542 -1.074
0.061 0.501 -1.145
0.023 0.621 -1.038
0.052 0.446 -1.132
0.032 0.707 -1.073
0.053 0.653 -1.105
0.058 0.162 -1.087
0.047 0.602 -1.062
-0.430 0.725 -1.183
-0.371 0.766 -1.140
-0.411 0.734 -1.175
-0.442 0.720 -1.186
-0.464 0.712 -1.052
-0.450 0.772 -1.064
-0.354 0.834 -1.041
-0.377 0.797 -1.089
-0.407 0.810 -1.053
-0.471 0.736 -1.082
-0.463 0.759 -1.113
-0.447 0.735 -1.157
-0.489 0.708 -1.113
-0.268 0.747 -1.002
-0.247 0.717 -1.009
-0.158 0.727 -0.992
-0.115 0.728 -0.980
-0.369 0.757 -0.993
-0.289 0.847 -1.082
-0.345 0.745 -1.000
-0.357 0.829 -0.997
-0.325 0.838 -1.066
-0.320 0.775 -0.996
-0.097 0.830 -1.034
-0.311 0.822 -1.014
-0.188 0.732 -1.000
-0.098 0.803 -0.991
-0.244 0.870 -1.039
-0.147 0.776 -0.988
-0.164 0.813 -1.004
-0.223 0.741 -1.006
-0.280 0.794 -0.998
-0.250 0.829 -1.014
-0.212 0.785 -1.010
-0.193 0.864 -1.033
-0.138 0.838 -1.050
-0.281 0.835 -1.040
-0.391 0.025 -0.976
-0.440 0.049 -1.021
-0.310 0.721 -1.007
-0.215 0.045 -1.057
-0.397 0.679 -0.988
-0.172 0.007 -1.064
-0.078 0.062 -1.062
-0.060 0.614 -0.969
-0.133 0.689 -0.985
-0.472 0.145 -1.036
-0.351 0.029 -0.978
-0.294 0.692 -1.013
-0.097 0.123 -1.050
-0.076 0.316 -1.034
-0.422 0.570 -1.026
-0.242 0.012 -1.048
-0.073 0.418 -1.021
-0.087 0.458 -0.986
-0.185 0.666 -1.004
-0.111 0.248 -1.017
-0.157 0.206 -1.034
-0.078 0.188 -1.037
-0.303 0.029 -1.047
-0.398 0.456 -0.975
-0.088 0.362 -1.010
-0.443 0.077 -1.022
-0.386 0.378 -0.973
-0.162 0.601 -0.998
-0.152 0.144 -1.044
-0.165 0.089 -1.054
-0.103 0.015 -1.073
-0.143 0.045 -1.065
-0.077 0.567 -0.967
-0.420 0.331 -0.984
-0.421 0.597 -0.996
-0.405 0.559 -0.981
-0.436 0.232 -1.003
-0.437 0.517 -0.993
-0.381 0.515 -0.979
-0.174 0.256 -1.037
-0.131 0.632 -0.981
-0.356 0.697 -1.004
-0.340 0.620 -1.017
-0.319 0.650 -1.018
-0.246 0.082 -1.058
-0.078 0.656 -0.953
-0.446 0.277 -1.009
-0.405 0.281 -0.980
-0.380 0.241 -0.973
-0.352 0.283 -0.989
-0.121 0.291 -1.010
-0.165 0.327 -1.025
-0.250 0.675 -1.015
-0.078 0.507 -0.980
-0.186 0.495 -1.015
-0.133 0.459 -0.992
-0.133 0.537 -0.986
-0.393 0.101 -0.976
-0.322 0.168 -1.033
-0.353 0.149 -0.980
-0.344 0.087 -0.990
-0.313 0.103 -1.040
-0.246 0.148 -1.057
-0.444 0.169 -1.014
-0.431 0.409 -0.989
-0.370 0.323 -0.976
-0.331 0.310 -1.026
-0.354 0.382 -0.991
-0.324 0.469 -1.027
-0.327 0.415 -1.027
-0.361 0.453 -0.988
-0.374 0.586 -0.986
-0.214 0.193 -1.050
-0.401 0.172 -0.979
-0.101 0.414 -0.990
-0.123 0.362 -0.999
-0.353 0.204 -0.983
-0.325 0.236 -1.033
-0.264 0.506 -1.034
-0.258 0.451 -1.037
-0.337 0.527 -1.020
-0.273 0.213 -1.047
-0.239 0.626 -1.017
-0.320 0.564 -1.025
-0.208 0.333 -1.034
-0.302 0.348 -1.036
-0.264 0.379 -1.041
-0.216 0.399 -1.032
-0.269 0.289 -1.045
-0.213 0.571 -1.014
-0.276 0.579 -1.028
-0.171 0.417 -1.017
-0.226 0.274 -1.042
-0.398 0.698 -0.999
-0.393 0.628 -0.983
