-0.550 0.038 -1.079
-0.544 0.078 -1.074
-0.542 0.118 -1.083
-0.539 0.153 -1.079
-0.536 0.176 -1.085
-0.532 0.241 -1.079
-0.520 0.260 -1.099
-0.518 0.418 -1.074
-0.507 0.519 -1.074
-0.529 0.518 -1.200
-0.510 0.385 -1.203
-0.516 0.031 -1.171
-0.513 0.252 -1.194
-0.532 0.665 -1.223
-0.469 0.667 -1.062
-0.487 0.678 -1.081
-0.520 0.089 -1.189
-0.514 0.446 -1.200
-0.504 0.510 -1.170
-0.503 0.561 -1.086
-0.543 0.073 -1.091
-0.491 0.679 -1.109
-0.522 0.174 -1.194
-0.519 0.204 -1.162
-0.509 0.312 -1.196
-0.499 0.404 -1.122
-0.542 0.597 -1.203
-0.519 0.595 -1.167
-0.519 0.690 -1.183
-0.497 0.618 -1.081
-0.517 0.082 -1.135
-0.519 0.134 -1.168
-0.513 0.204 -1.122
-0.517 0.147 -1.120
-0.510 0.277 -1.139
-0.504 0.357 -1.169
-0.502 0.424 -1.166
-0.496 0.559 -1.129
-0.506 0.317 -1.117
-0.496 0.484 -1.118
-0.504 0.648 -1.141
-0.043 0.660 -0.988
-0.045 0.626 -1.001
-0.051 0.591 -1.005
-0.051 0.543 -1.009
-0.065 0.469 -1.010
-0.053 0.376 -1.025
-0.063 0.233 -1.014
-0.055 0.152 -1.020
-0.015 0.010 -1.024
0.047 0.011 -1.018
0.021 0.036 -1.017
0.045 0.062 -1.019
0.048 0.118 -1.022
0.044 0.227 -1.024
0.046 0.284 -1.026
0.036 0.364 -1.025
0.036 0.470 -1.031
-0.009 0.579 -1.041
-0.039 0.439 -1.031
-0.022 0.606 -1.040
0.005 0.422 -1.034
-0.053 0.026 -1.034
0.002 0.073 -1.026
-0.055 0.116 -1.025
-0.003 0.246 -1.037
0.009 0.283 -1.035
-0.006 0.389 -1.036
-0.004 0.338 -1.035
-0.007 0.486 -1.038
-0.051 0.491 -1.025
-0.035 0.538 -1.034
-0.034 0.081 -1.035
-0.017 0.190 -1.036
0.026 0.190 -1.023
-0.005 0.126 -1.032
-0.041 0.272 -1.021
-0.402 0.669 -1.059
-0.408 0.638 -1.037
-0.416 0.615 -1.038
-0.441 0.519 -1.020
-0.466 0.462 -1.008
-0.464 0.380 -1.009
-0.462 0.334 -1.008
-0.443 0.137 -0.993
-0.454 0.113 -1.002
-0.543 0.098 -1.075
-0.537 0.200 -1.076
-0.531 0.221 -1.087
-0.530 0.273 -1.076
-0.527 0.303 -1.080
-0.525 0.325 -1.080
-0.525 0.345 -1.076
-0.524 0.364 -1.073
-0.520 0.384 -1.077
-0.510 0.446 -1.088
-0.510 0.476 -1.083
-0.509 0.487 -1.063
-0.498 0.561 -1.066
-0.483 0.593 -1.056
-0.432 0.669 -1.061
-0.498 0.464 -1.051
-0.418 0.655 -1.060
-0.470 0.036 -1.014
-0.482 0.088 -1.024
-0.513 0.171 -1.045
-0.460 0.497 -1.034
-0.467 0.546 -1.039
-0.498 0.039 -1.036
-0.501 0.266 -1.038
-0.469 0.216 -1.018
-0.507 0.310 -1.042
-0.436 0.565 -1.039
-0.474 0.418 -1.014
-0.494 0.359 -1.031
-0.522 0.085 -1.052
-0.514 0.219 -1.049
-0.510 0.408 -1.052
-0.502 0.130 -1.037
-0.438 0.617 -1.055
0.060 0.043 -1.039
0.049 0.090 -1.021
0.046 0.140 -1.020
0.047 0.166 -1.023
0.047 0.193 -1.024
0.045 0.254 -1.024
0.041 0.332 -1.025
0.042 0.390 -1.029
0.038 0.427 -1.030
0.027 0.455 -1.030
0.024 0.492 -1.032
0.024 0.521 -1.034
0.025 0.549 -1.035
-0.016 0.643 -1.042
-0.030 0.651 -1.015
-0.473 0.616 -1.053
-0.075 0.801 -1.123
-0.047 0.794 -1.045
-0.007 0.756 -1.083
-0.103 0.818 -1.119
-0.156 0.846 -1.077
-0.104 0.822 -1.063
-0.066 0.831 -1.045
-0.061 0.802 -1.061
-0.030 0.777 -1.062
-0.088 0.808 -1.095
0.030 0.002 -1.130
0.026 0.028 -1.145
0.068 0.538 -1.176
-0.043 0.784 -1.183
0.056 0.010 -1.064
0.033 0.126 -1.151
-0.011 0.689 -1.039
0.035 0.004 -1.116
0.064 0.713 -1.205
0.013 0.737 -1.057
0.030 0.681 -1.055
0.038 0.282 -1.159
0.037 0.203 -1.155
0.055 0.441 -1.171
0.037 0.088 -1.116
0.040 0.138 -1.107
-0.018 0.764 -1.113
0.040 0.255 -1.114
0.040 0.308 -1.122
0.052 0.268 -1.067
0.052 0.325 -1.040
0.049 0.442 -1.064
0.021 0.585 -1.038
0.061 0.617 -1.145
0.078 0.652 -1.176
0.034 0.721 -1.143
0.001 0.754 -1.170
-0.046 0.782 -1.134
0.046 0.335 -1.083
0.055 0.214 -1.061
0.050 0.389 -1.059
0.047 0.492 -1.091
0.039 0.048 -1.100
0.041 0.190 -1.110
0.044 0.395 -1.119
0.053 0.570 -1.128
0.046 0.509 -1.052
0.043 0.351 -1.160
0.056 0.108 -1.058
0.047 0.547 -1.074
0.053 0.501 -1.143
0.021 0.629 -1.043
0.046 0.447 -1.126
0.027 0.712 -1.085
0.047 0.656 -1.114
0.056 0.167 -1.060
0.044 0.608 -1.066
-0.424 0.724 -1.185
-0.371 0.765 -1.139
-0.406 0.733 -1.177
-0.435 0.719 -1.190
-0.465 0.721 -1.059
-0.453 0.783 -1.074
-0.355 0.844 -1.052
-0.377 0.797 -1.090
-0.409 0.822 -1.064
-0.472 0.744 -1.090
-0.462 0.764 -1.122
-0.443 0.737 -1.162
-0.488 0.714 -1.121
-0.269 0.759 -1.001
-0.248 0.727 -1.005
-0.157 0.738 -0.990
-0.113 0.739 -0.982
-0.371 0.768 -1.000
-0.289 0.848 -1.091
-0.346 0.756 -1.005
-0.359 0.840 -1.007
-0.326 0.842 -1.075
-0.322 0.786 -1.002
-0.098 0.830 -1.050
-0.312 0.833 -1.022
-0.188 0.743 -0.996
-0.096 0.810 -1.003
-0.243 0.875 -1.052
-0.145 0.787 -0.991
-0.162 0.822 -1.010
-0.223 0.751 -1.001
-0.282 0.805 -1.003
-0.251 0.838 -1.021
-0.212 0.796 -1.008
-0.192 0.869 -1.043
-0.139 0.839 -1.062
-0.281 0.841 -1.049
-0.397 0.039 -0.943
-0.443 0.060 -0.992
-0.311 0.732 -1.008
-0.216 0.053 -1.018
-0.399 0.691 -0.992
-0.173 0.015 -1.021
-0.079 0.069 -1.023
-0.059 0.626 -0.968
-0.133 0.700 -0.983
-0.474 0.155 -1.014
-0.357 0.042 -0.943
-0.294 0.703 -1.012
-0.098 0.130 -1.014
-0.077 0.325 -1.012
-0.422 0.580 -1.025
-0.243 0.021 -1.007
-0.073 0.427 -1.007
-0.086 0.469 -0.974
-0.185 0.676 -0.998
-0.110 0.258 -0.990
-0.157 0.215 -1.003
-0.079 0.197 -1.007
-0.304 0.038 -1.008
-0.401 0.469 -0.967
-0.088 0.372 -0.991
-0.445 0.088 -0.994
-0.389 0.391 -0.960
-0.162 0.612 -0.991
-0.153 0.153 -1.008
-0.165 0.097 -1.017
-0.104 0.022 -1.030
-0.143 0.052 -1.024
-0.075 0.580 -0.963
-0.423 0.343 -0.970
-0.422 0.608 -0.997
-0.407 0.571 -0.979
-0.439 0.243 -0.984
-0.438 0.528 -0.991
-0.384 0.527 -0.973
-0.174 0.264 -1.009
-0.130 0.644 -0.977
-0.357 0.708 -1.006
-0.340 0.631 -1.015
-0.319 0.660 -1.016
-0.246 0.090 -1.021
-0.075 0.668 -0.954
-0.448 0.288 -0.993
-0.409 0.294 -0.962
-0.385 0.255 -0.951
-0.355 0.295 -0.968
-0.120 0.302 -0.985
-0.165 0.336 -1.002
-0.250 0.685 -1.010
-0.077 0.519 -0.972
-0.186 0.505 -1.003
-0.132 0.471 -0.979
-0.132 0.548 -0.977
-0.398 0.114 -0.948
-0.323 0.177 -1.003
-0.357 0.162 -0.951
-0.348 0.099 -0.957
-0.314 0.113 -1.006
-0.246 0.156 -1.023
-0.446 0.180 -0.992
-0.434 0.421 -0.980
-0.374 0.335 -0.958
-0.332 0.320 -1.005
-0.356 0.394 -0.976
-0.324 0.478 -1.015
-0.327 0.425 -1.013
-0.363 0.465 -0.977
-0.376 0.598 -0.984
-0.215 0.201 -1.017
-0.405 0.185 -0.955
-0.100 0.425 -0.974
-0.123 0.373 -0.980
-0.357 0.217 -0.958
-0.326 0.245 -1.008
-0.264 0.515 -1.022
-0.257 0.460 -1.022
-0.337 0.537 -1.013
-0.273 0.222 -1.018
-0.239 0.636 -1.010
-0.320 0.573 -1.019
-0.208 0.342 -1.012
-0.302 0.357 -1.016
-0.264 0.387 -1.022
-0.215 0.408 -1.014
-0.269 0.297 -1.020
-0.213 0.581 -1.005
-0.275 0.588 -1.021
-0.171 0.427 -1.000
-0.226 0.283 -1.015
-0.399 0.709 -1.004
-0.395 0.640 -0.985
