-0.548 0.047 -1.056
-0.542 0.086 -1.053
-0.539 0.126 -1.064
-0.537 0.161 -1.061
-0.534 0.184 -1.068
-0.530 0.249 -1.065
-0.517 0.266 -1.086
-0.517 0.426 -1.070
-0.506 0.527 -1.075
-0.525 0.520 -1.201
-0.505 0.386 -1.197
-0.511 0.034 -1.146
-0.507 0.254 -1.180
-0.522 0.665 -1.233
-0.469 0.676 -1.069
-0.486 0.685 -1.088
-0.514 0.091 -1.167
-0.509 0.448 -1.197
-0.501 0.513 -1.170
-0.502 0.568 -1.088
-0.540 0.081 -1.070
-0.489 0.684 -1.117
-0.516 0.176 -1.177
-0.514 0.208 -1.146
-0.503 0.313 -1.186
-0.496 0.410 -1.117
-0.535 0.598 -1.210
-0.515 0.598 -1.172
-0.513 0.692 -1.193
-0.496 0.626 -1.086
-0.513 0.087 -1.112
-0.514 0.137 -1.149
-0.510 0.210 -1.106
-0.513 0.153 -1.101
-0.506 0.282 -1.127
-0.499 0.360 -1.161
-0.498 0.427 -1.161
-0.493 0.564 -1.131
-0.503 0.323 -1.106
-0.494 0.490 -1.116
-0.501 0.652 -1.148
-0.042 0.670 -0.991
-0.045 0.636 -1.002
-0.051 0.601 -1.004
-0.052 0.552 -1.006
-0.067 0.479 -1.001
-0.056 0.385 -1.010
-0.065 0.244 -0.988
-0.058 0.162 -0.988
-0.017 0.020 -0.983
0.045 0.022 -0.979
0.019 0.047 -0.979
0.043 0.072 -0.983
0.045 0.128 -0.991
0.042 0.236 -1.001
0.043 0.293 -1.007
0.033 0.373 -1.012
0.034 0.477 -1.026
-0.010 0.586 -1.041
-0.041 0.447 -1.021
-0.023 0.614 -1.041
0.002 0.429 -1.024
-0.055 0.036 -0.992
-0.000 0.083 -0.989
-0.057 0.126 -0.989
-0.006 0.255 -1.014
0.006 0.292 -1.015
-0.009 0.397 -1.023
-0.007 0.346 -1.019
-0.009 0.494 -1.032
-0.053 0.500 -1.018
-0.037 0.546 -1.031
-0.037 0.090 -0.998
-0.020 0.199 -1.008
0.024 0.200 -0.996
-0.007 0.135 -1.000
-0.044 0.282 -0.999
-0.403 0.677 -1.064
-0.409 0.647 -1.040
-0.416 0.624 -1.040
-0.442 0.529 -1.019
-0.467 0.473 -1.004
-0.466 0.392 -1.000
-0.464 0.345 -0.997
-0.446 0.150 -0.970
-0.457 0.125 -0.978
-0.541 0.107 -1.055
-0.536 0.208 -1.061
-0.529 0.229 -1.072
-0.528 0.281 -1.065
-0.525 0.310 -1.070
-0.523 0.332 -1.071
-0.524 0.353 -1.068
-0.522 0.372 -1.066
-0.518 0.392 -1.071
-0.509 0.453 -1.084
-0.509 0.484 -1.081
-0.509 0.496 -1.062
-0.498 0.569 -1.068
-0.483 0.602 -1.060
-0.432 0.678 -1.066
-0.498 0.473 -1.048
-0.418 0.664 -1.065
-0.472 0.048 -0.986
-0.483 0.099 -1.000
-0.513 0.181 -1.028
-0.460 0.506 -1.032
-0.468 0.556 -1.040
-0.499 0.050 -1.010
-0.502 0.276 -1.025
-0.470 0.227 -1.000
-0.507 0.320 -1.031
-0.437 0.574 -1.040
-0.475 0.429 -1.008
-0.495 0.370 -1.023
-0.522 0.095 -1.030
-0.514 0.228 -1.034
-0.510 0.417 -1.047
-0.503 0.140 -1.017
-0.438 0.625 -1.058
0.057 0.052 -1.003
0.046 0.100 -0.988
0.044 0.150 -0.991
0.045 0.176 -0.995
0.045 0.203 -0.998
0.042 0.264 -1.003
0.038 0.341 -1.010
0.040 0.398 -1.019
0.036 0.435 -1.022
0.025 0.462 -1.023
0.022 0.500 -1.028
0.022 0.528 -1.032
0.023 0.556 -1.035
-0.016 0.650 -1.045
-0.030 0.659 -1.018
-0.473 0.625 -1.057
-0.078 0.802 -1.127
-0.047 0.796 -1.048
-0.006 0.760 -1.087
-0.106 0.816 -1.125
-0.156 0.846 -1.086
-0.105 0.824 -1.068
-0.067 0.836 -1.052
-0.061 0.804 -1.063
-0.030 0.779 -1.066
-0.089 0.809 -1.097
0.024 0.004 -1.089
0.019 0.029 -1.105
0.055 0.536 -1.177
-0.049 0.783 -1.186
0.052 0.017 -1.025
0.025 0.126 -1.119
-0.009 0.696 -1.043
0.028 0.007 -1.075
0.054 0.713 -1.215
0.017 0.742 -1.064
0.031 0.685 -1.061
0.030 0.280 -1.140
0.029 0.203 -1.129
0.044 0.439 -1.165
0.030 0.091 -1.082
0.034 0.141 -1.077
-0.020 0.764 -1.116
0.034 0.257 -1.093
0.033 0.310 -1.105
0.048 0.274 -1.048
0.049 0.332 -1.025
0.045 0.447 -1.057
0.020 0.591 -1.040
0.053 0.617 -1.151
0.064 0.649 -1.187
0.029 0.721 -1.150
-0.004 0.753 -1.176
-0.048 0.782 -1.138
0.041 0.339 -1.068
0.051 0.221 -1.038
0.046 0.395 -1.049
0.041 0.496 -1.088
0.034 0.052 -1.063
0.035 0.193 -1.084
0.037 0.396 -1.108
0.045 0.570 -1.130
0.043 0.515 -1.050
0.033 0.350 -1.146
0.053 0.115 -1.026
0.043 0.551 -1.075
0.044 0.500 -1.141
0.020 0.635 -1.046
0.038 0.448 -1.119
0.028 0.716 -1.092
0.044 0.658 -1.120
0.052 0.174 -1.033
0.041 0.612 -1.070
-0.419 0.724 -1.188
-0.371 0.765 -1.139
-0.402 0.733 -1.178
-0.429 0.719 -1.194
-0.465 0.729 -1.068
-0.453 0.792 -1.087
-0.355 0.852 -1.065
-0.377 0.797 -1.090
-0.409 0.832 -1.079
-0.472 0.751 -1.100
-0.460 0.768 -1.131
-0.439 0.739 -1.168
-0.486 0.719 -1.130
-0.272 0.768 -0.994
-0.250 0.737 -0.996
-0.159 0.747 -0.986
-0.114 0.749 -0.982
-0.373 0.778 -1.010
-0.289 0.848 -1.101
-0.348 0.765 -1.010
-0.362 0.850 -1.021
-0.326 0.845 -1.086
-0.325 0.796 -1.004
-0.099 0.833 -1.056
-0.314 0.839 -1.030
-0.190 0.752 -0.989
-0.097 0.817 -1.008
-0.243 0.873 -1.055
-0.146 0.795 -0.993
-0.163 0.826 -1.016
-0.226 0.761 -0.992
-0.285 0.813 -1.004
-0.252 0.841 -1.025
-0.214 0.804 -1.004
-0.194 0.868 -1.053
-0.139 0.840 -1.070
-0.282 0.842 -1.056
-0.403 0.055 -0.911
-0.447 0.073 -0.964
-0.313 0.741 -1.006
-0.218 0.064 -0.978
-0.401 0.702 -0.997
-0.176 0.025 -0.979
-0.081 0.079 -0.983
-0.058 0.637 -0.969
-0.134 0.710 -0.980
-0.476 0.167 -0.993
-0.363 0.058 -0.909
-0.296 0.712 -1.007
-0.100 0.141 -0.979
-0.078 0.335 -0.992
-0.423 0.590 -1.026
-0.246 0.033 -0.967
-0.074 0.437 -0.995
-0.086 0.481 -0.964
-0.187 0.686 -0.991
-0.112 0.270 -0.964
-0.159 0.227 -0.971
-0.081 0.208 -0.977
-0.306 0.050 -0.971
-0.404 0.482 -0.960
-0.089 0.383 -0.975
-0.448 0.101 -0.968
-0.393 0.405 -0.948
-0.163 0.623 -0.985
-0.155 0.164 -0.973
-0.167 0.107 -0.978
-0.106 0.032 -0.987
-0.146 0.062 -0.983
-0.074 0.591 -0.961
-0.427 0.357 -0.957
-0.424 0.619 -1.000
-0.410 0.583 -0.979
-0.442 0.257 -0.967
-0.440 0.540 -0.989
-0.386 0.540 -0.969
-0.176 0.275 -0.980
-0.130 0.655 -0.973
-0.359 0.718 -1.012
-0.341 0.640 -1.016
-0.320 0.670 -1.015
-0.249 0.101 -0.985
-0.074 0.680 -0.956
-0.451 0.300 -0.979
-0.413 0.308 -0.946
-0.390 0.270 -0.931
-0.359 0.309 -0.949
-0.121 0.314 -0.962
-0.166 0.347 -0.980
-0.253 0.695 -0.999
-0.077 0.530 -0.966
-0.186 0.515 -0.993
-0.132 0.482 -0.969
-0.132 0.560 -0.970
-0.404 0.130 -0.920
-0.326 0.189 -0.975
-0.363 0.177 -0.924
-0.353 0.114 -0.926
-0.317 0.125 -0.973
-0.248 0.167 -0.991
-0.449 0.193 -0.971
-0.436 0.434 -0.972
-0.378 0.350 -0.943
-0.333 0.331 -0.986
-0.359 0.407 -0.963
-0.324 0.488 -1.005
-0.328 0.436 -0.999
-0.366 0.478 -0.969
-0.378 0.609 -0.984
-0.216 0.212 -0.987
-0.410 0.200 -0.932
-0.100 0.438 -0.961
-0.123 0.386 -0.962
-0.361 0.232 -0.934
-0.328 0.256 -0.983
-0.264 0.525 -1.012
-0.258 0.469 -1.009
-0.338 0.547 -1.007
-0.275 0.233 -0.990
-0.241 0.645 -1.001
-0.320 0.583 -1.014
-0.209 0.353 -0.990
-0.303 0.368 -0.998
-0.265 0.397 -1.005
-0.216 0.418 -0.998
-0.271 0.308 -0.996
-0.214 0.592 -0.998
-0.276 0.598 -1.016
-0.172 0.438 -0.986
-0.228 0.293 -0.989
-0.401 0.720 -1.010
-0.397 0.651 -0.988
