-0.546 0.056 -1.034
-0.540 0.095 -1.033
-0.537 0.134 -1.046
-0.535 0.169 -1.045
-0.531 0.192 -1.053
-0.528 0.257 -1.054
-0.514 0.274 -1.074
-0.516 0.433 -1.067
-0.506 0.534 -1.076
-0.519 0.521 -1.204
-0.499 0.387 -1.191
-0.503 0.039 -1.121
-0.500 0.256 -1.167
-0.512 0.665 -1.243
-0.470 0.683 -1.076
-0.486 0.691 -1.097
-0.505 0.094 -1.146
-0.503 0.449 -1.194
-0.497 0.516 -1.171
-0.501 0.574 -1.092
-0.537 0.089 -1.049
-0.488 0.689 -1.125
-0.508 0.178 -1.160
-0.508 0.212 -1.131
-0.496 0.315 -1.176
-0.494 0.415 -1.112
-0.527 0.599 -1.218
-0.510 0.600 -1.178
-0.506 0.694 -1.203
-0.496 0.632 -1.092
-0.508 0.093 -1.091
-0.507 0.141 -1.130
-0.505 0.216 -1.091
-0.509 0.160 -1.083
-0.501 0.287 -1.115
-0.494 0.363 -1.154
-0.494 0.430 -1.158
-0.491 0.568 -1.134
-0.500 0.329 -1.097
-0.492 0.495 -1.115
-0.498 0.656 -1.156
-0.043 0.680 -0.996
-0.046 0.645 -1.006
-0.053 0.610 -1.005
-0.055 0.562 -1.005
-0.070 0.489 -0.995
-0.060 0.395 -0.997
-0.069 0.256 -0.963
-0.062 0.174 -0.956
-0.021 0.033 -0.941
0.041 0.034 -0.940
0.015 0.060 -0.941
0.039 0.084 -0.948
0.041 0.139 -0.961
0.038 0.246 -0.979
0.039 0.303 -0.990
0.029 0.381 -1.001
0.030 0.484 -1.023
-0.013 0.593 -1.043
-0.045 0.455 -1.014
-0.024 0.621 -1.043
-0.002 0.437 -1.016
-0.060 0.048 -0.950
-0.004 0.095 -0.953
-0.061 0.138 -0.955
-0.011 0.264 -0.992
0.001 0.301 -0.996
-0.013 0.405 -1.013
-0.012 0.354 -1.004
-0.013 0.501 -1.028
-0.056 0.508 -1.013
-0.040 0.554 -1.029
-0.041 0.101 -0.961
-0.024 0.209 -0.981
0.020 0.211 -0.971
-0.012 0.146 -0.968
-0.048 0.293 -0.978
-0.403 0.685 -1.070
-0.410 0.656 -1.045
-0.417 0.633 -1.044
-0.444 0.540 -1.018
-0.470 0.485 -1.001
-0.468 0.403 -0.993
-0.466 0.357 -0.987
-0.450 0.164 -0.948
-0.460 0.139 -0.955
-0.539 0.115 -1.036
-0.534 0.216 -1.047
-0.526 0.237 -1.060
-0.526 0.289 -1.055
-0.524 0.318 -1.061
-0.522 0.340 -1.063
-0.522 0.361 -1.062
-0.521 0.379 -1.061
-0.517 0.399 -1.066
-0.508 0.460 -1.082
-0.508 0.491 -1.081
-0.509 0.504 -1.062
-0.498 0.576 -1.072
-0.483 0.609 -1.064
-0.432 0.685 -1.073
-0.498 0.482 -1.046
-0.419 0.671 -1.071
-0.474 0.061 -0.960
-0.484 0.111 -0.977
-0.513 0.191 -1.011
-0.461 0.516 -1.031
-0.469 0.565 -1.041
-0.500 0.062 -0.986
-0.502 0.287 -1.013
-0.472 0.239 -0.984
-0.507 0.330 -1.022
-0.438 0.583 -1.042
-0.477 0.440 -1.003
-0.496 0.380 -1.016
-0.521 0.105 -1.009
-0.513 0.238 -1.020
-0.510 0.426 -1.043
-0.503 0.151 -0.998
-0.438 0.633 -1.063
0.052 0.063 -0.967
0.042 0.112 -0.955
0.040 0.161 -0.963
0.040 0.187 -0.969
0.040 0.214 -0.974
0.038 0.274 -0.984
0.034 0.350 -0.997
0.036 0.406 -1.010
0.032 0.443 -1.016
0.021 0.470 -1.019
0.018 0.507 -1.026
0.019 0.535 -1.031
0.020 0.562 -1.036
-0.017 0.656 -1.049
-0.031 0.668 -1.022
-0.473 0.633 -1.063
-0.079 0.802 -1.128
-0.045 0.796 -1.051
-0.006 0.762 -1.094
-0.106 0.815 -1.127
-0.156 0.846 -1.096
-0.107 0.823 -1.072
-0.069 0.837 -1.055
-0.061 0.803 -1.065
-0.030 0.779 -1.070
-0.089 0.809 -1.097
0.015 0.008 -1.047
0.010 0.032 -1.066
0.042 0.533 -1.178
-0.055 0.785 -1.189
0.046 0.026 -0.986
0.016 0.127 -1.088
-0.008 0.702 -1.049
0.020 0.012 -1.034
0.044 0.712 -1.225
0.019 0.746 -1.072
0.031 0.689 -1.069
0.020 0.280 -1.121
0.019 0.203 -1.104
0.030 0.437 -1.158
0.022 0.095 -1.048
0.027 0.146 -1.047
-0.023 0.765 -1.122
0.026 0.260 -1.073
0.025 0.312 -1.089
0.042 0.280 -1.030
0.044 0.340 -1.011
0.040 0.453 -1.052
0.017 0.597 -1.042
0.044 0.616 -1.157
0.051 0.647 -1.196
0.024 0.722 -1.159
-0.011 0.754 -1.182
-0.051 0.783 -1.141
0.036 0.344 -1.055
0.045 0.228 -1.015
0.041 0.401 -1.040
0.035 0.499 -1.085
0.026 0.058 -1.025
0.027 0.197 -1.058
0.027 0.398 -1.099
0.037 0.571 -1.133
0.038 0.520 -1.049
0.022 0.349 -1.132
0.047 0.124 -0.995
0.038 0.555 -1.076
0.033 0.500 -1.139
0.019 0.640 -1.051
0.028 0.449 -1.113
0.028 0.719 -1.100
0.040 0.659 -1.127
0.046 0.182 -1.007
0.038 0.616 -1.075
-0.412 0.723 -1.191
-0.371 0.765 -1.139
-0.397 0.732 -1.180
-0.422 0.718 -1.198
-0.466 0.737 -1.077
-0.452 0.798 -1.100
-0.355 0.858 -1.080
-0.377 0.797 -1.090
-0.407 0.836 -1.094
-0.472 0.757 -1.111
-0.457 0.770 -1.141
-0.434 0.739 -1.175
-0.485 0.723 -1.139
-0.278 0.780 -0.994
-0.256 0.748 -0.991
-0.163 0.758 -0.979
-0.118 0.759 -0.977
-0.376 0.788 -1.022
-0.289 0.848 -1.111
-0.351 0.776 -1.018
-0.364 0.859 -1.037
-0.326 0.848 -1.097
-0.329 0.807 -1.013
-0.101 0.834 -1.060
-0.315 0.848 -1.042
-0.195 0.763 -0.982
-0.101 0.824 -1.010
-0.240 0.874 -1.073
-0.150 0.802 -0.993
-0.166 0.826 -1.022
-0.231 0.772 -0.987
-0.288 0.824 -1.012
-0.255 0.848 -1.035
-0.219 0.812 -1.003
-0.194 0.867 -1.054
-0.141 0.839 -1.077
-0.283 0.847 -1.067
-0.411 0.072 -0.881
-0.451 0.087 -0.937
-0.316 0.752 -1.009
-0.223 0.078 -0.938
-0.404 0.713 -1.005
-0.180 0.039 -0.936
-0.085 0.092 -0.945
-0.059 0.648 -0.972
-0.137 0.721 -0.975
-0.478 0.179 -0.974
-0.371 0.076 -0.876
-0.299 0.723 -1.007
-0.104 0.155 -0.945
-0.082 0.346 -0.975
-0.425 0.599 -1.029
-0.250 0.047 -0.927
-0.078 0.447 -0.985
-0.088 0.494 -0.958
-0.192 0.697 -0.981
-0.115 0.284 -0.941
-0.162 0.240 -0.942
-0.084 0.221 -0.949
-0.311 0.065 -0.934
-0.408 0.496 -0.955
-0.092 0.396 -0.961
-0.452 0.115 -0.943
-0.398 0.420 -0.938
-0.166 0.634 -0.981
-0.158 0.178 -0.940
-0.171 0.121 -0.941
-0.111 0.045 -0.945
-0.150 0.076 -0.943
-0.076 0.603 -0.961
-0.431 0.372 -0.946
-0.426 0.630 -1.004
-0.413 0.596 -0.980
-0.446 0.271 -0.951
-0.443 0.552 -0.989
-0.390 0.553 -0.967
-0.180 0.289 -0.955
-0.132 0.666 -0.971
-0.361 0.728 -1.019
-0.343 0.651 -1.018
-0.322 0.680 -1.018
-0.252 0.114 -0.948
-0.074 0.691 -0.960
-0.454 0.314 -0.965
-0.418 0.323 -0.931
-0.396 0.286 -0.913
-0.364 0.324 -0.931
-0.124 0.328 -0.942
-0.169 0.360 -0.961
-0.257 0.706 -0.993
-0.079 0.542 -0.963
-0.188 0.527 -0.986
-0.134 0.495 -0.961
-0.134 0.572 -0.967
-0.411 0.147 -0.895
-0.330 0.203 -0.948
-0.370 0.194 -0.898
-0.360 0.131 -0.896
-0.321 0.139 -0.941
-0.252 0.180 -0.959
-0.452 0.207 -0.952
-0.440 0.448 -0.966
-0.384 0.365 -0.928
-0.337 0.344 -0.968
-0.364 0.421 -0.951
-0.327 0.500 -0.997
-0.331 0.447 -0.988
-0.370 0.491 -0.962
-0.381 0.622 -0.986
-0.220 0.225 -0.958
-0.417 0.216 -0.911
-0.102 0.451 -0.951
-0.126 0.399 -0.947
-0.368 0.248 -0.912
-0.331 0.269 -0.960
-0.267 0.535 -1.005
-0.261 0.480 -0.999
-0.340 0.558 -1.003
-0.278 0.245 -0.964
-0.244 0.656 -0.999
-0.323 0.594 -1.012
-0.212 0.365 -0.971
-0.306 0.380 -0.982
-0.268 0.409 -0.990
-0.219 0.430 -0.984
-0.274 0.320 -0.975
-0.216 0.603 -0.993
-0.278 0.608 -1.012
-0.174 0.450 -0.974
-0.231 0.306 -0.966
-0.403 0.730 -1.019
-0.400 0.663 -0.993
