-0.542 0.065 -1.014
-0.537 0.105 -1.015
-0.534 0.143 -1.030
-0.532 0.178 -1.031
-0.528 0.200 -1.040
-0.526 0.265 -1.043
-0.511 0.281 -1.064
-0.515 0.441 -1.065
-0.506 0.541 -1.079
-0.512 0.521 -1.207
-0.492 0.388 -1.186
-0.494 0.044 -1.098
-0.491 0.259 -1.155
-0.502 0.665 -1.253
-0.472 0.689 -1.084
-0.487 0.697 -1.105
-0.496 0.098 -1.125
-0.496 0.450 -1.193
-0.492 0.518 -1.172
-0.501 0.580 -1.096
-0.533 0.097 -1.031
-0.488 0.693 -1.134
-0.499 0.181 -1.144
-0.501 0.216 -1.117
-0.489 0.317 -1.167
-0.491 0.421 -1.108
-0.519 0.599 -1.226
-0.505 0.603 -1.185
-0.499 0.695 -1.214
-0.496 0.638 -1.099
-0.501 0.100 -1.070
-0.499 0.146 -1.112
-0.500 0.223 -1.077
-0.503 0.167 -1.067
-0.496 0.292 -1.105
-0.489 0.367 -1.147
-0.489 0.433 -1.155
-0.489 0.573 -1.138
-0.496 0.335 -1.089
-0.490 0.500 -1.116
-0.496 0.659 -1.164
-0.045 0.690 -1.003
-0.049 0.655 -1.011
-0.056 0.620 -1.009
-0.058 0.571 -1.005
-0.074 0.499 -0.991
-0.065 0.405 -0.987
-0.074 0.269 -0.941
-0.067 0.189 -0.928
-0.027 0.049 -0.903
0.035 0.050 -0.904
0.009 0.075 -0.906
0.033 0.099 -0.917
0.035 0.153 -0.933
0.032 0.258 -0.960
0.033 0.313 -0.976
0.023 0.391 -0.992
0.024 0.492 -1.021
-0.017 0.600 -1.046
-0.050 0.464 -1.008
-0.028 0.628 -1.047
-0.008 0.446 -1.011
-0.066 0.063 -0.912
-0.010 0.110 -0.921
-0.067 0.153 -0.924
-0.017 0.275 -0.973
-0.005 0.311 -0.981
-0.019 0.414 -1.004
-0.018 0.364 -0.992
-0.018 0.509 -1.026
-0.061 0.518 -1.011
-0.044 0.562 -1.029
-0.047 0.116 -0.928
-0.031 0.221 -0.956
0.014 0.224 -0.949
-0.018 0.159 -0.939
-0.053 0.305 -0.960
-0.405 0.693 -1.077
-0.412 0.665 -1.051
-0.419 0.642 -1.049
-0.446 0.550 -1.019
-0.472 0.496 -1.000
-0.471 0.415 -0.988
-0.469 0.370 -0.979
-0.454 0.179 -0.928
-0.463 0.154 -0.934
-0.536 0.125 -1.019
-0.531 0.225 -1.035
-0.524 0.245 -1.048
-0.524 0.297 -1.046
-0.522 0.326 -1.054
-0.520 0.348 -1.057
-0.521 0.369 -1.057
-0.520 0.387 -1.056
-0.516 0.407 -1.063
-0.506 0.467 -1.082
-0.507 0.497 -1.082
-0.509 0.511 -1.064
-0.499 0.583 -1.076
-0.485 0.617 -1.070
-0.434 0.692 -1.081
-0.499 0.490 -1.047
-0.421 0.679 -1.077
-0.476 0.075 -0.935
-0.486 0.124 -0.956
-0.513 0.202 -0.997
-0.463 0.526 -1.031
-0.470 0.574 -1.045
-0.500 0.074 -0.963
-0.503 0.297 -1.003
-0.474 0.252 -0.969
-0.508 0.340 -1.015
-0.439 0.592 -1.045
-0.479 0.452 -1.000
-0.497 0.390 -1.010
-0.520 0.116 -0.991
-0.513 0.249 -1.008
-0.510 0.434 -1.041
-0.503 0.163 -0.980
-0.440 0.641 -1.068
0.045 0.076 -0.934
0.036 0.126 -0.926
0.034 0.174 -0.937
0.035 0.200 -0.946
0.034 0.226 -0.953
0.032 0.285 -0.967
0.028 0.360 -0.986
0.030 0.415 -1.003
0.026 0.451 -1.011
0.015 0.478 -1.016
0.013 0.514 -1.025
0.014 0.542 -1.032
0.016 0.568 -1.038
-0.019 0.663 -1.055
-0.032 0.676 -1.029
-0.475 0.640 -1.069
-0.081 0.802 -1.130
-0.041 0.803 -1.056
-0.006 0.766 -1.102
-0.107 0.814 -1.129
-0.156 0.846 -1.106
-0.106 0.829 -1.076
-0.068 0.843 -1.061
-0.059 0.808 -1.068
-0.027 0.785 -1.076
-0.088 0.810 -1.097
0.004 0.016 -1.008
-0.002 0.038 -1.028
0.029 0.532 -1.180
-0.061 0.784 -1.192
0.038 0.038 -0.949
0.004 0.131 -1.058
-0.008 0.708 -1.057
0.010 0.021 -0.995
0.034 0.712 -1.235
0.021 0.750 -1.081
0.030 0.693 -1.077
0.008 0.281 -1.104
0.008 0.205 -1.080
0.018 0.436 -1.153
0.012 0.102 -1.016
0.017 0.153 -1.019
-0.025 0.767 -1.128
0.017 0.265 -1.054
0.016 0.315 -1.074
0.034 0.288 -1.013
0.037 0.349 -1.000
0.033 0.458 -1.049
0.014 0.603 -1.046
0.035 0.616 -1.163
0.040 0.646 -1.204
0.019 0.723 -1.167
-0.017 0.754 -1.188
-0.054 0.783 -1.145
0.028 0.350 -1.043
0.038 0.237 -0.995
0.034 0.408 -1.033
0.027 0.502 -1.085
0.017 0.067 -0.991
0.018 0.203 -1.035
0.018 0.401 -1.091
0.028 0.572 -1.136
0.033 0.526 -1.050
0.011 0.349 -1.120
0.039 0.135 -0.967
0.032 0.559 -1.079
0.022 0.501 -1.138
0.016 0.645 -1.057
0.018 0.451 -1.109
0.027 0.722 -1.109
0.034 0.660 -1.135
0.038 0.191 -0.983
0.033 0.619 -1.081
-0.406 0.723 -1.194
-0.371 0.766 -1.139
-0.392 0.732 -1.182
-0.416 0.717 -1.201
-0.469 0.743 -1.086
-0.453 0.803 -1.112
-0.355 0.861 -1.092
-0.377 0.797 -1.090
-0.405 0.837 -1.104
-0.474 0.761 -1.121
-0.453 0.770 -1.148
-0.429 0.739 -1.180
-0.485 0.726 -1.148
-0.280 0.791 -0.998
-0.258 0.759 -0.993
-0.166 0.770 -0.983
-0.121 0.772 -0.979
-0.378 0.799 -1.030
-0.289 0.848 -1.121
-0.353 0.786 -1.024
-0.365 0.868 -1.050
-0.326 0.848 -1.107
-0.331 0.817 -1.019
-0.100 0.840 -1.067
-0.317 0.855 -1.051
-0.197 0.775 -0.985
-0.102 0.835 -1.016
-0.243 0.873 -1.079
-0.152 0.814 -1.000
-0.168 0.838 -1.031
-0.233 0.784 -0.991
-0.290 0.833 -1.018
-0.256 0.853 -1.043
-0.220 0.823 -1.010
-0.197 0.867 -1.078
-0.140 0.843 -1.086
-0.284 0.849 -1.075
-0.419 0.092 -0.853
-0.455 0.103 -0.913
-0.319 0.763 -1.012
-0.228 0.095 -0.902
-0.406 0.724 -1.013
-0.186 0.057 -0.894
-0.091 0.108 -0.909
-0.061 0.660 -0.978
-0.140 0.733 -0.975
-0.480 0.193 -0.956
-0.380 0.096 -0.846
-0.302 0.734 -1.008
-0.109 0.170 -0.913
-0.087 0.359 -0.960
-0.427 0.609 -1.032
-0.256 0.065 -0.889
-0.082 0.459 -0.978
-0.091 0.507 -0.953
-0.195 0.709 -0.980
-0.119 0.300 -0.920
-0.167 0.257 -0.916
-0.089 0.236 -0.924
-0.316 0.082 -0.899
-0.413 0.511 -0.952
-0.096 0.409 -0.949
-0.456 0.131 -0.920
-0.404 0.436 -0.930
-0.168 0.646 -0.981
-0.163 0.194 -0.908
-0.177 0.138 -0.904
-0.116 0.061 -0.903
-0.155 0.093 -0.902
-0.078 0.616 -0.964
-0.436 0.386 -0.937
-0.430 0.642 -1.008
-0.417 0.608 -0.983
-0.451 0.285 -0.936
-0.447 0.564 -0.991
-0.395 0.567 -0.967
-0.184 0.304 -0.932
-0.134 0.678 -0.975
-0.363 0.738 -1.025
-0.345 0.662 -1.020
-0.324 0.691 -1.020
-0.257 0.131 -0.915
-0.076 0.704 -0.969
-0.458 0.327 -0.954
-0.424 0.339 -0.918
-0.403 0.303 -0.897
-0.370 0.340 -0.915
-0.128 0.344 -0.924
-0.173 0.375 -0.944
-0.261 0.717 -0.992
-0.081 0.555 -0.962
-0.191 0.539 -0.981
-0.137 0.508 -0.955
-0.137 0.585 -0.965
-0.419 0.166 -0.871
-0.335 0.219 -0.922
-0.377 0.212 -0.875
-0.368 0.150 -0.868
-0.326 0.155 -0.911
-0.256 0.195 -0.929
-0.456 0.222 -0.934
-0.445 0.461 -0.962
-0.390 0.381 -0.916
-0.341 0.358 -0.953
-0.369 0.436 -0.942
-0.331 0.512 -0.991
-0.335 0.460 -0.979
-0.375 0.505 -0.957
-0.385 0.634 -0.989
-0.224 0.240 -0.931
-0.423 0.234 -0.891
-0.105 0.465 -0.943
-0.129 0.414 -0.935
-0.374 0.265 -0.891
-0.336 0.284 -0.940
-0.270 0.547 -1.000
-0.264 0.492 -0.992
-0.343 0.570 -1.000
-0.283 0.260 -0.940
-0.247 0.668 -0.996
-0.325 0.605 -1.010
-0.217 0.380 -0.952
-0.310 0.393 -0.968
-0.272 0.421 -0.976
-0.223 0.443 -0.971
-0.278 0.334 -0.956
-0.219 0.614 -0.992
-0.281 0.620 -1.010
-0.178 0.463 -0.965
-0.235 0.321 -0.945
-0.405 0.741 -1.027
-0.403 0.675 -0.998
